name,food_group,calories,fat,cholesterol,sodium,carbohydrate,fiber,sugar,protein,vitamind,calcium,iron,potassium,serving_description,serving_weight
Pillsbury Golden Layer Buttermilk Biscuits Artificial Flavor Refrigerated Dough,Baked Foods,307,13.24,0,1059,41.18,1.2,5.88,5.88,NULL,NULL,2.12,NULL,1 serving,34
Pillsbury Cinnamon Rolls With Icing Refrigerated Dough,Baked Foods,330,11.27,0,780,53.42,1.4,21.34,4.34,NULL,28,1.93,NULL,1 serving 1 roll with icing,44
Kraft Foods Shake N Bake Original Recipe Coating For Pork Dry,Baked Foods,377,3.7,NULL,2182,79.8,NULL,NULL,6.1,NULL,NULL,NULL,NULL,1 serving,28
George Weston Bakeries Thomas English Muffins,Baked Foods,232,1.8,NULL,345,46,NULL,NULL,8,NULL,180,1.4,NULL,1 serving,57
Waffles Buttermilk Frozen Ready-To-Heat,Baked Foods,273,9.22,15,621,41.05,2.2,4.3,6.58,NULL,279,6.04,126,1 waffle square,39
Waffle Buttermilk Frozen Ready-To-Heat Toasted,Baked Foods,309,9.49,13,710,48.39,2.6,4.41,7.42,0,299,6.59,138,1 oz,28
Waffle Buttermilk Frozen Ready-To-Heat Microwaved,Baked Foods,289,9.4,16,663,44.16,2.4,4.5,6.92,NULL,125,6.53,110,1 waffle,35
Waffle Plain Frozen Ready-To-Heat Microwave,Baked Foods,298,9.91,16,682,45.41,2.4,5.04,6.71,NULL,197,5.81,148,1 waffle round (4 inchdia),32
Pie Crust Cookie-Type Graham Cracker Ready Crust,Baked Foods,501,24.83,0,471,64.3,1.9,18.13,5.1,0,29,2.6,113,1 oz,28.4
Pie Crust Cookie-Type Chocolate Ready Crust,Baked Foods,484,22.42,0,503,64.48,2.7,26.31,6.08,0,32,4.3,187,1 crust,182
Dutch Apple Pie,Baked Foods,290,11.5,0,200,44.54,1.6,22.02,2.17,NULL,14,0.91,76,1/8 pie 1 pie (1/8 of 9 inch pie),131
Pie Crust Deep Dish Frozen Unbaked Made With Enriched Flour,Baked Foods,468,28.74,NULL,353,46.79,1.4,NULL,5.52,NULL,20,2.26,91,1 pie crust (average weight),225
Waffles Chocolate Chip Frozen Ready-To-Heat,Baked Foods,297,10.1,21,529,45.68,1.5,13.1,5.8,0.1,357,6.4,74,2 waffles,70
Tostada Shells Corn,Baked Foods,474,23.38,NULL,657,64.43,5.8,NULL,6.15,NULL,76,1.53,237,1 piece,12.3
Bread Salvadoran Sweet Cheese (Quesadilla Salvadorena),Baked Foods,374,17.12,59,510,47.84,0.7,24.9,7.12,0.3,73,0.98,350,1 serving (approximate serving size),55
Bread Pound Cake Type Pan De Torta Salvadoran,Baked Foods,390,17.45,NULL,390,51.29,1.7,18.1,7.06,NULL,46,2.2,210,1 serving,55
Pastry Pastelitos De Guava (Guava Pastries),Baked Foods,379,18.5,10,231,47.76,2.2,17,5.48,NULL,14,2.12,103,1 piece,86
Crackers Snack Goya Crackers,Baked Foods,433,13.35,NULL,665,64.35,3.8,2.35,14.25,NULL,16,5.66,124,1 serving (1 nlea serving - about 4 crackers),30
Crackers Cream Gamesa Sabrosas,Baked Foods,484,20.37,NULL,1148,64.55,2.4,9.37,7.01,NULL,26,7.38,129,11 crackers (1 nlea serving),31
Crackers Cream La Moderna Rikis Cream Crackers,Baked Foods,464,19.5,NULL,752,64.88,2.4,10.41,7.19,NULL,734,6.64,117,10 crackers (1 nlea serving),32
Bread White Wheat,Baked Foods,238,2.15,0,478,43.91,9.2,5,10.66,0,684,4.89,127,1 slice,28
Bagels Wheat,Baked Foods,250,1.53,0,439,48.89,4.1,6.12,10.2,0,20,2.76,165,1 bagel,98
Cream Puff Eclair Custard Or Cream Filled Iced,Baked Foods,334,18.52,66,265,37.43,0.9,22.05,4.41,0.3,35,0.95,68,4 oz,113
Tortillas Ready-To-Bake Or -Fry Flour Shelf Stable,Baked Foods,297,7.58,0,742,49.27,2.4,2.66,8.01,0,163,3.32,133,1 tortilla,49
Snacks Beef Jerky Chopped And Formed,Snacks,410,25.6,48,1785,11,1.8,9,33.2,0.3,20,5.42,597,1 oz,28.4
Snacks Corn-Based Extruded Chips Plain,Snacks,539,33.36,0,514,57.27,4,0.27,6.17,0,138,1.2,144,1 oz,28
Snacks Corn-Based Extruded Chips Barbecue-Flavor,Snacks,523,32.7,0,763,56.2,5.2,NULL,7,NULL,131,1.54,236,1 oz,28.4
Snacks Corn-Based Extruded Cones Plain,Snacks,510,26.9,0,1022,62.9,1.1,NULL,5.8,NULL,3,2.54,81,1 oz,28.4
Snacks Fruit Leather Pieces,Sweets,359,2.68,0,199,82.82,0,57.58,1,0,18,0.75,164,1 oz,28.4
Snacks Fruit Leather Rolls,Sweets,371,3,0,317,85.8,0,49.16,0.1,0,32,1.01,294,1 large,21
Snacks Granola Bars Hard Plain,Snacks,471,19.8,0,294,64.4,5.3,28.57,10.1,0,61,2.95,336,1 bar,21
Snacks Granola Bars Hard Almond,Snacks,495,25.5,0,256,62,4.8,NULL,7.7,NULL,32,2.5,273,1 oz,28.4
Snacks Granola Bars Soft Uncoated Raisin,Snacks,448,17.8,0,282,66.4,4.2,NULL,7.6,NULL,101,2.44,362,1 bar (1.5 oz),43
Snacks Granola Bars Soft Coated Milk Chocolate Coating Chocolate Chip,Snacks,466,24.9,5,200,63.8,3.4,NULL,5.8,NULL,103,2.33,313,1 bar (1.25 oz),35
Honey-Combed With Peanut Butter,Sweets,473,20.18,0,174,67.41,1.9,62.68,8.72,0,21,0.71,220,,NULL
Snacks Granola Bars Soft Coated Milk Chocolate Coating Peanut Butter,Snacks,508,31.1,12,193,53.4,2.8,23.74,10.2,0,108,1.45,339,1 oz,28.4
Snacks Granola Bars Soft Uncoated Peanut Butter And Chocolate Chip,Snacks,432,20,1,328,62.2,4.2,NULL,9.8,NULL,80,1.94,377,1 bar (1 oz),28
Snacks Popcorn Oil-Popped Microwave Regular Flavor No Trans Fat,Snacks,583,43.55,0,909,45.06,8.1,0.46,7.29,0,4,1.98,182,1 cup,11
Snacks Popcorn Cakes,Snacks,384,3.1,0,288,80.1,2.9,0.72,9.7,0,9,1.87,327,1 cake,10
Snacks Popcorn Caramel-Coated With Peanuts,Snacks,400,7.8,0,177,80.7,3.8,45.36,6.4,0,66,3.91,355,1 oz (approx 2/3 cup),28.4
Snacks Popcorn Caramel-Coated Without Peanuts,Snacks,431,12.8,0,206,79.1,5.2,53.19,3.8,0,43,1.74,109,1 oz,28.4
Snacks Potato Chips Made From Dried Potatoes Reduced Fat,Snacks,502,26.14,0,450,64.76,3.2,0.63,4.56,0,29,1.11,760,1 oz,28.4
Snacks Potato Chips Made From Dried Potatoes Sour-Cream And Onion-Flavor,Snacks,547,37,3,541,51.3,1.2,NULL,6.6,NULL,64,1.4,496,1 oz,28.4
Snacks Pretzels Hard Plain Salted,Snacks,384,2.93,0,1240,80.39,3.4,2.21,10.04,0,27,4.58,223,1 oz,28.4
Snacks Pretzels Hard Confectioners Coating Chocolate-Flavor,Snacks,457,16.7,0,569,70.9,2.4,38.8,7.5,0,74,2,225,1 oz,28.4
Snacks Rice Cakes Brown Rice Sesame Seed,Snacks,392,3.8,0,227,81.5,5.4,NULL,7.6,NULL,12,1.58,290,1 cake,9
Snacks Tortilla Chips Plain White Corn Salted,Snacks,472,20.68,0,328,67.78,5.4,0.78,7.1,0,106,1.52,182,1 oz,28.4
Snacks Tortilla Chips Nacho Cheese,Snacks,519,27.42,0,691,60.81,5.1,2.59,7.36,0,137,1.16,223,1 oz,28.4
Snacks Tortilla Chips Ranch-Flavor,Snacks,501,24.63,NULL,519,62.74,4,3.03,7.19,NULL,134,1.38,259,1 oz,28.4
Snacks Trail Mix Regular,Snacks,462,29.4,0,229,44.9,NULL,NULL,13.8,NULL,78,3.05,685,1 cup,150
Almond Joy Candy Bar,Sweets,479,26.93,4,142,59.51,5,48.34,4.13,NULL,64,1.27,254,1 package 1.76 oz,49
Twizzlers Cherry Bites,Sweets,338,1.7,0,261,79.38,0.1,NULL,2.97,NULL,12,0.55,14,18 pieces,40
Nestle Bit-O-Honey Candy Chews,Sweets,388,7.5,0,295,80.89,0.2,48,2,0,35,0.2,44,1 serving 6 pieces,40
Nestle Butterfinger Bar,Sweets,459,18.9,0,230,72.9,2,45.9,5.4,0,36,0.79,220,1 serving 2.1 oz bar,60
Caramels Chocolate-Flavor Roll,Sweets,387,3.31,2,44,87.73,0.1,56.32,1.59,0,36,0.8,116,1 piece,6.6
Baking Chocolate Unsweetened Liquid,Sweets,472,47.7,0,12,36.2,18.1,0,12.1,NULL,54,4.15,1166,1 oz,28.4
Unsweetened Baking Chocolate,Sweets,642,52.31,2,24,28.42,16.6,0.91,14.32,0,101,17.4,830,1 oz square bakers,29
Confectioners Coating Yogurt,Sweets,522,27,1,88,63.94,0,62.36,5.87,0,205,0.14,290,1 cup chips,170
Confectioners Coating Peanut Butter,Sweets,529,29.8,1,250,46.88,5,38.3,18.3,0,110,1.7,505,1 cup chips,168
White Chocolate,Sweets,539,32.09,21,90,59.24,0.2,59,5.87,0,199,0.24,286,1 bar (3 oz),85
Ice Creams Vanilla Light,Sweets,180,4.83,27,74,29.46,0.3,22.12,4.78,0.1,161,0.19,208,1 serving 1/2 cup,76
Ice Creams Vanilla Rich,Sweets,249,16.2,92,61,22.29,0,20.65,3.5,0.3,117,0.34,157,1/2 cup,107
Desserts Flan Caramel Custard Prepared-From-Recipe,Sweets,145,4.03,90,53,22.78,0,22.78,4.53,NULL,83,0.38,118,1/2 cup,153
Ice Creams Vanilla,Sweets,207,11,44,80,23.6,0.7,21.22,3.5,0.2,128,0.09,199,1 serving 1/2 cup,66
Ice Creams Vanilla Light Soft-Serve,Sweets,126,2.6,12,70,21.8,0,18.69,4.9,0,157,0.06,221,1 serving 1/2 cup,88
Sherbet Orange,Sweets,144,2,1,46,30.4,1.3,24.32,1.1,0,54,0.14,96,1/2 cup (4 fl oz),74
Fudge Peanut Butter Prepared-From-Recipe,Sweets,387,6.59,3,118,77.75,0.7,73.36,3.78,NULL,42,0.22,119,1 piece,16
Fudge Vanilla Prepared-From-Recipe,Sweets,383,5.45,15,47,82.15,0,79.77,1.05,0,38,0.02,49,1 oz,28.4
Fudge Vanilla With Nuts,Sweets,435,13.69,13,42,74.61,0.9,71,3,0,47,0.41,103,1 oz,28.4
Nestle Goobers Chocolate Covered Peanuts,Sweets,512,34,12,36,53,9.7,43,9.7,NULL,89,1.1,502,1 package 1.375 oz,39
Nestle Baby Ruth Bar,Sweets,475,21.6,0,230,64.8,2,54,5.4,0,47,0.63,249,1 serving 2.1 oz bar,60
Twizzlers Strawberry Twists Candy,Sweets,348,2.32,0,287,79.16,0,39.64,2.56,NULL,0,0.51,NULL,4 pieces 1.6oz,45
Syrups Table Blends Pancake With Butter,Sweets,291,0.09,0,287,72.43,0,72.25,0,0,2,0.09,3,1 serving 1/4 cup,73
Ice Creams Chocolate Light,Sweets,187,7.19,28,71,25.7,0.8,24.71,5,0.1,159,0.69,170,1 serving,68
Nestle Chunky Bar,Sweets,519,27.5,10,38,60.4,2.5,52.5,7.5,NULL,100,0.9,NULL,1 serving 1.4 oz bar,40
Milk Chocolate,Sweets,535,29.66,23,79,59.4,3.4,51.5,7.65,0,189,2.35,372,1 bar miniature,7
Puddings Banana Dry Mix Instant Prepared With 2% Milk,Sweets,105,1.7,6,296,19.74,0,NULL,2.76,0.8,102,0.06,131,1/2 cup from 19191,147
Puddings Banana Dry Mix Regular Prepared With 2% Milk,Sweets,101,1.73,7,164,18.43,0,NULL,2.9,0.9,109,0.05,137,1/2 cup from 19211,142
Andreas Gluten Free Soft Dinner Roll,Baked Foods,257,8.2,NULL,544,40.24,2.9,2.98,5.65,NULL,41,0.89,165,1 roll,69
Crunchmaster Multi-Grain Crisps Snack Crackers Gluten-Free,Baked Foods,456,15.92,NULL,370,67.18,7.5,0.8,10.91,NULL,246,2.68,339,3 crackers,3.9
Glutino Gluten Free Cookies Chocolate Vanilla Creme,Baked Foods,474,17.89,NULL,275,76.03,2.5,49,2.19,NULL,19,2.81,157,3 cookies,44
Glutino Gluten Free Cookies Vanilla Creme,Baked Foods,487,18.79,NULL,189,77.34,0,49.43,2.19,NULL,11,0.23,67,3 cookies,45
Pepperidge Farm Goldfish Baked Snack Crackers Original,Baked Foods,467,18.42,NULL,947,65.81,2.4,1.03,9.42,NULL,74,4.73,169,10 goldfish,5.2
Pepperidge Farm Goldfish Baked Snack Crackers Parmesan,Baked Foods,459,17.29,NULL,1187,64.7,3.5,0.83,11.16,NULL,101,4.45,168,10 goldfish,5.3
Pepperidge Farm Goldfish Baked Snack Crackers Pizza,Baked Foods,469,18.93,NULL,815,65.11,3.5,0.86,9.67,NULL,93,4.87,326,10 goldfish,5.1
Rudis Gluten-Free Bakery Original Sandwich Bread,Baked Foods,320,10.7,NULL,528,52.83,3.5,8.36,3.13,NULL,24,0.76,92,1 slice,34
Udis Gluten Free Soft & Delicious White Sandwich Bread,Baked Foods,298,8.02,NULL,515,51.15,5.5,11.3,5.4,NULL,59,0.53,107,1 slice,28
Udis Gluten Free Soft & Hearty Whole Grain Bread,Baked Foods,309,9.34,NULL,510,49.09,4.9,9.81,7.25,NULL,60,0.76,123,1 slice,25
Udis Gluten Free Whole Grain Dinner Rolls,Baked Foods,329,11.6,NULL,507,44.29,11.2,4.2,11.8,NULL,118,1.64,273,1 roll,44
Vans Gluten Free Totally Original Pancakes,Baked Foods,215,4.55,NULL,331,40.32,1.5,4.06,3.31,NULL,39,0.7,127,1 pancake,48
Seaweed Canadian Cultivated Emi-Tsunomata Dry,Vegetables,259,1.39,33,4331,46.24,36.7,NULL,15.34,3.1,299,66.38,2944,1/4 cup,5
Seaweed Canadian Cultivated Emi-Tsunomata Rehydrated,Vegetables,31,0.17,NULL,526,5.62,4.5,NULL,1.86,0.4,36,8.07,358,1/4 cup,25
Potatoes Hash Brown Refrigerated Unprepared,Vegetables,84,0.08,0,42,19.16,1.8,0.91,1.75,0,6,0.48,425,1 cup unprepared,159
Potatoes Hash Brown Refrigerated Prepared Pan-Fried In Canola Oil,Vegetables,242,10.3,0,77,33.99,3.6,1.16,3.24,0,10,0.74,704,1 cup prepared,130
Sweet Potatoes French Fried Frozen As Packaged Salt Added In Processing,Vegetables,182,8.92,0,146,35.58,5.7,12.9,2.16,0,52,0.77,409,12 fries,51
Moose Meat Raw (Alaska Native),American Indian,103,1.5,54,65,0,0,0,22.3,NULL,5,3.28,317,,NULL
Mashu Roots Raw (Alaska Native),American Indian,135,2.4,NULL,NULL,22.6,NULL,NULL,5.8,NULL,NULL,NULL,NULL,,NULL
Moose Liver Braised (Alaska Native),American Indian,155,4.89,389,70,3.43,NULL,NULL,24.38,NULL,7,6.77,235,,NULL
Seal Bearded (Oogruk) Meat Raw (Alaska Native),American Indian,110,0.4,100,NULL,0,NULL,NULL,26.7,NULL,10,12.9,NULL,,NULL
Oil Bearded Seal (Oogruk) (Alaska Native),American Indian,899,99.6,52,0,0,NULL,NULL,0.56,0.7,0,0,0,,NULL
Oopah (Tunicate) Whole Animal (Alaska Native),American Indian,67,2.2,NULL,NULL,0,NULL,NULL,11.7,NULL,53,20.7,NULL,,NULL
Owl Horned Flesh Raw (Alaska Native),American Indian,136,5,NULL,NULL,0,NULL,NULL,22.7,NULL,16,4.8,NULL,,NULL
Fish Salmon King Chinook Smoked And Canned (Alaska Native),American Indian,150,5.9,NULL,NULL,0,NULL,NULL,23.2,NULL,60,1.8,NULL,,NULL
Fish Salmon King Chinook Smoked Brined (Alaska Native),American Indian,430,30,107,693,0,0,NULL,39.9,NULL,23,4.5,700,,NULL
Fish Salmon King Chinook Liver (Alaska Native),American Indian,156,8,NULL,NULL,4.3,NULL,NULL,16.6,NULL,28,2.6,NULL,,NULL
Duck Scoter White-Winged Meat (Alaska Native),American Indian,84,0.4,NULL,NULL,0,NULL,NULL,20.2,NULL,8,NULL,NULL,,NULL
Sea Cucumber Yane (Alaska Native),American Indian,56,0.4,NULL,NULL,0,NULL,NULL,13,NULL,30,0.6,NULL,,NULL
Squirrel Ground Meat (Alaska Native),American Indian,111,3.8,NULL,NULL,0,NULL,NULL,19.3,NULL,NULL,4.7,NULL,,NULL
Tea Tundra Herb And Laborador Combination (Alaska Native),American Indian,1,0,0,132,0.2,NULL,NULL,0,NULL,2,0.08,9,,NULL
Walrus Meat Dried (Alaska Native),American Indian,251,2.6,NULL,NULL,0,NULL,NULL,57,NULL,NULL,43,NULL,,NULL
Deer (Venison) Sitka Raw (Alaska Native),American Indian,116,2.66,18,NULL,0,NULL,NULL,21.5,NULL,7,2.9,NULL,,NULL
Whale Bowhead Subcutaneous Fat (Blubber) (Alaska Native),American Indian,870,96.5,150,NULL,0,NULL,NULL,0.4,NULL,NULL,0.5,NULL,,NULL
Whale Bowhead Skin And Subcutaneous Fat (Muktuk) (Alaska Native),American Indian,465,46.1,54,NULL,0,NULL,NULL,12.6,NULL,5,NULL,NULL,,NULL
Oil Whale Bowhead (Alaska Native),American Indian,900,100,NULL,NULL,0,NULL,NULL,0,NULL,0,0,NULL,,NULL
Fish Whitefish Broad Liver (Alaska Native),American Indian,104,4.4,NULL,NULL,5.1,NULL,NULL,11,NULL,53,8.6,NULL,,NULL
Mush Blue Corn With Ash (Navajo),American Indian,54,0.49,NULL,8,11.74,1.1,0.19,0.66,NULL,96,2.92,58,,NULL
Cornmeal Blue (Navajo),American Indian,398,5.44,NULL,7,76.93,8.7,1.81,10.4,NULL,5,2.91,393,,NULL
Melon Banana (Navajo),American Indian,21,0.2,NULL,11,4.06,0.3,3.36,0.84,NULL,13,0.21,140,,NULL
Chilchen (Red Berry Beverage) (Navajo),American Indian,44,0.63,NULL,15,8.68,NULL,2.6,0.81,NULL,7,0.95,28,,NULL
Corn Dried (Navajo),American Indian,386,5.22,NULL,13,74.93,NULL,5.38,9.88,NULL,15,1.92,511,,NULL
Squash Indian Cooked Boiled (Navajo),American Indian,16,0.15,NULL,NULL,3.22,1.5,2.02,0.31,NULL,NULL,NULL,NULL,1 oz,28.4
Bread Kneel Down (Navajo),American Indian,195,2.21,NULL,126,39.47,NULL,3.74,4.29,NULL,5,1.11,320,1 oz,28.4
Mutton Cooked Roasted (Navajo),American Indian,234,11.09,109,135,0.08,NULL,NULL,33.43,NULL,10,4.76,409,1 oz,28.4
Frybread Made With Lard (Navajo),American Indian,330,12.22,7,329,48.26,NULL,2.03,6.69,NULL,57,4.04,77,1 piece,152
Tamales (Navajo),American Indian,153,6.12,17,427,18.12,3.1,0.99,6.28,NULL,29,1.22,131,1 piece,186
Stew Steamed Corn (Navajo),American Indian,112,3.75,NULL,104,10.8,2.3,0.51,8.82,NULL,22,1.1,177,,NULL
Fish Halibut Raw With Skin (Alaska Native),American Indian,116,2.92,72,79,1.81,0,0,20.53,NULL,20,0.27,449,,NULL
Fish Salmon Coho (Silver) Raw (Alaska Native),American Indian,140,5.57,58,58,0,0,0,22.56,NULL,5,0.55,380,,NULL
Blueberries Wild Raw (Alaska Native),American Indian,61,0.76,NULL,6,12.31,2.6,6.46,1.22,0,13,0.37,75,,NULL
Oil Spotted Seal (Alaska Native),American Indian,894,99.32,NULL,0,0,0,0,0,0.7,0,0,0,,NULL
Fish Salmon Red Canned Bones Removed (Alaska Native),American Indian,161,5.76,69,390,0,0,0,27.31,NULL,28,1.9,370,,NULL
Fish Whitefish Eggs (Alaska Native),American Indian,104,2.88,439,160,4.89,0,0,14.66,NULL,46,5.95,190,,NULL
Caribou Rump Meat Half Dried (Alaska Native),American Indian,255,5.23,141,390,0,0,0,52.06,NULL,14,11,710,,NULL
Fish Salmon Red (Sockeye) Canned Smoked (Alaska Native),American Indian,206,7.26,93,600,0,0,0,35.19,NULL,69,1.5,470,,NULL
Fish Salmon Red (Sockeye) Kippered (Alaska Native),American Indian,141,4.75,68,460,0,0,0,24.5,2,54,0.49,400,,NULL
Fish Salmon King With Skin Kippered (Alaska Native),American Indian,209,12.95,67,870,0,0,0,23.19,1.2,55,0.55,390,,NULL
Fish Sheefish Raw (Alaska Native),American Indian,115,2.84,56,52,0,0,0,22.25,NULL,140,0.5,390,,NULL
Buffalo Free Range Top Round Steak Raw (Shoshone Bannock),American Indian,97,1.3,NULL,43,0,NULL,NULL,21.44,NULL,3,2.61,355,,NULL
Seal Bearded (Oogruk) Meat Partially Dried (Alaska Native),American Indian,270,2.31,NULL,130,0,NULL,0,62.38,NULL,9,33,960,,NULL
Buffalo Free Range Top Round Steak Cooked (Shoshone Bannock),American Indian,146,1.8,82,41,0,NULL,NULL,32.51,NULL,4,3.76,376,,NULL
Elk Free Range Roast Eye Of Round Raw (Shoshone Bannock),American Indian,98,2.1,NULL,43,0,0,0,19.74,NULL,4,2.27,367,,NULL
Corn Dried Yellow (Northern Plains Indians),American Indian,419,10.64,NULL,4,66.27,20.5,21.32,14.48,0,25,2.61,775,1 oz,28.4
Smelt Dried (Alaska Native),American Indian,386,17.9,249,420,0,0,0,56.19,NULL,1600,5.4,1000,,NULL
Frybread Made With Lard (Apache),American Indian,309,10.14,4,671,46.01,1.7,1.54,8.38,NULL,52,3.43,75,,NULL
Corned Beef And Potatoes In Tortilla (Apache),American Indian,224,8.31,11,511,29.35,1.5,1.79,7.91,NULL,27,1.8,275,,NULL
On The Border Soft Taco With Ground Beef Cheese And Lettuce,Restaurant Foods,229,11.05,30,646,19.28,1.8,1.84,13.19,NULL,123,1.94,274,1 serving varied from 2-3 tacos per serving,324
Restaurant Mexican Soft Taco With Ground Beef Cheese And Lettuce,Restaurant Foods,219,10.81,34,509,17.92,1.5,2.39,12.56,NULL,116,1.85,244,1 serving varied from 1 to 3 tacos per serving,281
Restaurant Latino Chicken And Rice Entree Prepared,Restaurant Foods,174,5.06,36,518,20.03,1.2,0.55,12.02,NULL,18,0.95,184,1 cup,141
Restaurant Latino Empanadas Beef Prepared,Restaurant Foods,335,18.37,26,440,31.19,2,1.84,11.31,0.2,20,2.7,190,1 piece,89
Restaurant Latino Pupusas Con Frijoles (Pupusas Bean),Restaurant Foods,229,9.01,NULL,305,31.49,5.8,1.3,5.59,NULL,51,1.46,305,1 piece,126
Restaurant Latino Pupusas Con Queso (Pupusas Cheese),Restaurant Foods,256,13.25,32,400,22.39,2.9,1.2,11.72,1.2,325,0.56,120,1 piece,117
Restaurant Latino Pupusas Del Cerdo (Pupusas Pork),Restaurant Foods,232,10.43,29,426,23.02,2.6,1.45,11.51,0.7,49,1.01,255,1 piece,122
Restaurant Latino Tamale Corn,Restaurant Foods,186,7.21,17,277,26.68,3.2,7.42,3.48,0.4,24,0.53,186,1 piece,166
Restaurant Mexican Spanish Rice,Restaurant Foods,185,5.29,0,528,31.16,1.2,1.3,3.28,0,20,1.15,116,1 cup,116
Restaurant Mexican Refried Beans,Restaurant Foods,156,6.77,5,376,16.79,8,0.78,6.91,0,57,1.62,402,1 cup,148
Restaurant Chinese Egg Rolls Assorted,Restaurant Foods,250,11.94,16,468,27.29,2.6,NULL,8.28,NULL,40,1.41,165,1 piece,89
Restaurant Chinese Fried Rice Without Meat,Restaurant Foods,174,2.96,18,387,32.79,1.1,0.56,4.05,0,12,0.66,76,1 cup,137
Cracker Barrel Steak Fries,Restaurant Foods,255,13.18,0,43,30.87,3.5,0.86,3.26,NULL,19,0.69,551,1 serving,198
Cracker Barrel Grilled Sirloin Steak,Restaurant Foods,203,8.52,87,180,0,NULL,NULL,31.52,NULL,7,2.75,408,1 steak,151
Cracker Barrel Macaroni N Cheese Plate From Kids Menu,Restaurant Foods,192,11.51,16,374,15.58,0.7,2.83,6.46,NULL,146,0.55,125,1 serving,257
Dennys French Fries,Restaurant Foods,282,14.13,0,44,35.2,3.5,0.85,3.41,NULL,14,0.72,492,1 serving,165
Dennys Top Sirloin Steak,Restaurant Foods,182,7.34,82,349,0.14,NULL,NULL,28.9,NULL,6,3.27,341,1 steak,107
Restaurant Chinese Lemon Chicken,Restaurant Foods,252,13.55,32,252,20.61,1,8.18,11.87,0.1,40,1.22,161,1 order,623
Restaurant Chinese General Tsos Chicken,Restaurant Foods,295,16.36,53,435,23.99,0.9,11.6,12.9,0.2,12,1.16,201,1 order,535
Restaurant Chinese Kung Pao Chicken,Restaurant Foods,129,6.98,26,402,6.87,1.5,3.03,9.76,0,20,0.76,218,1 order,604
Restaurant Chinese Vegetable Lo Mein Without Meat,Restaurant Foods,121,2.35,0,430,20.16,1.3,2.63,4.77,0.1,21,1.07,105,1 order,741
Restaurant Chinese Chicken And Vegetables,Restaurant Foods,95,4.56,21,413,5.38,0.9,2.93,8.18,0,20,0.56,185,1 order,693
Restaurant Chinese Orange Chicken,Restaurant Foods,262,12.68,61,553,22.46,0.8,13.6,14.46,0.1,14,0.94,209,1 order,648
Restaurant Italian Spaghetti With Meat Sauce,Restaurant Foods,121,3.59,9,230,16.4,1.6,1.82,5.79,NULL,17,0.97,172,1 serving,554
Fruit-Flavored Drink Dry Powdered Mix Low Calorie With Aspartame,Beverages,218,0.04,0,404,87.38,0.1,0,0.45,0,1047,0.08,498,1 tsp,8
Pectin Liquid,Sweets,11,0,0,0,2.1,2.1,0,0,0,0,0,0,,NULL
Frozen Novelties Ice Cream Type Vanilla Ice Cream Light No Sugar Added Chocolate Coated,Sweets,221,10.1,10,104,26.11,0.8,8.52,6.4,0.2,222,0.29,305,1 bar,78
Creamy Dressing Made With Sour Cream And/or Buttermilk And Oil Reduced Calorie,Fats and Oils,160,14,0,833,7,0,5.65,1.5,0,6,0.13,36,1 tbsp,15
Bologna Beef And Pork Low Fat,Meats,230,19.3,39,1108,2.6,0,0,11.5,0.5,11,0.66,156,1 cup pieces,138
Milk Dessert Frozen Milk-Fat Free Chocolate,Sweets,167,1,0,97,37.7,0,37.7,4.3,0,154,0.04,333,1 cup,137
Whipped Topping Frozen Low Fat,Dairy and Egg Products,224,13.1,2,72,23.6,0,23.6,3,0,71,0.1,101,1 cup,75
Cream Substitute Powdered Light,Dairy and Egg Products,431,15.7,0,229,73.4,0,73.4,1.9,0,1,0.03,902,1 cup,94
Mars Snackfood Us M&Ms Peanut Butter Chocolate,Sweets,529,29.32,7,213,56.89,4,47.15,10.16,0,88,1.06,330,1 serving 1.63 oz singles bag,46
Babyfood Apple Yogurt Dessert Strained,Baby Foods,93,1.6,6,20,19.5,0.5,12.02,0.8,0,6,0,70,1 tbsp,15
Vegetable Oil-Butter Spread Reduced Calorie,Fats and Oils,465,53,54,581,0,0,0,0,0,6,0.04,6,1 tbsp,13
Salad Dressing Blue Or Roquefort Cheese Dressing Light,Fats and Oils,86,2.7,10,939,13.2,0,3.6,2.1,0,68,0.14,51,1 tbsp,16
Salad Dressing French Dressing Reduced Calorie,Fats and Oils,227,13,0,804,27,0,25.92,0.4,0,11,0.4,79,1 tbsp,16
Turkey And Pork Sausage Fresh Bulk Patty Or Link Cooked,Meats,307,23,84,878,0.7,0,0,22.7,2,32,1.62,337,1 cup cooked,130
Mayonnaise Made With Tofu,Fats and Oils,322,31.79,0,773,3.06,1.1,0.85,5.95,0,53,0.27,66,1 tbsp,15
Frankfurter Beef Low Fat,Meats,140,9.5,40,744,1.6,0,0.85,12,0.6,8,1.15,129,1 frankfurter,57
Milk Buttermilk Fluid Cultured Reduced Fat,Dairy and Egg Products,56,2,8,105,5.3,0,5.3,4.1,0,143,0.06,180,1 cup,245
Pork Sausage Rice Links Brown And Serve Cooked,Meats,407,37.63,66,689,2.36,0,0,13.7,0.9,15,1.12,212,2 links 1 nlea serving,45
Salad Dressing Blue Or Roquefort Cheese Dressing Fat-Free,Fats and Oils,115,1.01,2,814,25.6,1.8,7.44,1.52,0,51,0.12,194,1 tbsp,17
Salad Dressing Mayonnaise-Like Fat-Free,Fats and Oils,84,2.7,9,788,15.5,1.9,10.3,0.2,0,6,0.12,49,1 tbsp,16
Mars Snackfood Us Milky Way Midnight Bar,Sweets,443,17.5,10,168,71.22,2.9,57.81,3.2,0,53,1.2,196,1 serving 1.76 oz bar,50
Flaxseed Oil,Fats and Oils,884,99.98,0,0,0,0,0,0.11,0,1,0,0,1 tbsp,13.6
Cheese Cottage Lowfat 1% Milkfat Lactose Reduced,Dairy and Egg Products,74,1,4,220,3.2,0.6,2.6,12.4,0,53,0.14,86,4 oz,113
Salad Dressing Bacon And Tomato,Fats and Oils,326,35,4,905,2,0.2,2,1.8,0,4,0.27,108,1 tbsp,15
Grated Parmesan Cheese (Low-Sodium),Dairy and Egg Products,451,29.99,79,63,3.7,0,0.85,41.6,0.6,800,0.95,107,1 cup grated,100
Jams Preserves Marmalade Reduced Sugar,Sweets,151,0.1,0,0,37.6,1.5,29.41,0,0,0,0,59,,NULL
Fruit-Flavored Drink Powder With High Vitamin C With Other Added Vitamins Low Calorie,Beverages,227,0.16,0,14,91,2.2,0,0.25,0,800,0.08,2518,1 tsp,2
Tomato And Vegetable Juice Low Sodium,Vegetables,22,0.1,0,58,4.59,0.8,3.28,0.6,0,11,0.42,193,1 cup,242
Turkey Wing Smoked Cooked With Skin Bone Removed,Meats,221,12.41,81,996,0,0,0,27.4,0.1,24,1.46,266,1 oz with bone cooked (yield after bone removed),19
Turkey Drumstick Smoked Cooked With Skin Bone Removed,Meats,200,9.8,85,996,0,0,0,27.9,0.1,32,2.3,280,1 oz with bone cooked (yield after bone removed),21
Chocolate-Flavored Drink Whey And Milk Based,Beverages,49,0.4,0,91,10.68,0.6,8.68,0.64,1.3,100,0.33,79,1 cup,244
Pork Cured Bacon Cooked Broiled Pan-Fried Or Roasted Reduced Sodium,Meats,541,41.78,110,1030,1.43,0,0,37.04,1,11,1.44,565,1 slice cooked,8
Turkey Light Or Dark Meat Smoked Cooked Skin And Bone Removed,Meats,162,5,76,996,0,0,0,29.3,0.1,25,1.78,298,1 medium slice (approx 3 inch x 2 inch x 1/4 inch),28
Hearts Of Palm Raw,Vegetables,115,0.2,0,14,25.61,1.5,17.16,2.7,0,18,1.69,1806,,NULL
Post Shredded Wheat N Bran Spoon-Size,Breakfast Cereals,339,2.06,0,0,80.65,14.7,0.75,10.93,0,44,3.87,391,1 (1/4) cup (1 nlea serving),59
Cheese Cottage Lowfat 1% Milkfat With Vegetables,Dairy and Egg Products,67,1,3,403,3,0,3,10.9,0,56,0.1,86,4 oz,113
Yeast Extract Spread,Soups and Sauces,185,0.9,0,3380,20.42,6.5,1.6,23.88,0,67,4.04,2100,1 tsp,6
Babyfood Juice Pear,Baby Foods,43,0,0,8,11.86,0.1,7.28,0,0,12,0,130,1 fl oz,31.2
Chicken Meatless Breaded Fried,Beans and Lentils,234,12.77,0,400,8.51,4.3,0,21.28,0,42,3.83,300,1 cup diced,130
Babyfood Meat Beef With Vegetables Toddler,Baby Foods,69,2.1,12,26,8.72,1.8,1.18,3.5,0,11,0.5,168,1 jar nfs,179
Frozen Novelties Juice Type Juice With Cream,Sweets,115,1.41,7,42,24.11,0.1,20.61,1.41,0,141,0.28,120,2 (1/2) oz,71
Tofu Yogurt,Beans and Lentils,94,1.8,0,35,15.96,0.2,1.24,3.5,0,118,1.06,47,1 cup,262
Alcoholic Beverage Rice (Sake),Beverages,134,0,0,2,5,0,0,0.5,0,5,0.1,25,1 fl oz,29.1
Millet Puffed,Breakfast Cereals,354,3.4,0,5,80,2.7,0.55,13,0,8,2.81,40,1 cup,21
Oat Bran Flakes Health Valley,Breakfast Cereals,380,3,0,380,78,8,22,10,0,80,2.88,340,1 cup (1 nlea serving),50
Babyfood Mixed Fruit Yogurt Strained,Baby Foods,75,0.8,0,16,16.23,0.4,11.74,0.8,0,28,0.2,62,1 tbsp,15
Abbott Ensure Plus Ready-To-Drink,Beverages,141,4.52,2,95,19.88,0,8.33,5.16,1,79,1.79,175,1 cup,252
Babyfood Rice And Apples Dry,Baby Foods,396,2.4,0,16,86.89,3,3.22,6.7,0,850,37,410,1 tbsp,2.5
Babyfood Juice Apple - Cherry,Baby Foods,47,0.1,0,4,11.2,0.3,10.5,0.2,0,7,0.35,110,1 fl oz,31.2
Milk Imitation Non-Soy,Dairy and Egg Products,46,2,0,55,5.3,0,5.3,1.6,1.1,82,0.1,150,1 cup,244
Babyfood Cereal Rice With Pears And Apple Dry Instant Fortified,Baby Foods,389,0.9,0,2,88.5,2.6,1.35,6.6,0,38,9,414,1 serving,15
Babyfood Banana No Tapioca Strained,Baby Foods,91,0.2,0,2,21.34,1.6,11.36,1,0,4,0.3,290,1 tbsp,15
Babyfood Banana Apple Dessert Strained,Baby Foods,68,0.2,0,7,16.3,1,14.66,0.3,0,3,0.1,71,1 tbsp,15
Breakfast Bar Corn Flake Crust With Fruit,Snacks,376,7.5,0,337,72.8,2.1,35.1,4.4,0,41,4.86,197,1 oz,28.4
Cheese Mozzarella Low Sodium,Dairy and Egg Products,280,17.1,54,16,3.1,0,1.23,27.5,0.3,731,0.25,95,1 cup diced,132
Mayonnaise Dressing No Cholesterol,Fats and Oils,688,77.8,0,486,0.3,0,0.3,0,0,7,0.23,14,1 tbsp,15
Oil Corn Peanut And Olive,Fats and Oils,884,100,0,0,0,0,0,0,0,0,0.13,0,1 tablespoon,14
Pie Fillings Blueberry Canned,Sweets,181,0.2,0,12,44.38,2.6,37.75,0.41,0,27,0.8,115,1 serving,151
Cocktail Mix Non-Alcoholic Concentrated Frozen,Beverages,287,0.01,0,0,71.6,0,24.53,0.08,0,2,0.04,23,1 fl oz,36
Puddings Chocolate Flavor Low Calorie Regular Dry Mix,Sweets,365,3,0,3326,74.42,10.1,0.7,10.08,0,50,3.87,570,1 serving,9.9
Puddings All Flavors Except Chocolate Low Calorie Regular Dry Mix,Sweets,351,0.1,0,1765,86.04,0.9,2.9,1.6,0,49,0.05,18,1 serving,113
Scallops,Fish,111,0.84,41,667,5.41,0,0,20.54,0,10,0.58,314,3 oz,85
Syrup Cane,Sweets,269,0,0,58,73.14,0,73.2,0,0,13,3.6,63,1 serving,21
Mollusks Snail Raw,Fish,90,1.4,50,70,2,0,0,16.1,0,10,3.5,382,3 oz,85
Turtle Green Raw,Fish,89,0.5,50,68,0,0,0,19.8,0,118,1.4,230,3 oz,85
Lemons,Fruits,29,0.3,0,2,9.32,2.8,2.5,1.1,0,26,0.6,138,1 cup sections,212
Lemon Juice Raw,Fruits,22,0.24,0,1,6.9,0.3,2.52,0.35,0,6,0.08,103,1 cup,244
Lemon Juice From Concentrate Canned Or Bottled,Fruits,17,0.07,0,24,5.62,0.7,1.53,0.45,0,10,0.06,109,1 tbsp,15
Lemon Peel Raw,Fruits,47,0.3,0,6,16,10.6,4.17,1.5,0,134,0.8,160,1 tbsp,6
Prickly Pears,Fruits,41,0.51,0,5,9.57,3.6,NULL,0.73,NULL,56,0.3,220,1 cup,149
Plums Dried (Prunes) Stewed Without Added Sugar,Fruits,107,0.16,0,1,28.08,3.1,24.98,0.96,0,19,0.41,321,1 cup pitted,248
Plums Dried (Prunes) Stewed With Added Sugar,Fruits,124,0.22,0,2,32.88,3.8,NULL,1.09,0,21,1.04,312,1 cup pitted,248
Shredded Coconut Meat (Sweetened),Fruits,71,0.03,0,4,17.45,1,16.45,0.61,0,12,1.18,276,1 cup,256
Pummelo,Fruits,38,0.04,0,1,9.62,1,NULL,0.76,NULL,4,0.11,216,1 cup sections,190
Raspberries,Fruits,52,0.65,0,1,11.94,6.5,4.42,1.2,0,25,0.69,151,1 cup,123
Raspberries Canned Red Heavy Syrup Pack Solids And Liquids,Fruits,91,0.12,0,3,23.36,3.3,20.06,0.83,0,11,0.42,94,1 cup,256
Raspberries Frozen Red Sweetened,Fruits,103,0.16,0,1,26.16,4.4,21.76,0.7,0,15,0.65,114,1 cup thawed,250
Rhubarb,Fruits,21,0.2,0,4,4.54,1.8,1.1,0.9,0,86,0.22,288,1 cup diced,122
Sapodilla,Fruits,83,1.1,0,12,19.96,5.3,NULL,0.44,NULL,21,0.8,193,1 cup pulp,241
Mamey Sapote,Fruits,124,0.46,0,7,32.1,5.4,20.14,1.45,NULL,18,0.78,454,1 cup 1 inch pieces,175
Soursop,Fruits,66,0.3,0,14,16.84,3.3,13.54,1,0,14,0.6,278,1 cup pulp,225
Strawberries,Fruits,32,0.3,0,1,7.68,2,4.89,0.67,0,16,0.41,153,1 cup halves,152
Tamarinds,Fruits,239,0.6,0,28,62.5,5.1,38.8,2.8,0,74,2.8,628,1 cup pulp,120
Fruit Salad (Pineapple And Papaya And Banana And Guava) Tropical Canned Heavy Syrup Solids And Liquids,Fruits,86,0.1,0,2,22.36,1.3,NULL,0.41,0,13,0.52,131,1 cup,257
Watermelon,Fruits,30,0.15,0,1,7.55,0.4,6.2,0.61,0,7,0.24,112,1 cup balls,154
Maraschino Cherries (Canned),Fruits,165,0.21,0,4,41.97,3.2,38.77,0.22,0,54,0.43,21,1 cherry (nlea serving),5
Pineapple Canned Juice Pack Drained,Fruits,60,0.11,0,1,15.56,1.3,14.26,0.51,0,16,0.28,124,1 cup chunks,181
Apricots Canned Heavy Syrup Drained,Fruits,83,0.11,0,4,21.31,2.7,18.65,0.64,0,10,0.3,143,1 cup halves,219
Cherries Sour Canned Water Pack Drained,Fruits,42,0.21,NULL,4,10.45,1.2,6.99,0.69,NULL,11,0.64,115,1 cup,168
Cherries Sweet Canned Pitted Heavy Syrup Drained,Fruits,83,0.21,0,3,21.07,2.3,16.18,0.73,0,10,0.35,148,1 cup,179
Apple Juice Canned Or Bottled Unsweetened With Added Ascorbic Acid,Fruits,46,0.13,0,4,11.3,0.2,9.62,0.1,0,8,0.12,101,1 cup,248
Applesauce Canned Unsweetened With Added Ascorbic Acid,Fruits,42,0.1,0,2,11.27,1.1,9.39,0.17,0,4,0.23,74,1 cup,244
Applesauce Canned Sweetened With Salt,Fruits,76,0.18,0,28,19.91,1.2,NULL,0.18,0,4,0.35,61,1 cup,255
Pink Grapefruit Juice,Fruits,39,0.1,0,1,9.2,NULL,NULL,0.5,0,9,0.2,162,1 cup,247
Apple Juice Frozen Concentrate Unsweetened Diluted With 3 Volume Water With Added Ascorbic Acid,Fruits,47,0.1,0,7,11.54,0.1,NULL,0.14,0,6,0.26,126,1 cup,239
Bartlett Pears,Fruits,63,0.16,NULL,1,15.01,3.1,9.69,0.39,NULL,9,0.19,101,1 cup sliced,140
Red Anjou Pears,Fruits,62,0.14,NULL,1,14.94,3,9.54,0.33,NULL,11,0.19,123,1 small,126
Bosc Pear,Fruits,67,0.09,NULL,1,16.1,3.1,10.23,0.36,NULL,10,0.15,122,1 cup sliced,140
Green Anjou Pear,Fruits,66,0.1,NULL,1,15.79,3.1,9.73,0.44,NULL,11,0.24,127,1 cup sliced,140
Prune Puree,Fruits,257,0.2,0,23,65.1,3.3,39,2.1,NULL,31,2.8,852,2 tbsp,36
Candied Fruit,Fruits,322,0.07,0,98,82.74,1.6,80.68,0.34,0,18,0.17,56,,NULL
Abiyuch,Fruits,69,0.1,NULL,20,17.6,5.3,8.55,1.5,NULL,8,1.61,304,1/2 cup,114
Rowal,Fruits,111,2,NULL,4,23.9,6.2,14.1,2.3,NULL,15,2.2,131,1/2 cup,114
Guava Nectar Canned With Added Ascorbic Acid,Fruits,63,0.06,0,6,16.25,1,12.95,0.09,NULL,8,0.38,39,1 cup,251
Mango Nectar Canned,Fruits,51,0.06,0,5,13.12,0.3,12.45,0.11,0,17,0.36,24,1 cup,251
Tamarind Nectar Canned,Fruits,57,0.12,0,7,14.73,0.5,12.7,0.09,NULL,10,0.75,27,1 cup,251
Pomegranate Juice Bottled,Fruits,54,0.29,0,9,13.13,0.1,12.65,0.15,0,11,0.1,214,1 cup,249
Nance Canned Syrup Drained,Fruits,95,1.28,NULL,8,22.79,7,15.66,0.56,NULL,42,0.37,194,3 fruit without pits,11.1
Nance Frozen Unsweetened,Fruits,73,1.16,NULL,3,16.97,7.5,8.31,0.66,NULL,46,0.38,244,1 cup without pits thawed,112
Naranjilla (Lulo) Pulp Frozen Unsweetened,Fruits,25,0.22,NULL,4,5.9,1.1,3.74,0.44,NULL,8,0.35,200,1 cup thawed,120
Horned Melon (Kiwano),Fruits,44,1.26,NULL,2,7.56,NULL,NULL,1.78,NULL,13,1.13,123,1 cup,233
Orange Pineapple Juice Blend,Fruits,51,0.08,0,4,12.2,0.2,10.57,0.41,0,8,0.18,150,8 fl oz,246
Fuji Apples,Fruits,63,0.18,NULL,1,15.22,2.1,11.68,0.2,NULL,7,0.1,109,1 cup sliced,109
Orange Juice Chilled Includes From Concentrate With Added Calcium And Vitamins A D E,Fruits,49,0.12,0,2,11.54,0.3,8.31,0.68,1,146,0.13,178,1 cup,249
Fruit Juice Smoothie Naked Juice Mighty Mango,Fruits,63,0,0,4,15,0,12.5,0.42,NULL,8,0.15,142,8 fl oz,240
Fruit Juice Smoothie Naked Juice Green Machine,Fruits,53,0.26,0,6,12.53,0.7,11.15,0.6,0,11,0.42,165,1 cup,275
Fruit Juice Smoothie Bolthouse Farms Berry Boost,Fruits,46,0.02,0,4,10.9,0,9.3,0.63,NULL,10,0.21,116,1 cup,252
Fruit Juice Smoothie Bolthouse Farms Green Goodness,Fruits,56,0.33,0,11,13.04,0.6,11.46,0.63,0,18,0.34,177,1 cup,230
Fruit Juice Smoothie Bolthouse Farms Strawberry Banana,Fruits,52,0.3,0,5,12.37,0.6,10.33,0.44,0,11,0.32,184,1 cup,233
Apple Juice Canned Or Bottled Unsweetened With Added Ascorbic Acid Calcium And Potassium,Fruits,48,0.17,0,5,11.49,0.3,9.47,0.12,0,70,0.13,184,6 fl oz,177
Lemon Juice From Concentrate Bottled Concord,Fruits,24,0.07,NULL,29,5.37,NULL,1.42,0.4,NULL,8,0.06,112,1 tbsp,15
Lemon Juice From Concentrate Bottled Real Lemon,Fruits,17,0.07,NULL,26,5.66,0.7,1.59,0.47,NULL,9,0.06,109,1 tbsp,15
Cranberry Sauce Whole Canned Ocean Spray,Fruits,158,0.05,0,5,40.4,1.2,31.3,0.75,NULL,3,0.2,21,1/4 cup,70
Cranberry Sauce Jellied Canned Ocean Spray,Fruits,160,0.04,0,5,40.61,1,32.2,1.05,NULL,3,0.62,34,1/4 cup,70
Ruby Red Grapefruit Juice Blend (Grapefruit Grape Apple) Ocean Spray Bottled With Added Vitamin C,Fruits,44,0.1,0,8,10.53,0.2,10.3,0.5,NULL,10,0.14,94,8 fl oz,248
Baobab Powder,NULL,250,0.47,NULL,10,79.65,44.5,NULL,3.69,NULL,342,8.42,2189,,NULL
Cherry Juice Tart,NULL,59,0.54,0,4,13.7,NULL,12.21,0.31,0,13,0.42,161,,NULL
Raspberries Puree Seedless,NULL,41,0.87,NULL,4,7.99,0.9,6.04,1.02,NULL,14,1.08,169,,NULL
Raspberries Puree With Seeds,NULL,55,0.97,NULL,4,11.51,4.3,6.56,1.1,NULL,23,0.69,195,,NULL
Pork Fresh Composite Of Trimmed Leg Loin Shoulder And Spareribs (Includes Cuts To Be Cured) Separable Lean And Fat Raw,Meats,211,14.79,69,57,0,0,0,18.22,0.7,11,0.89,319,1 oz,28.4
Pork Fresh Backfat Raw,Meats,812,88.69,57,11,0,0,0,2.92,3.1,2,0.18,65,1 oz,28.4
Pork Fresh Belly Raw,Meats,518,53.01,72,32,0,0,0,9.34,NULL,5,0.52,185,1 oz,28.4
Pork Fresh Separable Fat Raw,Meats,632,65.7,72,47,0,0,0,9.25,1.7,14,0.26,333,1 oz,28.4
Pork Fresh Leg (Ham) Rump Half Separable Lean And Fat Raw,Meats,182,10.63,63,73,0,0,0,20.27,0.5,12,0.62,356,1 oz,28.4
Pork Fresh Leg (Ham) Rump Half Separable Lean And Fat Cooked Roasted,Meats,209,10.32,85,77,0,0,0,27.03,0.4,16,0.9,416,1 cup diced,135
Pork Fresh Leg (Ham) Rump Half Separable Lean Only Raw,Meats,120,2.93,62,76,0,0,0,21.81,0.3,12,0.67,359,3 oz,85
Pork Fresh Leg (Ham) Rump Half Separable Lean Only Cooked Roasted,Meats,165,4.62,86,80,0,0,0,28.86,0.3,16,0.97,425,3 oz,85
Pork Fresh Loin Whole Separable Lean And Fat Raw,Meats,198,12.58,63,50,0,0,0,19.74,0.5,18,0.79,356,3 oz,85
Pork Fresh Loin Whole Separable Lean And Fat Cooked Braised,Meats,239,13.62,80,48,0,0,0,27.23,1.2,21,1.07,374,3 oz,85
Pork Loin,Meats,242,13.92,80,62,0,0,0,27.32,1.3,19,0.87,423,3 oz,85
Pork Fresh Loin Whole Separable Lean And Fat Cooked Roasted,Meats,248,14.65,82,59,0,0,0,27.09,1,19,0.99,408,3 oz,85
Pork Fresh Loin Blade (Chops Or Roasts) Bone-In Separable Lean And Fat Raw,Meats,194,12.27,63,69,0,0,0,19.56,0.7,35,0.66,288,3 oz,85
Pork Chops (With Fat),Meats,255,15.71,86,69,0,0,0,26.54,1,51,0.81,259,3 oz,85
Pork Fresh Loin Blade (Chops) Bone-In Separable Lean And Fat Cooked Broiled,Meats,231,14.35,78,74,0,0,0,23.72,1,56,0.87,315,3 oz,85
Pork Fresh Loin Blade (Roasts) Bone-In Separable Lean And Fat Cooked Roasted,Meats,254,16.71,83,76,0,0,0,24.29,0.9,31,0.81,318,3 oz,85
Pork Fresh Loin Center Loin (Chops) Bone-In Separable Lean And Fat Cooked Braised,Meats,242,13.51,81,73,0,0,0,28.21,0.8,55,0.86,273,3 oz,85
Pork Fresh Loin Center Loin (Chops) Bone-In Separable Lean And Fat Cooked Broiled,Meats,209,11.06,84,55,0,0,0,25.61,0.8,24,0.79,344,3 oz,85
Pork Fresh Loin Center Loin (Roasts) Bone-In Separable Lean And Fat Cooked Roasted,Meats,231,12.8,76,83,0,0,0,27.01,0.6,33,0.89,350,3 oz,85
Pork Fresh Loin Center Loin (Chops) Bone-In Separable Lean Only Raw,Meats,127,3.71,69,58,0,0,0,21.99,0.4,18,0.65,362,3 oz,85
Pork Fresh Loin Center Rib (Chops) Bone-In Separable Lean And Fat Cooked Braised,Meats,261,16.28,79,70,0,0,0,26.66,0.9,53,0.81,259,3 oz,85
Pork Fresh Loin Center Rib (Chops) Bone-In Separable Lean And Fat Cooked Broiled,Meats,222,13.04,67,55,0,0,0,24.42,0.9,28,0.68,329,1 chop without refuse (yield from 1 cooked chop with refuse weighing 172g),112
Pork Fresh Loin Center Rib (Roasts) Bone-In Separable Lean And Fat Cooked Roasted,Meats,248,14.68,78,91,0,0,0,26.99,0.7,19,0.96,272,3 oz,85
Pork Fresh Loin Center Rib (Chops Or Roasts) Bone-In Separable Lean Only Raw,Meats,136,4.8,56,60,0,0,0,21.79,0.5,24,0.61,359,3 oz,85
Pork Fresh Loin Sirloin (Chops) Bone-In Separable Lean And Fat Cooked Braised,Meats,234,12.31,87,58,0,0,0,28.81,0.6,12,0.71,400,3 oz,85
Pork Fresh Loin Sirloin (Chops) Bone-In Separable Lean And Fat Cooked Broiled,Meats,222,11.82,87,86,0,0,0,26.96,1,60,1.01,363,3 oz,85
Pork Fresh Loin Sirloin (Roasts) Bone-In Separable Lean And Fat Cooked Roasted,Meats,230,12.87,89,57,0,0,0,26.64,0.7,15,0.94,340,3 oz,85
Pork Fresh Loin Sirloin (Chops Or Roasts) Bone-In Separable Lean Only Raw,Meats,129,4.02,69,59,0,0,0,21.65,0.4,12,0.85,353,3 oz,85
Pork Chops (Lean),Meats,195,6.9,88,58,0,0,0,31,0.4,11,0.73,428,3 oz,85
Pork Fresh Loin Top Loin (Chops) Boneless Separable Lean And Fat Raw,Meats,155,6.94,67,48,0,0,0,21.55,0.4,7,0.5,373,3 oz,85
Pork Fresh Loin Top Loin (Chops) Boneless Separable Lean And Fat Cooked Braised,Meats,200,8.31,72,66,0,0,0,29.2,1,12,0.88,261,1 chop,135
Pork Fresh Loin Top Loin (Chops) Boneless Separable Lean And Fat Cooked Broiled,Meats,196,9.14,73,44,0,0,0,26.62,0.1,7,0.63,357,1 chop,145
Pork Fresh Loin Top Loin (Roasts) Boneless Separable Lean And Fat Cooked Roasted,Meats,192,8.82,80,46,0,0,0,26.45,0.5,7,0.64,349,3 oz,85
Pork Fresh Shoulder Whole Separable Lean And Fat Raw,Meats,236,17.99,71,65,0,0,0,17.18,1.7,15,1.05,302,1 oz,28.4
Pork Fresh Shoulder Whole Separable Lean And Fat Cooked Roasted,Meats,292,21.39,90,68,0,0,0,23.28,1.5,24,1.32,329,1 cup diced,135
Pork Fresh Shoulder Whole Separable Lean Only Raw,Meats,148,7.14,67,76,0,0,NULL,19.55,NULL,14,1.22,341,1 oz,28.4
Pork Fresh Shoulder Whole Separable Lean Only Cooked Roasted,Meats,230,13.54,90,75,0,0,0,25.33,1,18,1.5,346,1 cup diced,135
Pork Fresh Shoulder Arm Picnic Separable Lean Only Cooked Braised,Meats,194,8.87,87,100,0,0,0,26.76,1,16,0.97,382,3 oz,85
Pork Fresh Shoulder Arm Picnic Separable Lean Only Cooked Roasted,Meats,228,12.62,95,80,0,0,NULL,26.68,0.9,9,1.42,351,3 oz,85
Pork Fresh Shoulder (Boston Butt) Blade (Steaks) Separable Lean And Fat Raw,Meats,186,12.36,62,61,0,0,0,17.42,0.7,16,1.12,318,3 oz,85
Pork Fresh Shoulder (Boston Butt) Blade (Steaks) Separable Lean And Fat Cooked Braised,Meats,267,17.69,98,58,0,0,0,25.07,1.2,26,1.75,305,3 oz,85
Boston Steak (Pork),Meats,259,16.61,95,69,0,0,0,25.58,1.6,36,1.4,326,3 oz,85
Pork Fresh Shoulder Blade Boston (Roasts) Separable Lean Only Cooked Roasted,Meats,232,14.3,85,88,0,0,0,24.21,1,27,1.56,427,3 oz,85
Pork Fresh Spareribs Separable Lean And Fat Raw,Meats,277,23.4,80,81,0,0,0,15.47,2.3,15,0.91,242,3 oz,85
Pork Spare Ribs,Meats,397,30.3,121,93,0,0,0,29.06,2.6,47,1.85,320,3 oz,85
Pork Fresh Composite Of Trimmed Retail Cuts (Leg Loin And Shoulder) Separable Lean Only Cooked,Meats,201,9.21,84,55,0,0,0,27.51,0.8,18,1,357,3 oz,85
Pork Fresh Variety Meats And By-Products Chitterlings Cooked Simmered,Meats,233,20.32,277,18,0,0,0,12.49,0,25,1.47,14,3 oz,85
Pork Fresh Variety Meats And By-Products Ears Frozen Raw,Meats,234,15.1,82,191,0.6,0,NULL,22.45,NULL,21,2.4,55,1 oz,28.4
Pork Fresh Variety Meats And By-Products Ears Frozen Cooked Simmered,Meats,166,10.8,90,167,0.2,0,NULL,15.95,NULL,18,1.5,40,1 ear (yield after cooking),111
Pork Fresh Variety Meats And By-Products Feet Raw,Meats,212,12.59,88,132,0,0,0,23.16,NULL,70,0.58,63,1 oz,28.4
Pork Fresh Variety Meats And By-Products Kidneys Cooked Braised,Meats,151,4.7,480,80,0,0,NULL,25.4,NULL,13,5.29,143,1 cup,140
Pork Fresh Variety Meats And By-Products Leaf Fat Raw,Meats,857,94.16,110,5,0,0,NULL,1.76,NULL,1,0.09,31,1 oz,28.4
Pork Fresh Variety Meats And By-Products Liver Raw,Meats,134,3.65,301,87,2.47,0,NULL,21.39,NULL,9,23.3,273,1 oz,28.4
Pork Fresh Variety Meats And By-Products Liver Cooked Braised,Meats,165,4.4,355,49,3.76,0,NULL,26.02,NULL,10,17.92,150,3 oz,85
Pork Fresh Variety Meats And By-Products Lungs Raw,Meats,85,2.72,320,153,0,0,NULL,14.08,NULL,7,18.9,303,1 oz,28.4
Pork Fresh Variety Meats And By-Products Spleen Raw,Meats,100,2.59,363,98,0,0,NULL,17.86,NULL,10,22.32,396,1 oz,28.4
Pork Fresh Variety Meats And By-Products Spleen Cooked Braised,Meats,149,3.2,504,107,0,0,NULL,28.2,NULL,13,22.23,227,3 oz,85
Pork Fresh Variety Meats And By-Products Stomach Raw,Meats,159,10.14,223,75,0,0,0,16.85,0,11,1.01,140,1 oz,28.4
Pork Fresh Loin Blade (Chops) Bone-In Separable Lean Only Cooked Pan-Fried,Meats,222,12.14,82,88,0,0,0,26.38,0.6,46,0.88,335,3 oz,85
Canadian Bacon (Raw),Meats,110,2.62,48,751,1.34,0,0.9,20.31,0.1,6,0.44,683,3 oz,85
Pork Cured Feet Pickled,Meats,140,10.02,83,946,0.01,0,0,11.63,0.4,32,0.31,13,1 oz,28.4
Lean Cured Ham,Meats,145,5.53,53,1203,1.5,0,0,20.93,0.8,8,1.48,287,1 cup,140
Low Fat Cured Ham,Meats,178,9.02,59,1500,0,0,0,22.62,0.8,8,1.34,409,1 cup,140
Pork Cured Ham Patties Unheated,Meats,315,28.19,70,1088,1.69,0,NULL,12.78,NULL,8,1.05,239,1 oz,28.4
Pork Cured Ham Steak Boneless Extra Lean Unheated,Meats,122,4.25,45,1269,0,0,NULL,19.56,NULL,4,1,325,1 oz,28.4
Pork Cured Ham Whole Separable Lean And Fat Unheated,Meats,246,18.52,56,1284,0.06,0,0,18.49,NULL,7,0.71,310,1 cup,140
Pork Cured Ham Whole Separable Lean Only Unheated,Meats,147,5.71,52,1516,0.05,0,0,22.32,0.7,7,0.81,371,1 cup,140
Pork Cured Separable Fat (From Ham And Arm Picnic) Unheated,Meats,579,61.41,68,505,0.09,0,0,5.68,0.2,5,0.39,105,1 oz,28.4
Pork Cured Separable Fat (From Ham And Arm Picnic) Roasted,Meats,591,61.86,86,624,0,0,NULL,7.64,NULL,8,0.61,164,1 oz,28.4
Pork Cured Shoulder Arm Picnic Separable Lean And Fat Roasted,Meats,280,21.35,58,1072,0,0,0,20.43,0.7,10,0.95,258,1 cup,140
Pork Cured Shoulder Arm Picnic Separable Lean Only Roasted,Meats,170,7.04,48,1231,0,0,0,24.94,0.9,11,1.08,292,1 cup,140
Pork Fresh Variety Meats And By-Products Tail Cooked Simmered,Meats,396,35.8,129,25,0,0,NULL,17,NULL,14,0.79,157,3 oz,85
Pork Fresh Loin Center Loin (Chops) Bone-In Separable Lean Only Cooked Pan-Fried,Meats,195,7.66,78,99,0,0,0,29.56,0.5,51,0.99,378,3 oz,85
Pork Fresh Loin Center Rib (Chops) Bone-In Separable Lean Only Cooked Pan-Fried,Meats,211,9.73,77,88,0,0,0,28.84,0.5,45,0.88,335,3 oz,85
Pork Fresh Loin Blade (Chops) Bone-In Separable Lean And Fat Cooked Pan-Fried,Meats,256,16.56,82,85,0,0,0,25.02,0.7,48,0.84,318,3 oz,85
Pork Cured Ham Extra Lean And Regular Canned Unheated,Meats,144,7.46,38,1276,0,0,0,17.97,0.6,6,0.9,334,1 cup,140
Pork Cured Ham Extra Lean And Regular Canned Roasted,Meats,167,8.43,41,1068,0.49,0,0,20.94,0.7,7,1.07,351,1 cup,140
Pork Fresh Loin Top Loin (Chops) Boneless Separable Lean And Fat Cooked Pan-Fried,Meats,196,7.86,70,86,0,0,0,29.36,0.6,12,0.82,376,1 chop,142
Pork Fresh Composite Of Trimmed Retail Cuts (Leg Loin Shoulder And Spareribs) Separable Lean And Fat Raw,Meats,216,14.95,67,55,0,0,NULL,18.95,NULL,19,0.86,335,1 oz,28.4
Pork Fresh Loin Center Rib (Chops Or Roasts) Boneless Separable Lean And Fat Raw,Meats,211,14.01,60,42,0,0,0,19.9,1.4,5,0.71,384,3 oz,85
Pork Fresh Loin Center Rib (Chops) Boneless Separable Lean And Fat Cooked Braised,Meats,255,15.79,73,40,0,0,NULL,26.29,NULL,5,0.92,387,3 oz,85
Pork Fresh Loin Center Rib (Chops) Boneless Separable Lean And Fat Cooked Broiled,Meats,260,15.76,82,62,0,0,NULL,27.63,NULL,28,0.77,401,3 oz,85
Pork Fresh Loin Center Rib (Chops) Boneless Separable Lean And Fat Cooked Pan-Fried,Meats,273,18.05,73,50,0,0,0,25.82,0.9,11,0.73,428,3 oz,85
Pork Fresh Loin Center Rib (Chops) Boneless Separable Lean Only Cooked Pan-Fried,Meats,224,11.8,70,52,0,0,0,27.68,0.6,5,0.78,454,3 oz,85
Pork Fresh Loin Center Rib (Roasts) Boneless Separable Lean Only Cooked Roasted,Meats,214,10.13,83,50,0,0,NULL,28.81,0.7,6,1,363,3 oz,85
Pork Fresh Loin Country-Style Ribs Separable Lean And Fat Raw,Meats,189,11.82,74,63,0,0,0,19.34,0.7,22,0.85,318,1 rib without refuse (yield from 1 raw rib with refuse weighing 196g),128
Pork Fresh Loin Country-Style Ribs Separable Lean And Fat Cooked Braised,Meats,273,17.71,103,58,0,0,0,26.49,1.3,34,1.34,288,1 rib without refuse (yield from 1 cooked rib with refuse weighing 140g),86
Country-Style Roasted Pork Ribs,Meats,359,29.46,91,52,0,0,0,21.75,1.8,25,1,322,1 rack,138
Pork Fresh Loin Sirloin (Chops) Boneless Separable Lean And Fat Cooked Braised,Meats,171,5.47,80,56,0,0,0,28.41,0.4,11,0.71,411,3 oz,85
Pork Fresh Loin Sirloin (Chops) Boneless Separable Lean And Fat Cooked Broiled,Meats,170,5.53,76,65,0,0,0,28.19,0.7,11,0.87,420,3 oz,85
Pork Fresh Loin Sirloin (Roasts) Boneless Separable Lean And Fat Cooked Roasted,Meats,192,7.32,84,66,0,0,0,29.62,0.6,13,0.66,398,3 oz,85
Pork Fresh Loin Sirloin (Chops Or Roasts) Boneless Separable Lean Only Raw,Meats,121,2.59,63,63,0,0,0,22.81,0.4,9,0.56,354,3 oz,85
Pork Fresh Ground Raw,Meats,263,21.19,72,56,0,0,NULL,16.88,NULL,14,0.88,287,1 oz,28.4
Cooked Ground Pork,Meats,297,20.77,94,73,0,0,0,25.69,0.5,22,1.29,362,3 oz,85
Broiled Pork Tenderloin,Meats,201,8.11,94,64,0,0,NULL,29.86,NULL,5,1.39,444,3 oz,85
Pork Fresh Loin Tenderloin Separable Lean And Fat Cooked Roasted,Meats,147,3.96,73,57,0,0,0,26.04,0.3,6,1.15,419,3 oz,85
Pork Fresh Composite Of Trimmed Retail Cuts (Loin And Shoulder Blade) Separable Lean And Fat Cooked,Meats,235,13.66,83,55,0,0,0,26.07,0.9,20,0.93,345,3 oz,85
Pork Fresh Composite Of Trimmed Retail Cuts (Loin And Shoulder Blade) Separable Lean Only Raw,Meats,144,5.88,60,54,0,0,NULL,21.23,NULL,17,0.88,384,1 oz,28.4
Pork Fresh Composite Of Trimmed Retail Cuts (Loin And Shoulder Blade) Separable Lean Only Cooked,Meats,211,9.44,85,57,0,0,NULL,29.47,NULL,22,1.07,377,3 oz,85
Hormel Cure 81 Ham,Meats,106,3.59,51,1038,0.21,NULL,0,18.43,NULL,4,0.8,319,1 serving,84
Hormel Always Tender Pork Tenderloin Teriyaki-Flavored,Meats,119,3.07,46,413,4.63,NULL,3.33,18.2,NULL,7,1,536,4 oz,112
Hormel Canadian Style Bacon,Meats,122,4.94,49,1016,1.87,NULL,1.43,16.88,NULL,6,0.9,279,1 serving,56
Pork Fresh Loin Top Loin (Chops) Boneless Separable Lean Only With Added Solution Cooked Pan-Broiled,Meats,169,5,75,209,0,0,0,28.95,NULL,10,0.63,517,1 chop boneless,150
Pork Fresh Loin Top Loin (Chops) Boneless Separable Lean And Fat With Added Solution Cooked Pan-Broiled,Meats,190,7.66,75,205,0,0,0,28.35,NULL,10,0.63,512,1 chop boneless (yield from 189g raw meat),150
Pork Cured Bacon Cooked Baked,Meats,548,43.27,107,2193,1.35,0,0,35.73,NULL,10,1.49,539,1 slice cooked,8.1
Pork Cured Ham -- Water Added Rump Bone-In Separable Lean Only Heated Roasted,Meats,121,3.56,62,1150,0.87,0,0.84,21.41,NULL,8,0.71,250,1 serving (3 oz),85
Pork Cured Ham -- Water Added Rump Bone-In Separable Lean Only Unheated,Meats,95,3.48,53,1170,0.67,0,0.67,15.43,NULL,7,1.13,205,3 oz,85
Pork Cured Ham -- Water Added Shank Bone-In Separable Lean Only Heated Roasted,Meats,128,4.43,65,1060,1.2,0,0.91,20.92,NULL,9,1.56,241,1 serving (3 oz),85
Pork Cured Ham -- Water Added Slice Bone-In Separable Lean Only Heated Pan-Broil,Meats,131,4.3,65,1374,1.48,0,1.48,22.04,NULL,11,1.12,289,1 serving (3 oz),85
Pork Cured Ham With Natural Juices Rump Bone-In Separable Lean Only Heated Roasted,Meats,137,4.25,72,861,0.48,0,0.48,24.14,NULL,10,1.04,511,1 serving (3 oz),85
Pork Cured Ham With Natural Juices Shank Bone-In Separable Lean Only Heated Roasted,Meats,145,4.97,74,820,0.34,0,0.34,24.95,NULL,7,1.2,458,1 serving (3 oz),85
Pillsbury Grands Buttermilk Biscuits Refrigerated Dough,Baked Foods,293,11.34,0,1066,42.41,1.5,4.6,6.16,NULL,23,2.34,NULL,1 biscuit,34
Heinz Weight Watcher Chocolate Eclair Frozen,Baked Foods,241,6.9,47,300,40.3,2.1,16.8,4.4,NULL,48,0.7,NULL,1 eclair frozen,59
Interstate Brands Corp Wonder Hamburger Rolls,Baked Foods,273,4.15,NULL,488,50.84,2.6,11.06,8.07,NULL,87,2.22,NULL,1 serving,43
Nabisco Nabisco Snackwells Fat Free Devils Food Cookie Cakes,Baked Foods,305,1.09,0,174,74.25,1.6,43.38,5,NULL,30,2.78,111,1 serving,16
Crackers Cheese Sandwich-Type With Cheese Filling,Baked Foods,490,24.41,6,878,58.76,1.9,12.33,8.92,NULL,89,2.13,295,6 cracker 1 cracker = 6.5g,39
Pancakes Plain Frozen Ready-To-Heat Microwave (Includes Buttermilk),Baked Foods,239,4.73,NULL,566,43.33,2.5,7.06,5.88,NULL,72,1.64,122,1 oz,28.4
Toaster Pastries Fruit Frosted (Include Apples Blueberry Cherry Strawberry),Baked Foods,385,9.02,0,311,71.83,1.8,31,4.01,0,12,4.35,86,1 piece,53
Toaster Pastries Fruit Toasted (Include Apple Blueberry Cherry Strawberry),Baked Foods,409,11.03,NULL,354,72.7,1,28.99,4.7,NULL,11,3.92,81,1 pastry,51
Muffin Blueberry Commercially Prepared Low-Fat,Baked Foods,255,4.22,28,413,50.05,4.2,27.05,4.23,0.1,35,2,96,1 muffin small,71
Pie Crust Refrigerated Regular Baked,Baked Foods,506,28.69,NULL,472,58.52,1.4,NULL,3.41,NULL,12,1.15,83,1 pie crust,198
Pie Crust Deep Dish Frozen Baked Made With Enriched Flour,Baked Foods,521,31.84,NULL,393,52.47,2.3,NULL,6.1,NULL,23,2.47,103,1 pie crust (average weight),202
Pie Crust Refrigerated Regular Unbaked,Baked Foods,445,25.46,NULL,409,51.11,1.8,NULL,2.97,NULL,10,1.02,73,1 pie crust (average weight),229
Crackers Whole-Wheat Reduced Fat,Baked Foods,416,7.59,0,745,75.52,10.9,1.22,11.34,0,39,3.56,373,1 serving,29
Crackers Wheat Reduced Fat,Baked Foods,444,13.37,0,776,71.52,3.4,15.01,9.34,0,80,5.02,210,1 serving,29
Bread Pan Dulce Sweet Yeast Bread,Baked Foods,367,11.58,30,228,56.38,2.3,12.5,9.42,0,86,2.87,103,1 slice (average weight of 1 slice),63
Keikitos (Muffins) Latino Bakery Item,Baked Foods,467,25.24,NULL,515,53.16,1.2,25.81,6.81,NULL,63,2.53,90,1 piece,42
Cake Pound Bimbo Bakeries Usa Panque Casero Home Baked Style,Baked Foods,418,21.7,NULL,357,48.94,1,28.77,6.62,NULL,52,1.51,101,1 slice,39
Pan Dulce La Ricura Salpora De Arroz Con Azucar Cookie-Like Contains Wheat Flour And Rice Flour,Baked Foods,445,16.11,NULL,445,66.28,1.2,21.86,8.81,NULL,52,2.52,94,1 piece (1 serving),42
Garlic Bread Frozen,Baked Foods,350,16.61,0,544,41.72,2.5,3.69,8.36,0.2,27,3.05,103,1 slice presliced,43
Cinnamon Buns Frosted (Includes Honey Buns),Baked Foods,452,26.61,5,305,48.6,1.2,25.7,4.45,0,183,1.37,102,1 bun,65
Crackers Cheese Reduced Fat,Baked Foods,418,11.67,0,1167,68.19,3.3,0,10,0,67,4.8,141,1 serving,30
Crackers Saltines Whole Wheat (Includes Multi-Grain),Baked Foods,398,10.71,0,1214,68.25,6.7,0,7.14,0,0,5.14,221,1 serving,14
Bread Potato,Baked Foods,266,3.13,0,375,47.07,6.3,9.38,12.5,0.1,188,2.25,718,1 slice,32
Bread Cheese,Baked Foods,408,20.83,10,750,44.83,2.1,2.08,10.42,0.1,90,2.49,84,1 slice,48
Focaccia Italian Flatbread Plain,Baked Foods,249,7.89,0,561,35.82,1.8,1.75,8.77,0,35,3.16,114,1 piece,57
Schifftigers Milk Bar,Sweets,387,14.29,2,168,56.46,2.3,36.4,16.8,0,429,10.28,294,,NULL
Toblerone Milk Chocolate With Honey And Almond Nougat,Sweets,489,28.57,14,54,61.21,2.5,55.74,5.71,0,126,1.6,260,1 bar,35
Snacks Corn-Based Extruded Onion-Flavor,Snacks,499,22.6,0,950,65.1,3.9,4.83,7.7,0,29,3.72,143,1 oz,28.4
Snacks Corn-Based Extruded Puffs Or Twists Cheese-Flavor,Snacks,567,36.54,7,928,54.54,0.8,3.57,5.46,0.1,53,1.69,180,1 oz,28.4
Snacks Kraft Cornnuts Plain,Snacks,446,15.64,0,564,71.86,6.9,0.61,8.5,0,9,1.67,278,1 oz,28.4
Snacks Crisped Rice Bar Chocolate Chip,Snacks,404,13.5,0,278,73,2.2,NULL,5.1,NULL,21,6.3,168,1 bar (1 oz),28
Snacks Granola Bars Hard Chocolate Chip,Snacks,438,16.3,0,344,72.1,4.4,NULL,7.3,NULL,77,3.05,251,1 oz,28.4
Fruit Syrup,Sweets,341,0,0,0,85.13,0.1,53,0,0,8,0.04,7,1 cup,334
Snacks Granola Bars Soft Uncoated Plain,Snacks,443,17.2,0,278,67.3,4.6,NULL,7.4,NULL,105,2.56,325,1 bar (1 oz),28
Snacks Granola Bars Soft Uncoated Peanut Butter,Snacks,426,15.8,0,409,64.4,4.3,NULL,10.5,NULL,91,2.13,291,1 bar (1 oz),28
Topping Smuckers Magic Shell,Sweets,609,44.1,2,29,50.07,2.9,47.06,2.94,0,0,0,73,,NULL
Syrup Fruit Flavored,Sweets,261,0.02,0,0,65.1,0,65,0,0,0,0.03,1,1 serving,20
Snacks Oriental Mix Rice-Based,Snacks,506,25.58,0,413,51.62,13.2,3,17.31,0,54,2.44,328,1 oz,28.4
Snacks Popcorn Air-Popped,Snacks,387,4.54,0,8,77.78,14.5,0.87,12.94,0,7,3.19,329,1 cup,8
Snacks Popcorn Cheese-Flavor,Snacks,526,33.2,11,889,51.6,9.9,0.79,9.3,0,113,2.24,261,1 cup,11
Snacks Pork Skins Plain,Snacks,544,31.3,95,1818,0,0,0,61.3,0,30,0.88,127,1 oz,28.4
Snacks Potato Chips Barbecue-Flavor,Snacks,487,31.06,0,545,55.92,3.8,5.47,6.51,0,32,1.36,1186,1 oz,28.4
Snacks Potato Chips Sour-Cream-And-Onion-Flavor,Snacks,531,33.9,7,549,51.5,5.2,NULL,8.1,NULL,72,1.6,1331,1 oz,28.4
Snacks M&m Mars Combos Snacks Cheddar Cheese Pretzel,Snacks,463,16.92,5,1117,66.5,3.6,17.6,9.85,0.1,197,0.92,130,1 oz,28.4
Snacks Pretzels Hard Whole-Wheat Including Both Salted And Unsalted,Snacks,362,2.6,0,203,81.3,7.7,NULL,11.1,NULL,28,2.69,430,1 oz,28.4
Snacks Rice Cracker Brown Rice Plain,Snacks,387,2.8,0,166,81.5,4.2,0.89,8.2,0,11,1.49,290,1 cake,9
Snacks Rice Cakes Brown Rice Buckwheat,Snacks,380,3.5,0,116,80.1,3.8,NULL,9,NULL,11,1.14,299,1 cake,9
Snacks Trail Mix Tropical,Snacks,442,17.1,0,95,65.6,NULL,NULL,6.3,NULL,57,2.64,709,1 cup,140
Trail Mix,Snacks,484,31.9,4,121,44.9,5,23.88,14.2,0,109,3.39,648,1 cup,146
Snacks Tortilla Chips Taco-Flavor,Snacks,480,24.2,0,787,63.1,5.3,NULL,7.9,NULL,155,2.02,217,1 oz,28.4
Tootsie Roll Chocolate-Flavor Roll,Sweets,387,3.31,2,44,87.73,0.1,56.32,1.59,NULL,36,0.8,116,1 serving 6 pieces,40
Butterscotch Candy,Sweets,391,3.3,9,391,90.4,0,80.46,0.03,0,4,0.01,3,1 oz,28.4
Carob Unsweetened,Sweets,540,31.36,1,107,56.29,3.8,34.11,8.15,0,303,1.29,633,1 oz,28.4
Caramel Candy,Sweets,382,8.1,7,245,77,0,65.5,4.6,0,138,0.14,214,1 package (2.5 oz),71
Caramello Candy Bar,Sweets,462,21.19,27,122,63.81,1.2,56.92,6.19,NULL,213,1.09,341,1 bar 1.25 oz,35
Semisweet Chocolate,Sweets,480,30,0,11,63.9,5.9,54.5,4.2,0,32,3.13,365,1 serving,14.5
Sweet Chocolate,Sweets,507,34.2,0,16,60.4,5.5,51.48,3.9,0,24,2.76,290,1 oz,28.4
Sweet Chocolate Coated Fondant,Sweets,366,9.3,0,26,80.4,2.1,71.42,2.2,0,17,1.56,168,1 patty large,43
Hersheys Golden Almond Solitaires,Sweets,569,37.13,13,52,46.85,4.4,37.13,11.97,NULL,203,2.5,NULL,13 pieces,41
Confectioners Coating Butterscotch,Sweets,539,29.05,0,89,67.1,0,67.1,2.2,0,34,0.08,64,1 cup chips,170
Ice Creams French Vanilla Soft-Serve,Sweets,222,13,91,61,22.2,0.7,21.16,4.1,0.7,131,0.21,177,1/2 cup (4 fl oz),86
York Peppermint Pattie,Sweets,384,7.17,1,28,80.99,2,63.78,2.19,NULL,11,0.92,111,1 patty 1.5 oz,43
Twizzlers Nibs Cherry Bits,Sweets,347,2.64,0,195,79.37,0.6,51.35,2.3,NULL,8,0.28,37,27 pieces,40
Symphony Milk Chocolate Bar,Sweets,531,30.57,24,101,58.01,1.7,53.96,8.51,NULL,251,0.91,438,1 bar 1.5 oz,42
5th Avenue Candy Bar,Sweets,482,23.98,6,225,62.68,3.1,47.19,8.78,0,73,1.2,347,1 bar 2 oz,56
Fondant Prepared-From-Recipe,Sweets,373,0.02,0,11,93.18,0,88.9,0,0,3,0.01,4,1 oz,28.4
Fudge Chocolate Prepared-From-Recipe,Sweets,410,10.41,14,45,76.7,1.7,73.12,2.39,0,49,1.77,134,1 piece,17
Fudge Chocolate With Nuts Prepared-From-Recipe,Sweets,460,18.93,12,39,68.15,2.5,63.37,4.38,0,57,1.97,183,1 oz,28.4
Jelly Gumdrops,Sweets,396,0,0,44,98.9,0.1,58.97,0,0,3,0.4,5,1 cup gumdrops,182
Hard Candy,Sweets,394,0.2,0,38,98,0,62.9,0,0,3,0.3,5,1 oz,28.4
Jellybeans,Sweets,375,0.05,0,50,93.55,0.2,70,0,0,3,0.13,37,10 small,11
Kit Kat Wafer Bar,Sweets,518,25.99,11,54,64.59,1,48.68,6.51,0,125,1,231,1 bar (1.5 oz),42
Krackel Chocolate Bar,Sweets,523,26.58,11,196,64.34,2.2,52.53,6.62,NULL,158,1.06,325,1 bar 1.45 oz,41
Mars Snackfood Us Mars Almond Bar,Sweets,467,23,17,170,62.7,2,52.1,8.1,0,168,1.1,325,1 bar (1.76 oz),50
Marshmallows,Sweets,318,0.2,0,80,81.3,0.1,57.56,1.8,0,3,0.23,5,1 cup of miniature,50
Halavah Plain,Sweets,469,21.52,0,195,60.49,4.5,NULL,12.49,NULL,33,4.53,187,1 oz,28.4
Nestle Oh Henry! Bar,Sweets,462,23,7,193,65.5,1.9,46.2,7.7,0,69,0.5,259,1 bar 2 oz,57
Puddings Chocolate Dry Mix Instant Prepared With 2% Milk,Sweets,105,1.92,6,284,18.89,0.4,NULL,3.15,0.8,104,0.4,168,1/2 cup from 19211,142
Baking Chocolate Mexican Squares,Sweets,426,15.59,0,3,77.41,4,69.4,3.64,0,34,2.18,397,1 tablet,20
Chocolate-Flavored Hazelnut Spread,Sweets,539,29.73,0,41,62.36,5.4,54.05,5.41,0,108,4.38,407,1 serving 2 tbsp,37
Milk Chocolate Coated Peanuts,Sweets,519,33.5,9,41,49.7,4.7,37.59,13.1,0,104,1.31,502,1 cup,149
Glutino Gluten Free Wafers Lemon Flavored,Baked Foods,515,24.18,NULL,111,74.39,0,42.31,0,NULL,9,0.18,36,3 cookies,30
Glutino Gluten Free Wafers Milk Chocolate,Baked Foods,541,30.42,NULL,122,62.82,1.6,40.99,4.06,NULL,109,3.67,340,3 cookies,23
Marys Gone Crackers Original Crackers Organic Gluten Free,Baked Foods,446,15.63,NULL,587,64.29,16.2,1,12.06,NULL,223,3.17,477,3 crackers,7.4
Pepperidge Farm Goldfish Baked Snack Crackers Cheddar,Baked Foods,457,16.11,NULL,874,66.2,NULL,0.69,11.71,NULL,114,4.26,199,10 goldfish,5.2
Pepperidge Farm Goldfish Baked Snack Crackers Explosive Pizza,Baked Foods,458,16.82,NULL,868,67.2,NULL,2.4,9.56,NULL,47,4.43,296,10 goldfish,5.3
Sage Valley Gluten Free Vanilla Sandwich Cookies,Baked Foods,499,22.15,NULL,212,71.88,1,43.94,3.13,NULL,17,0.45,144,3 cookies,44
Schar Gluten-Free Classic White Rolls,Baked Foods,239,2.65,NULL,593,50.47,5.1,6.87,3.34,NULL,180,3.57,76,1 roll,78
Schar Gluten-Free Wheat-Free Classic White Bread,Baked Foods,240,4.47,NULL,441,46.13,5.1,3.34,3.81,NULL,159,3.17,66,,NULL
Udis Gluten Free Classic French Dinner Rolls,Baked Foods,310,6.4,NULL,707,55.1,3.6,9.53,7.99,NULL,82,0.78,161,1 roll,36
Vans Gluten Free Totally Original Waffles,Baked Foods,248,8.22,NULL,508,40.54,NULL,1.73,2.99,NULL,48,0.56,121,1 waffle,47
Vans The Perfect 10 Crispy Six Whole Grain + Four Seed Baked Crackers Gluten Free,Baked Foods,471,18.93,NULL,730,67.57,NULL,NULL,7.63,NULL,57,1.94,255,3 crackers,8.4
Bread Multi-Grain (Includes Whole-Grain),Baked Foods,265,4.23,0,381,43.34,7.4,6.39,13.36,0,103,2.5,230,1 oz,28.4
Cookies Animal Crackers (Includes Arrowroot Tea Biscuits),Baked Foods,446,13.8,0,335,74.1,1.1,23.3,6.9,0,43,2.75,100,1 oz,28.4
Sweet Potatoes French Fried Crosscut Frozen Unprepared,Vegetables,209,11.1,0,214,25.52,3.4,6.46,1.7,NULL,39,0.44,244,3 oz,85
Sweet Potato Puffs Frozen Unprepared,Vegetables,161,3.58,0,250,30.72,1.9,7.65,1.36,NULL,57,0.4,248,3 oz,85
Mouse Nuts Roots (Alaska Native),American Indian,81,0.1,NULL,NULL,16.1,NULL,NULL,3.9,NULL,22,NULL,NULL,,NULL
Mouse Nuts Seedlings (Alaska Native),American Indian,104,1.1,NULL,NULL,16.3,NULL,NULL,7.3,NULL,17,NULL,NULL,,NULL
Octopus (Alaska Native),American Indian,56,0.8,41,NULL,0,NULL,NULL,12.3,NULL,35,4.9,NULL,,NULL
Seal Bearded (Oogruk) Meat Dried (Alaska Native),American Indian,351,2.3,NULL,NULL,0,0,0,82.6,NULL,NULL,49.6,NULL,,NULL
Fish Pike Northern Liver (Alaska Native),American Indian,156,8,NULL,NULL,4.3,NULL,NULL,16.6,NULL,28,2.1,NULL,,NULL
Rhubarb Wild Leaves (Alaska Native),American Indian,61,0.5,NULL,NULL,9.9,NULL,NULL,4.2,NULL,NULL,NULL,NULL,,NULL
Fish Salmon Tipnuk Fermented (Alaska Native),American Indian,159,10.6,NULL,NULL,0,NULL,NULL,15.9,NULL,NULL,NULL,NULL,,NULL
Fish Salmon King Chinook Kippered Canned (Alaska Native),American Indian,266,15.9,NULL,NULL,0,NULL,NULL,30.7,NULL,38,1.7,NULL,,NULL
Seal Ringed Meat (Alaska Native),American Indian,142,3.2,90,110,0,NULL,NULL,28.4,NULL,5,19.6,NULL,,NULL
Seal Ringed Liver (Alaska Native),American Indian,116,3.3,NULL,NULL,2.9,NULL,NULL,18.6,NULL,13,13.5,NULL,,NULL
Soup Fish Homemade (Alaska Native),American Indian,72,2.2,12,30,5.6,NULL,NULL,7.4,NULL,35,0.5,128,,NULL
Sourdock Young Leaves (Alaska Native),American Indian,42,0.7,NULL,NULL,6.5,NULL,NULL,2.3,NULL,2,0.8,NULL,,NULL
Walrus Meat Raw (Alaska Native),American Indian,199,13.6,80,NULL,0,NULL,NULL,19.2,NULL,18,9.4,NULL,,NULL
Walrus Meat And Subcutaneous Fat Raw (Alaska Native),American Indian,282,24.1,NULL,NULL,0,NULL,NULL,16.3,NULL,NULL,9.4,NULL,,NULL
Walrus Liver Raw (Alaska Native),American Indian,125,3,NULL,NULL,3.5,NULL,NULL,21,NULL,NULL,14.4,NULL,,NULL
Oil Walrus (Alaska Native),American Indian,900,100,120,NULL,0,NULL,NULL,0,NULL,0,NULL,NULL,,NULL
Fish Whitefish Mixed Species Raw (Alaska Native),American Indian,131,6.1,55,51,0,NULL,NULL,18.9,NULL,NULL,0.29,317,,NULL
Fish Whitefish Broad Head Eyes Cheeks And Soft Bones (Alaska Native),American Indian,107,3.6,NULL,NULL,0,NULL,NULL,18.6,NULL,NULL,3.9,NULL,,NULL
Willow Leaves In Oil (Alaska Native),American Indian,592,61,NULL,NULL,8.1,NULL,NULL,2.6,NULL,NULL,1.3,NULL,,NULL
Willow Young Leaves Chopped (Alaska Native),American Indian,122,1.6,NULL,NULL,20.7,NULL,NULL,6.1,NULL,130,2.6,NULL,,NULL
Corn White Steamed (Navajo),American Indian,386,5.18,NULL,4,75.2,16.6,6.47,9.72,NULL,14,2.29,532,,NULL
Cornmeal White (Navajo),American Indian,398,5.04,NULL,4,77.14,10.4,1.46,10.99,NULL,11,3.79,443,,NULL
Cornmeal Yellow (Navajo),American Indian,384,5.88,NULL,4,72.9,9.4,1.56,9.85,NULL,6,2.99,322,,NULL
Squash Indian Raw (Navajo),American Indian,26,0.2,NULL,20,5.64,NULL,3.54,0.52,NULL,9,0.17,205,,NULL
Tortilla Includes Plain And From Mutton Sandwich (Navajo),American Indian,237,0.95,NULL,482,49.94,2.4,2.75,7.28,NULL,70,3.81,105,1 serving,197
Stew Dumpling With Mutton (Navajo),American Indian,101,3.78,28,46,8.03,NULL,0.21,8.71,NULL,14,1.79,82,1 serving,308
Stew Hominy With Mutton (Navajo),American Indian,83,2.06,13,45,9.38,2,0.11,6.71,NULL,8,0.81,118,1 serving,411
Stew Mutton Corn Squash (Navajo),American Indian,103,4.34,43,49,7.27,1.7,0.61,8.62,NULL,38,1.21,199,1 serving,303
Fish Salmon Sockeye (Red) Raw (Alaska Native),American Indian,153,7.28,64,60,0,0,0,21.94,NULL,7,0.53,360,,NULL
Fish Salmon Chum Raw (Alaska Native),American Indian,116,3.67,59,59,0,0,0,20.69,NULL,7,0.56,370,,NULL
Fish Salmon King (Chinook) Raw (Alaska Native),American Indian,187,11.73,61,48,0,0,0,20.25,NULL,42,0.79,370,,NULL
Salmonberries Raw (Alaska Native),American Indian,47,0.33,NULL,14,10.05,1.9,3.66,0.85,NULL,13,0.4,110,,NULL
Caribou Shoulder Meat Dried (Alaska Native),American Indian,271,3.67,164,950,0,0,0,59.38,0,14,11,810,,NULL
Caribou Hind Quarter Meat Raw (Alaska Native),American Indian,122,3.37,81,52,0,0,0,22.63,NULL,5,4.1,320,,NULL
Seal Bearded (Oogruk) Meat Dried In Oil (Alaska Native),American Indian,367,25.08,64,120,0,0,0,35.31,NULL,7,17,400,,NULL
Fish Whitefish Dried (Alaska Native),American Indian,371,13.44,266,200,0,0,0,62.44,NULL,810,4.1,1080,,NULL
Seal Bearded (Oogruk) Meat Low Quadrant Raw (Alaska Native),American Indian,186,10.17,121,57,0,0,0,23.63,NULL,4,17,210,,NULL
Fish Salmon Chum Dried (Alaska Native),American Indian,378,14.38,214,190,0,0,0,62.09,NULL,155,2.2,910,,NULL
Elk Free Range Ground Cooked Patties (Shoshone Bannock),American Indian,143,2.8,70,56,0,NULL,0,29.45,NULL,5,9.06,379,,NULL
Elk Free Range Ground Raw (Shoshone Bannock),American Indian,97,1.8,NULL,49,0,0,0,20.14,NULL,4,7.17,328,,NULL
Elk Free Range Roast Eye Of Round Cooked (Shoshone Bannock),American Indian,148,2.85,63,50,0,0,0,30.56,NULL,4,2.68,369,,NULL
Chokecherries Raw Pitted (Shoshone Bannock),American Indian,156,0.98,NULL,2,33.88,17,14.22,2.89,0,40,0.4,309,,NULL
Steelhead Trout Dried Flesh (Shoshone Bannock),American Indian,382,8.06,227,2850,0,0,0,77.27,15.7,85,2.96,1720,,NULL
Steelhead Trout Boiled Canned (Alaska Native),American Indian,159,8.26,59,118,0,0,0,21.11,15.1,30,0.64,365,,NULL
Acorn Stew (Apache),American Indian,95,3.47,20,130,9.22,0.7,0.34,6.81,NULL,14,1,110,,NULL
Restaurant Italian Chicken Parmesan Without Pasta,Restaurant Foods,204,10.64,54,536,10.92,0.9,2.79,16.17,NULL,106,0.68,293,1 serving,301
Restaurant Latino Arroz Con Leche (Rice Pudding),Restaurant Foods,146,3.69,8,106,24.92,0.5,15.26,3.2,NULL,90,0.23,142,1 serving,283
Restaurant Latino Arroz Con Frijoles Negros (Rice And Black Beans),Restaurant Foods,151,3.85,NULL,420,24.4,3.4,0.86,4.64,NULL,37,1.57,224,1 serving,461
Restaurant Latino Arroz Con Habichuelas Colorados (Rice And Red Beans),Restaurant Foods,142,3.46,NULL,370,23.74,2.6,0.15,3.96,NULL,15,1.22,194,1 serving,590
Restaurant Latino Arroz Con Grandules (Rice And Pigeonpeas),Restaurant Foods,182,4.98,NULL,583,30.75,1.4,NULL,3.5,NULL,8,0.29,84,1 serving,653
Restaurant Latino Tamale Pork,Restaurant Foods,174,9.04,20,473,15.75,2.4,0.46,7.35,0.3,75,0.87,152,1 piece,142
Restaurant Latino Black Bean Soup,Restaurant Foods,103,2.57,1,311,14.79,4.9,0.89,5.1,NULL,42,1.76,340,1 cup,246
Restaurant Latino Tripe Soup,Restaurant Foods,74,2.58,59,411,4.07,NULL,NULL,8.61,NULL,22,0.68,81,1 cup,200
Restaurant Latino Arepa (Unleavened Cornmeal Bread),Restaurant Foods,219,5.38,5,270,37.14,2.6,0.87,5.48,NULL,89,1.04,88,1 piece,98
Restaurant Latino Bunuelos (Fried Yeast Bread),Restaurant Foods,462,26.24,NULL,418,48.57,1.5,12.24,8.02,NULL,215,1.78,104,1 piece,70
Restaurant Chinese Beef And Vegetables,Restaurant Foods,105,5.3,14,409,7.29,1.5,2.41,7.08,0.1,22,1.11,204,1 order,574
Cracker Barrel Chicken Tenderloin Platter Fried From Kids Menu,Restaurant Foods,294,15.41,42,871,20.24,1,0.19,18.67,NULL,12,0.58,330,1 serving,103
Cracker Barrel Country Fried Shrimp Platter,Restaurant Foods,287,16.77,89,1050,21.4,0.3,NULL,12.62,NULL,43,1.53,86,1 serving,149
Cracker Barrel Farm Raised Catfish Platter,Restaurant Foods,266,17.05,67,414,5.31,1.6,NULL,22.94,NULL,43,0.71,434,1 serving,178
Dennys Mozzarella Cheese Sticks,Restaurant Foods,324,17.87,32,1008,27.22,1.6,2.83,13.56,NULL,331,0.84,121,1 serving,228
Dennys Golden Fried Shrimp,Restaurant Foods,319,20.01,83,1400,20.93,1.5,0.75,13.88,NULL,47,1.54,128,1 piece,16
Dennys Macaroni & Cheese From Kids Menu,Restaurant Foods,150,4.92,7,300,21.16,1.2,4.2,5.19,NULL,83,0.79,165,1 serving,180
Dennys Chicken Nuggets Star Shaped From Kids Menu,Restaurant Foods,377,28.57,57,644,13.59,0.8,0,16.27,NULL,16,1.34,244,1 serving 4 pieces in serving,67
Restaurant Chinese Shrimp And Vegetables,Restaurant Foods,78,4.05,36,375,4.52,1.4,2.16,5.9,NULL,36,0.72,192,1 order,601
Restaurant Chinese Sweet And Sour Chicken,Restaurant Foods,250,12.65,27,246,23.86,1,11.47,10.1,0.2,45,2.12,158,1 order,706
Restaurant Chinese Sweet And Sour Pork,Restaurant Foods,270,15.66,24,304,23.34,1,10.34,8.91,NULL,46,3.07,152,1 order,609
Restaurant Chinese Chicken Chow Mein,Restaurant Foods,85,2.8,16,311,8.29,1,1.74,6.76,NULL,21,0.67,124,1 order,604
Restaurant Chinese Vegetable Chow Mein Without Meat Or Noodles,Restaurant Foods,43,1.68,0,344,5.74,1.2,2.63,1.34,0,25,0.42,136,1 order,777
Olive Garden Spaghetti With Meat Sauce,Restaurant Foods,121,3.28,8,209,17.19,1.7,1.67,5.8,NULL,15,1.03,164,1 serving,525
Carrabbas Italian Grill Spaghetti With Meat Sauce,Restaurant Foods,122,3.92,9,270,15.71,1.5,1.96,5.87,NULL,15,0.89,187,1 serving,537
Restaurant Chinese Sesame Chicken,Restaurant Foods,293,14.25,59,482,26.88,0.7,15.98,14.33,0.1,12,1.09,204,1 order,547
Syrups Grenadine,Sweets,268,0,0,27,66.91,0,46.55,0,0,6,0.05,28,1 tbsp,20
Imitation Cheese American Or Cheddar Low Cholesterol,Dairy and Egg Products,390,32,15,670,1,0,1,25,0,705,0.7,55,1 cup shredded,113
Babyfood Banana Juice With Low Fat Yogurt,Baby Foods,86,0.8,3,37,17.54,0.4,13.28,2.5,0,79,0.2,160,1 fl oz,31.5
Babyfood Mixed Fruit Juice With Low Fat Yogurt,Baby Foods,74,0.8,3,36,14.68,0.4,10.8,2.4,0,81,0.2,137,1 fl oz,31.5
Turkey Ham Sliced Extra Lean Prepackaged Or Deli-Sliced,Meats,134,5.8,67,1038,0.93,0,0.5,19.6,0,5,1.35,299,1 cup pieces,138
Salad Dressing Peppercorn Dressing Commercial Regular,Fats and Oils,564,61.4,49,1103,3.5,0,2.45,1.2,0.1,22,0.35,176,1 tbsp,13.4
Mayonnaise Reduced-Calorie Or Diet Cholesterol-Free,Fats and Oils,333,33.3,0,733,6.7,0,4.2,0.9,0,0,0,67,1 tbsp,14.6
Granola Bar Soft Milk Chocolate Coated Peanut Butter,Snacks,536,31.2,12,193,54.1,3.8,23.63,9.6,0,108,1.45,339,1 oz,28.4
Salad Dressing Italian Dressing Reduced Calorie,Fats and Oils,200,20,0,1074,6.7,0.2,1.94,0.3,0,6,0.13,33,1 tbsp,14
Cream Substitute Liquid Light,Dairy and Egg Products,71,3.5,0,60,9.1,0,9.1,0.8,0,1,0.56,177,1 fl oz,30
Cheese Monterey Low Fat,Dairy and Egg Products,313,21.6,65,781,0.7,0,0.56,28.2,0.4,705,0.72,81,1 cup diced,132
Creamy Dressing Made With Sour Cream And/or Buttermilk And Oil Reduced Calorie Fat-Free,Fats and Oils,107,2.7,0,897,20,0,5.35,1.4,0,36,0.25,133,1 tbsp,17
Creamy Dressing Made With Sour Cream And/or Buttermilk And Oil Reduced Calorie Cholesterol-Free,Fats and Oils,140,8,0,932,16,0,3.28,1,0,36,0.26,49,1 tbsp,15
Bologna Beef Low Fat,Meats,204,14.8,44,821,5.2,0,0,11.8,0.4,9,1,147,1 slice,28
Mars Snackfood Us Twix Chocolate Fudge Cookie Bars,Sweets,553,33.3,6,266,56,3,53,7.3,0,130,1.31,309,2 cookie 2011 label,51
Frozen Yogurts Chocolate Nonfat Milk Sweetened Without Sugar,Sweets,107,0.8,4,81,19.7,2,12.61,4.4,0,159,0.04,339,1 cup,186
Frozen Yogurts Chocolate,Sweets,131,3.6,13,63,21.6,2.3,19.24,3,0.1,100,0.46,234,1 cup,174
Frozen Yogurts Flavors Other Than Chocolate,Sweets,127,3.6,13,63,21.6,0,19.92,3,0.1,100,0.46,156,1 cup,174
Papad,Beans and Lentils,371,3.25,4,1745,59.87,18.6,0,25.56,0,143,7.8,1000,,NULL
Rice Cake Cracker (Include Hain Mini Rice Cakes),Snacks,392,4.3,0,71,81.1,4.2,0.88,7.1,0,11,1.49,428,1 cubic inch,4.2
Mars Snackfood Us M&Ms Almond Chocolate,Sweets,522,27.76,8,45,60.5,5.6,49.22,7.53,0,155,1.73,381,1 serving 1.31 oz bag,37
Salad Dressing Coleslaw Dressing Reduced Fat,Fats and Oils,329,20,25,1600,40,0.4,38.73,0,0,36,0.26,50,1 tbsp,17
Pork Cured Ham Low Sodium Lean And Fat Cooked,Meats,172,8.3,58,969,0.3,0,0,22.3,0.8,8,1.37,386,1 oz boneless,28.4
Pork Cured Ham Boneless Low Sodium Extra Lean (Approximately 5% Fat) Roasted,Meats,145,5.5,53,969,1.5,0,0,20.9,0.8,8,1.48,287,1 oz,28.4
Salad Dressing Mayonnaise And Mayonnaise-Type Low Calorie,Fats and Oils,263,19,26,837,23.9,0,4.34,0.9,0,14,0.26,24,1 tbsp,14.5
Frozen Novelties Juice Type Orange,Sweets,95,0,0,8,23.17,0.1,19.99,0.5,0,9,0.47,100,1 fl oz,29.8
Cheese Cottage Lowfat 1% Milkfat No Sodium Added,Dairy and Egg Products,72,1,4,13,2.7,0,2.7,12.4,0,61,0.14,86,4 oz,113
Mayonnaise Low Sodium Low Calorie Or Diet,Fats and Oils,231,19.2,24,110,16,0,4.2,0.3,0,0,0,10,1 tbsp,14
Snacks Tortilla Chips Unsalted White Corn,Snacks,503,23.36,0,15,65.32,5.3,1,7.79,0,174,2.32,215,1 cup,26
Cranberry Juice Unsweetened,Fruits,46,0.13,0,2,12.2,0.1,12.1,0.39,0,8,0.25,77,1 cup,253
Beef Bologna Reduced Sodium,Meats,310,28.4,56,682,2,0,0,11.7,0.7,12,1.4,155,1 cup pieces,138
Turnip Greens Canned No Salt Added,Vegetables,19,0.3,0,29,2.81,1.3,0.42,1.36,0,118,1.51,141,1 cup,144
Turkey Light Or Dark Meat Smoked Cooked With Skin Bone Removed,Meats,208,9.7,82,996,0,0,0,28.1,0,26,1.79,280,3 oz boneless,85
Cheese Pasteurized Process Cheddar Or American Low Sodium,Dairy and Egg Products,376,31.19,94,7,1.6,0,0.45,22.2,0.6,616,0.39,162,1 cup diced,140
Coffee Instant With Whitener Reduced Calorie,Beverages,509,29.1,0,0,59.94,0.5,59,1.96,0,18,0.06,909,1 tsp dry,1.7
Cranberry-Apple Juice Drink Low Calorie With Vitamin C Added,Beverages,19,0,0,5,4.7,0.1,4.6,0.1,0,10,0.06,45,1 cup (8 fl oz),240
Cheese Swiss Low Sodium,Dairy and Egg Products,374,27.4,92,14,3.4,0,1.31,28.4,0.5,961,0.17,111,1 slice,28
Babyfood Dinner Macaroni Beef And Tomato Sauce Toddler,Baby Foods,82,1.9,7,35,11.53,1.1,0.37,4.34,0,12,0.8,148,1 tbsp,16
Rolls Pumpernickel,Baked Foods,276,2.8,0,492,51.87,5.4,0.4,10.8,0,67,2.78,208,1 medium (2-1/2 inch dia),36
Extruded Corn Chips,Snacks,557,33.4,0,15,57.4,4.4,1.41,6.6,0,124,1.7,185,1 cup crushed,88
Beans Baked Canned No Salt Added,Beans and Lentils,105,0.4,0,1,20.49,5.5,7.78,4.8,0,50,0.29,296,1 cup,253
Jellyfish Dried Salted,Fish,36,1.4,5,9690,0,0,0,5.5,0,2,2.27,3,1 cup,58
Frozen Novelties Ice Cream Type Chocolate Or Caramel Covered With Nuts,Sweets,323,20.2,1,92,30.9,0.6,30,4.4,0.2,252,0.72,238,1 bar,54
Frankfurter Low Sodium,Meats,312,28.51,61,311,1.8,0,0,12,0.9,20,1.43,166,1 frankfurter,57
Frozen Novelties Ice Type Pop With Low Calorie Sweetener,Sweets,24,0,0,10,5.92,0,1.52,0,0,0,0.67,11,1 serving 1.75 fl oz pop,55
Babyfood Dessert Peach Yogurt,Baby Foods,77,0.18,4,14,17.6,0.4,11.11,0.9,0,27,0.4,102,1 tbsp,15
Babyfood Dessert Blueberry Yogurt Strained,Baby Foods,77,0.7,4,14,17.05,0.4,13.62,0.5,0,25,0.2,62,1 tbsp,15
Babyfood Dessert Banana Yogurt Strained,Baby Foods,78,0.52,1,14,17.35,0.5,12.2,1.1,0,30,0.14,100,1 tbsp,15
Ice Creams Chocolate Rich,Sweets,251,16.98,60,57,19.78,0.9,17.35,4.72,0.3,142,1.02,238,1 cup,148
Snacks Tortilla Chips Light (Baked With Less Oil),Snacks,465,15.2,0,400,73.4,5.7,0.53,8.7,0,159,1.63,272,1 cup crushed,63
Post Honey Bunches Of Oats Honey Roasted,Breakfast Cereals,401,5.46,0,454,81.19,4.2,19.79,7.12,4.6,23,34.82,209,3/4 cup (1 nlea serving),30
Popcorn Microwave Low Fat And Sodium,Snacks,429,9.5,0,490,73.39,14.2,0.54,12.6,0,11,2.28,241,1 oz,28.4
Babyfood Fruit Supreme Dessert,Baby Foods,73,0.2,0,1,17.18,2,14.87,0.5,0,6,0.17,129,1 tbsp,15
Cheese Swiss Low Fat,Dairy and Egg Products,179,5.1,35,199,3.4,0,1.33,28.4,0.1,961,0.17,111,1 slice (1 oz),28
Sweeteners Tabletop Fructose Liquid,Sweets,279,0,0,2,76.1,0.1,76,0,0,1,0.11,0,1 serving,0.1
Puddings Chocolate Flavor Low Calorie Instant Dry Mix,Sweets,356,2.4,0,2838,78.2,6.1,0.7,5.3,0,126,3.11,1279,1 serving,9.9
Babyfood Grape Juice No Sugar Canned,Baby Foods,62,0,0,10,15.38,0,15.3,0,0,12,0.3,90,,NULL
Jellies Reduced Sugar Home Preserved,Sweets,179,0.03,0,2,46.1,0.8,45.3,0.3,0,5,0.18,71,1 tbsp,19
Puddings All Flavors Except Chocolate Low Calorie Instant Dry Mix,Sweets,350,0.9,0,3750,84.66,0.8,0.9,0.81,0,143,0.38,30,1 serving,8
Vital Wheat Gluten,Grains and Pasta,370,1.85,0,29,13.79,0.6,0,75.16,0,142,5.2,100,,NULL
Frog Legs Raw,Fish,73,0.3,50,58,0,0,0,16.4,0.2,18,1.5,285,1 leg,45
Fish Mackerel Salted,Fish,305,25.1,95,4450,0,0,0,18.5,25.2,66,1.4,520,1 piece (5-1/2 inch x 1-1/2 inch x 1/2 inch),80
Java Plum,Fruits,60,0.23,0,14,15.56,NULL,NULL,0.72,NULL,19,0.19,79,1 cup,135
Jujube,Fruits,79,0.2,0,3,20.23,NULL,NULL,1.2,NULL,21,0.48,250,,NULL
Dried Jujube,Fruits,281,0.5,0,5,72.52,6,NULL,4.72,NULL,63,5.09,217,,NULL
Kiwifruit,Fruits,61,0.52,0,3,14.66,3,8.99,1.14,0,34,0.31,312,1 cup sliced,180
Kumquats,Fruits,71,0.86,0,10,15.9,6.5,9.36,1.88,0,62,0.86,186,1 fruit without refuse,19
Limes,Fruits,30,0.2,0,2,10.54,2.8,1.69,0.7,0,33,0.6,102,1 fruit (2 inch dia),67
Lime Juice,Fruits,25,0.07,0,2,8.42,0.4,1.69,0.42,0,14,0.09,117,1 cup,242
Lime Juice Canned Or Bottled Unsweetened,Fruits,21,0.23,0,16,6.69,0.4,1.37,0.25,0,12,0.23,75,1 cup,246
Dried Blueberries (Sweetened),Fruits,317,2.5,0,3,80,7.5,67.5,2.5,0,19,0.9,214,1/4 cup,40
Prunes Canned Heavy Syrup Pack Solids And Liquids,Fruits,105,0.2,0,3,27.8,3.8,NULL,0.87,0,17,0.41,226,1 cup,234
Prunes (Low-Moisture),Fruits,339,0.73,0,5,89.07,NULL,NULL,3.7,0,72,3.52,1058,1 cup,132
Prunes Dehydrated (Low-Moisture) Stewed,Fruits,113,0.24,0,2,29.7,NULL,NULL,1.23,0,24,1.17,353,1 cup,280
Prunes (Dried Plums),Fruits,240,0.38,0,2,63.88,7.1,38.13,2.18,0,43,0.93,732,1 cup pitted,174
Quinces,Fruits,57,0.1,0,4,15.3,1.9,NULL,0.4,NULL,11,0.7,197,1 fruit without refuse,92
Golden Seedless Raisins,Fruits,301,0.2,0,24,80.02,3.3,65.7,3.28,0,64,0.98,746,1 cup packed,165
Raisins,Fruits,299,0.25,0,26,79.32,4.5,65.18,3.3,0,62,1.79,744,1 cup packed,165
Raisins Seeded,Fruits,296,0.54,0,28,78.47,6.8,NULL,2.52,0,28,2.59,825,1 cup packed,165
Rambutan Canned Syrup Pack,Fruits,82,0.21,0,11,20.87,0.9,NULL,0.65,NULL,22,0.35,42,1 cup drained,150
Rhubarb Frozen Uncooked,Fruits,21,0.11,0,2,5.1,1.8,1.1,0.55,0,194,0.29,108,1 cup diced,137
Rhubarb Frozen Cooked With Sugar,Fruits,116,0.05,0,1,31.2,2,28.7,0.39,0,145,0.21,96,1 cup,240
Roselle,Fruits,49,0.64,0,6,11.31,NULL,NULL,0.96,NULL,215,1.48,208,1 cup without refuse,57
Rose Apples,Fruits,25,0.3,0,0,5.7,NULL,NULL,0.6,NULL,29,0.07,123,,NULL
Strawberries Canned Heavy Syrup Pack Solids And Liquids,Fruits,92,0.26,0,4,23.53,1.7,21.83,0.56,0,13,0.49,86,1 cup,254
Frozen Strawberries,Fruits,35,0.11,0,2,9.13,2.1,4.56,0.43,0,16,0.75,148,1 cup thawed,221
Strawberries Frozen Sweetened Sliced,Fruits,96,0.13,0,3,25.92,1.9,24.01,0.53,0,11,0.59,98,1 cup thawed,255
Sugar Apples,Fruits,94,0.29,0,9,23.64,4.4,NULL,2.06,NULL,24,0.6,247,1 cup pulp,250
Feijoa,Fruits,61,0.42,0,3,15.21,6.4,8.2,0.71,NULL,17,0.14,172,1 cup pureed,243
Asian Pears,Fruits,42,0.23,0,0,10.65,3.6,7.05,0.5,0,4,0,121,1 fruit 2-1/4 inch high x 2-1/2 inch dia,122
Fruit Cocktail Canned Heavy Syrup Drained,Fruits,70,0.1,0,6,18.8,1.7,17.14,0.47,0,7,0.29,90,1 cup,214
Blueberries Canned Light Syrup Drained,Fruits,88,0.4,0,3,22.66,2.6,17.45,1.04,0,6,0.43,54,1 cup,244
Blueberries Wild Canned Heavy Syrup Drained,Fruits,107,0.34,NULL,1,28.32,4.9,19.28,0.56,NULL,19,2.2,46,1 cup,319
Peaches Canned Heavy Syrup Drained,Fruits,72,0.18,0,6,18.43,1.2,14.66,0.52,0,3,0.27,94,1 cup,222
Pears Canned Heavy Syrup Drained,Fruits,74,0.18,0,5,19.08,2.7,16.42,0.24,0,6,0.22,66,1 cup,201
Plums Canned Heavy Syrup Drained,Fruits,89,0.14,0,19,23.12,1.5,21.58,0.44,0,10,0.84,93,1 cup with pits yields,183
Tangerines (Mandarin Oranges) Canned Juice Pack Drained,Fruits,38,0.04,0,5,9.41,1.2,8.25,0.75,0,12,0.27,136,1 cup,189
Peach Nectar Canned With Added Ascorbic Acid,Fruits,50,0.51,0,8,11.93,0.1,11.16,0.21,0,6,0.07,50,1 cup,249
Pear Nectar Canned With Added Ascorbic Acid,Fruits,60,0.01,0,4,15.76,0.6,15.16,0.11,0,5,0.26,13,1 cup,250
Pineapple Juice Canned Or Bottled Unsweetened With Added Ascorbic Acid,Fruits,53,0.12,0,2,12.87,0.2,9.98,0.36,0,13,0.31,130,1 cup,250
Apple Juice Frozen Concentrate Unsweetened Undiluted With Added Ascorbic Acid,Fruits,166,0.37,0,25,41,NULL,38.83,0.51,0,20,0.91,448,1 can (6 fl oz),211
Grapefruit Juice White Bottled Unsweetened Ocean Spray,Fruits,37,0.64,0,2,7.51,0.6,7.69,0.54,0,15,0.08,142,1 cup,247
Jackfruit Canned Syrup Pack,Fruits,92,0.14,0,11,23.94,0.9,NULL,0.36,NULL,44,0.29,96,1 cup drained,178
Medjool Dates,Fruits,277,0.15,NULL,1,74.97,6.7,66.47,1.81,0,64,0.9,696,1 date pitted,24
Durian,Fruits,147,5.33,0,2,27.09,3.8,NULL,1.47,NULL,6,0.43,436,1 cup chopped or diced,243
Pineapple (Traditional),Fruits,45,0.13,NULL,1,11.82,NULL,8.29,0.55,0,13,0.25,125,1 cup chunks,165
Pineapple Raw Extra Sweet Variety,Fruits,51,0.11,NULL,1,13.5,1.4,10.32,0.53,0,13,0.28,108,1 cup chunks,165
Clementines,Fruits,47,0.15,NULL,1,12.02,1.7,9.18,0.85,0,30,0.14,177,1 fruit,74
Guanabana Nectar Canned,Fruits,59,0.17,0,8,14.93,0.1,13.07,0.11,0,7,0.36,25,1 cup,251
Juice Apple And Grape Blend With Added Ascorbic Acid,Fruits,50,0.12,0,7,12.46,0.2,10.92,0.16,0,11,0.11,96,8 fl oz,250
Juice Apple Grape And Pear Blend With Added Ascorbic Acid And Calcium,Fruits,52,0.12,0,5,12.96,0.2,9.95,0.17,0,72,0.14,89,8 fl oz,250
Plantains Green Fried,Fruits,309,11.81,NULL,2,49.17,3.5,3.63,1.5,NULL,4,0.67,482,1 cup,118
Fried Yellow Plantains,Fruits,236,7.51,NULL,6,40.77,3.2,21.76,1.42,NULL,6,0.62,507,1 cup,169
Red Delicious Apples,Fruits,59,0.2,NULL,1,14.06,2.3,10.48,0.27,NULL,6,0.11,104,1 cup sliced,109
Golden Delicious Apples,Fruits,57,0.15,NULL,2,13.6,2.4,10.04,0.28,NULL,6,0.13,100,1 cup sliced,109
Granny Smith Apples,Fruits,58,0.19,NULL,1,13.61,2.8,9.59,0.44,NULL,5,0.15,120,1 cup sliced,109
Gala Apples,Fruits,57,0.12,NULL,1,13.68,2.3,10.37,0.25,NULL,7,0.12,108,1 cup sliced,109
Pineapple Juice Canned Not From Concentrate Unsweetened With Added Vitamins A C And E,Fruits,50,0.14,0,3,12.18,0.2,9.98,0.36,0,14,0.26,132,1 cup,250
Fortified Fruit Juice Smoothie,Fruits,71,0,0,4,16.67,2.9,12.08,0.42,NULL,0,0.15,154,8 fl oz,240
Grape Juice Canned Or Bottled Unsweetened With Added Ascorbic Acid And Calcium,Fruits,62,0.13,0,5,14.77,0.2,14.2,0.37,0,42,0.25,104,1 cup,253
Fruit Juice Smoothie Odwalla Original Superfood,Fruits,50,0.36,0,3,11.51,0.6,10.16,0.63,0,7,0.39,145,1 cup,227
Frozen Raspberries,Fruits,56,0.81,0,4,12.55,4.3,6.54,1.15,0,24,0.76,184,1 cup unthawed,140
Guava Nectar With Sucralose Canned,Fruits,48,0.07,0,6,13.3,1.2,10.15,0.3,0,8,0.54,33, fl oz,335
Kiwifruit Zespri Sungold Raw,Fruits,63,0.28,0,3,15.79,1.4,12.3,1.02,0,17,0.21,315,1 fruit,81
Cranberry Juice Blend 100% Juice Bottled With Added Vitamin C And Calcium,Fruits,45,0.12,0,6,10.91,0.1,9.8,0.27,0,19,0.08,76,6 (3/4) fl oz,200
Fruit Juice Smoothie Odwalla Strawberry Banana,Fruits,48,0.32,0,2,11.05,0.6,9.9,0.5,0,10,0.2,201,1 cup,233
Fruit Juice Smoothie Naked Juice Strawberry Banana,Fruits,50,0.27,0,2,11.66,0.6,10.05,0.48,0,10,0.2,201,1 cup,228
Plantains Green Raw,NULL,152,0.07,NULL,2,36.66,2.2,2.29,1.25,NULL,2,0.75,431,,NULL
Plantains Green Boiled,NULL,121,0.08,NULL,2,29.15,2.6,2.25,1.09,NULL,3,0.3,289,,NULL
Raspberry Juice Concentrate,NULL,221,1.34,NULL,10,53.19,1.1,38.21,3.04,NULL,97,1.16,1178,,NULL
Pork Fresh Composite Of Separable Fat With Added Solution Cooked,Meats,585,60.42,81,125,0.32,0,0,10.06,1.5,36,0.82,214,3 oz,85
Pork Fresh Carcass Separable Lean And Fat Raw,Meats,376,35.07,74,42,0,0,0,13.91,NULL,19,0.69,253,1 oz,28.4
Pork Fresh Composite Of Trimmed Retail Cuts (Leg Loin Shoulder) Separable Lean Only Raw,Meats,134,4.86,64,59,0,0,0,21.2,0.5,13,0.82,363,1 oz,28.4
Pork Fresh Separable Fat Cooked,Meats,626,66.1,79,56,0,0,0,7.06,1.8,22,0.46,125,1 oz,28.4
Pork Fresh Leg (Ham) Whole Separable Lean And Fat Raw,Meats,245,18.87,73,47,0,0,NULL,17.43,0.5,5,0.85,315,1 oz,28.4
Roasted Ham,Meats,273,17.61,94,60,0,0,0,26.83,0.8,14,1.01,352,1 cup diced,135
Pork Fresh Leg (Ham) Whole Separable Lean Only Raw,Meats,136,5.41,68,55,0,0,0,20.48,0.6,6,1.01,369,1 oz,28.4
Lean Roasted Ham,Meats,211,9.44,94,64,0,0,0,29.41,0.9,7,1.12,373,1 cup diced,135
Pork Fresh Leg (Ham) Shank Half Separable Lean And Fat Raw,Meats,193,11.96,67,84,0,0,0,19.87,0.5,12,0.69,329,3 oz,85
Pork Fresh Leg (Ham) Shank Half Separable Lean And Fat Cooked Roasted,Meats,232,13.42,91,81,0,0,0,25.96,0.6,15,0.87,345,3 oz,85
Pork Fresh Leg (Ham) Shank Half Separable Lean Only Raw,Meats,119,2.95,66,90,0,0,0,21.66,0.3,12,0.77,329,3 oz,85
Pork Fresh Leg (Ham) Shank Half Separable Lean Only Cooked Roasted,Meats,175,5.83,93,84,0,0,0,28.69,0.4,14,0.92,376,3 oz,85
Pork Fresh Loin Whole Separable Lean Only Raw,Meats,143,5.66,59,52,0,0,0,21.43,0.5,17,0.84,389,3 oz,85
Braised Pork Loin,Meats,204,9.12,79,50,0,0,0,28.57,0.8,18,1.13,387,3 oz,85
Pork Fresh Loin Whole Separable Lean Only Cooked Broiled,Meats,210,9.8,79,64,0,0,0,28.57,0.9,17,0.91,438,3 oz,85
Pork Fresh Loin Whole Separable Lean Only Cooked Roasted,Meats,209,9.63,81,58,0,0,0,28.62,0.7,18,1.09,425,3 oz,85
Pork Fresh Loin Blade (Chops Or Roasts) Bone-In Separable Lean Only Raw,Meats,143,5.84,59,73,0,0,0,21.22,0.6,30,0.71,313,3 oz,85
Pork Fresh Loin Blade (Chops) Bone-In Separable Lean Only Cooked Braised,Meats,222,11.29,87,70,0,0,0,28.02,0.9,49,0.85,270,3 oz,85
Pork Fresh Loin Blade (Chops) Bone-In Separable Lean Only Cooked Broiled,Meats,193,9.56,78,76,0,0,0,24.99,0.9,55,0.91,332,3 oz,85
Pork Fresh Loin Blade (Roasts) Bone-In Separable Lean Only Cooked Roasted,Meats,217,11.89,83,78,0,0,0,25.7,0.8,27,0.85,337,3 oz,85
Pork Fresh Loin Center Loin (Chops) Bone-In Separable Lean And Fat Raw,Meats,170,9.03,69,55,0,0,0,20.71,0.5,19,0.63,343,3 oz,85
Pork Fresh Loin Center Loin (Chops) Bone-In Separable Lean Only Cooked Braised,Meats,200,7.86,81,75,0,0,0,30.2,0.7,53,0.91,288,3 oz,85
Pork Fresh Loin Center Loin (Chops) Bone-In Separable Lean Only Cooked Broiled,Meats,180,7.29,84,56,0,0,0,26.76,0.7,23,0.8,356,1 chop without refuse (yield from 1 cooked chop with refuse weighing 209g),146
Pork Fresh Loin Center Loin (Roasts) Bone-In Separable Lean Only Cooked Roasted,Meats,194,7.95,75,86,0,0,0,28.58,0.5,30,0.93,370,3 oz,85
Pork Fresh Loin Center Rib (Chops Or Roasts) Bone-In Separable Lean And Fat Raw,Meats,186,11.04,58,56,0,0,0,20.28,0.7,25,0.59,337,1 chop without refuse (yield from 1 raw chop with refuse weighing 201g),133
Pork Fresh Loin Center Rib (Chops) Bone-In Separable Lean Only Cooked Braised,Meats,208,9.32,79,72,0,0,0,29.03,0.8,51,0.87,277,3 oz,85
Pork Fresh Loin Center Rib (Chops) Bone-In Separable Lean Only Cooked Broiled,Meats,186,8.36,66,57,0,0,0,25.79,0.8,26,0.68,343,3 oz,85
Pork Fresh Loin Center Rib (Roasts) Bone-In Separable Lean Only Cooked Roasted,Meats,206,9.21,78,95,0,0,0,28.82,0.6,13,1.02,287,3 oz,85
Pork Fresh Loin Sirloin (Chops Or Roasts) Bone-In Separable Lean And Fat Raw,Meats,168,8.96,70,57,0,0,0,20.48,0.5,14,0.82,336,3 oz,85
Pork Fresh Loin Sirloin (Chops) Bone-In Separable Lean Only Cooked Broiled,Meats,174,5.45,88,89,0,0,0,29.29,1,65,1.07,391,3 oz,85
Pork Fresh Loin Sirloin (Roasts) Bone-In Separable Lean Only Cooked Roasted,Meats,204,9.44,89,59,0,0,0,27.78,0.7,13,0.96,352,3 oz (yield from 1 cooked roast with refuse weighing 1515g),85
Pork Fresh Loin Tenderloin Separable Lean Only Raw,Meats,109,2.17,65,53,0,0,0,20.95,0.2,5,0.98,399,3 oz,85
Roasted Pork Tenderloin,Meats,143,3.51,73,57,0,0,0,26.17,0.2,6,1.15,421,3 oz,85
Pork Fresh Loin Top Loin (Chops) Boneless Separable Lean Only Raw,Meats,127,3.42,66,49,0,0,0,22.41,0.3,5,0.51,387,3 oz,85
Pork Fresh Loin Top Loin (Chops) Boneless Separable Lean Only Cooked Braised,Meats,170,4.34,71,67,0,0,0,30.54,0.9,8,0.91,269,1 chop,135
Pork Fresh Loin Top Loin (Chops) Boneless Separable Lean Only Cooked Broiled,Meats,173,6.08,72,45,0,0,0,27.58,0.6,5,0.63,367,1 chop,145
Pork Fresh Loin Top Loin (Roasts) Boneless Separable Lean Only Cooked Roasted,Meats,173,6.28,79,47,0,0,0,27.23,0.4,6,0.64,357,3 oz,85
Pork Fresh Shoulder Arm Picnic Separable Lean And Fat Raw,Meats,193,12.51,63,84,0,0,0,18.71,0.8,12,0.57,413,3 oz,85
Pork Fresh Shoulder Arm Picnic Separable Lean And Fat Cooked Braised,Meats,235,14.33,86,96,0,0,0,24.88,1.1,16,0.92,357,3 oz,85
Pork Fresh Shoulder Arm Picnic Separable Lean And Fat Cooked Roasted,Meats,317,24.01,94,70,0,0,NULL,23.47,NULL,19,1.18,325,1 cup diced,135
Pork Fresh Shoulder Arm Picnic Separable Lean Only Raw,Meats,120,3.77,62,90,0,0,0,20.26,0.6,11,0.62,427,3 oz,85
Pork Fresh Shoulder Blade Boston (Roasts) Separable Lean And Fat Cooked Roasted,Meats,269,18.86,86,67,0,0,0,23.11,1.3,28,1.45,332,3 oz,85
Pork Fresh Shoulder (Boston Butt) Blade (Steaks) Separable Lean Only Raw,Meats,132,5.71,60,65,0,0,0,18.73,0.6,14,1.2,339,3 oz,85
Pork Fresh Shoulder (Boston Butt) Blade (Steaks) Separable Lean Only Cooked Braised,Meats,233,13.2,100,60,0,0,0,26.57,1.1,25,1.85,318,3 oz,85
Pork Fresh Shoulder Blade Boston (Steaks) Separable Lean Only Cooked Broiled,Meats,227,12.54,94,74,0,0,0,26.74,1.2,33,1.56,343,3 oz,85
Pork Fresh Loin Center Loin (Chops) Boneless Separable Lean Only Raw,Meats,123,3.09,56,87,0,0,0,23.75,0.6,6,0.48,386,4 oz,114
Pork Fresh Variety Meats And By-Products Brain Raw,Meats,127,9.21,2195,120,0,0,NULL,10.28,NULL,10,1.6,258,1 oz,28.4
Pork Fresh Variety Meats And By-Products Brain Cooked Braised,Meats,138,9.51,2552,91,0,0,NULL,12.14,NULL,9,1.82,195,3 oz,85
Pork Fresh Variety Meats And By-Products Chitterlings Raw,Meats,182,16.61,154,24,0,0,0,7.64,NULL,16,1.02,18,1 oz,28.4
Pork Fresh Variety Meats And By-Products Heart Raw,Meats,118,4.36,131,56,1.33,0,0,17.27,NULL,5,4.68,294,1 oz,28.4
Pork Fresh Variety Meats And By-Products Heart Cooked Braised,Meats,148,5.05,221,35,0.4,0,NULL,23.6,NULL,7,5.83,206,1 cup,145
Pork Fresh Variety Meats And By-Products Jowl Raw,Meats,655,69.61,90,25,0,0,0,6.38,NULL,4,0.42,148,1 oz,28.4
Pork Fresh Variety Meats And By-Products Kidneys Raw,Meats,100,3.25,319,121,0,0,NULL,16.46,NULL,9,4.89,229,1 oz,28.4
Pork Fresh Variety Meats And By-Products Lungs Cooked Braised,Meats,99,3.1,387,81,0,0,NULL,16.6,NULL,8,16.41,151,3 oz,85
Pork Fresh Variety Meats And By-Products Mechanically Separated Raw,Meats,304,26.54,77,50,0,0,NULL,15.03,NULL,315,4.25,298,1 oz,28.4
Pork Fresh Variety Meats And By-Products Pancreas Raw,Meats,199,13.24,193,44,0,0,NULL,18.56,NULL,11,2.13,197,1 oz,28.4
Pork Fresh Variety Meats And By-Products Pancreas Cooked Braised,Meats,219,10.8,315,42,0,0,NULL,28.5,NULL,16,2.69,168,3 oz,85
Pork Fresh Variety Meats And By-Products Tongue Raw,Meats,225,17.2,101,110,0,0,0,16.3,NULL,16,3.35,243,1 oz,28.4
Pork Fresh Variety Meats And By-Products Tongue Cooked Braised,Meats,271,18.6,146,109,0,0,NULL,24.1,NULL,19,4.99,237,3 oz,85
Bacon (Raw),Meats,393,37.13,66,751,0,0,0.35,13.66,0.4,6,0.38,201,1 slice raw,28
Pork Cured Breakfast Strips Raw Or Unheated,Meats,388,37.16,69,987,0.7,0,NULL,11.74,NULL,8,0.94,204,3 oz,85
Pork Cured Ham Extra Lean (Approximately 4% Fat) Canned Unheated,Meats,120,4.56,38,1255,0,0,0,18.49,2.3,6,0.94,364,1 cup,140
Pork Cured Ham Extra Lean (Approximately 4% Fat) Canned Roasted,Meats,136,4.88,30,1135,0.52,0,NULL,21.16,NULL,6,0.92,348,1 cup,140
Cured Ham,Meats,226,15.2,62,941,0.42,0,NULL,20.53,NULL,8,1.37,357,1 cup,140
Pork Cured Ham Center Slice Country-Style Separable Lean Only Raw,Meats,195,8.32,70,2695,0.3,0,0,27.8,0.9,10,1.11,510,1 oz,28.4
Pork Cured Ham Center Slice Separable Lean And Fat Unheated,Meats,203,12.9,54,1386,0.05,0,NULL,20.17,NULL,7,0.75,337,1 oz,28.4
Pork Cured Ham Whole Separable Lean Only Roasted,Meats,157,5.5,55,1327,0,0,0,25.05,0.9,7,0.94,316,1 cup,140
Pork Fresh Loin Center Loin (Chops) Boneless Separable Lean Only Cooked Pan-Broiled,Meats,162,4.65,74,91,0,0,0,30.02,0.7,6,0.64,407,4 oz,114
Pork Fresh Loin Center Loin (Chops) Boneless Separable Lean And Fat Raw,Meats,201,12.96,59,82,0,0,0,21.14,0.3,9,0.48,345,3 oz,85
Pork Cured Salt Pork Raw,Meats,748,80.5,86,2684,0,0,0,5.05,0.2,6,0.44,66,1 oz,28.4
Pork Cured Shoulder Blade Roll Separable Lean And Fat Unheated,Meats,269,21.98,53,1250,0,0,NULL,16.47,NULL,7,0.82,295,1 oz,28.4
Pork Cured Shoulder Blade Roll Separable Lean And Fat Roasted,Meats,287,23.48,67,973,0.37,0,NULL,17.28,NULL,7,0.89,194,3 oz,85
Pork Fresh Variety Meats And By-Products Feet Cooked Simmered,Meats,238,16.05,107,73,0,0,0,21.94,0,0,0.98,33,3 oz,85
Pork Fresh Variety Meats And By-Products Tail Raw,Meats,378,33.5,97,63,0,0,NULL,17.75,NULL,18,0.99,349,1 oz,28.4
Pork Fresh Loin Center Loin (Chops) Bone-In Separable Lean And Fat Cooked Pan-Fried,Meats,238,13.32,79,94,0,0,0,27.63,0.6,53,0.93,353,3 oz,85
Pork Fresh Loin Center Rib (Chops) Bone-In Separable Lean And Fat Cooked Pan-Fried,Meats,256,15.71,78,84,0,0,0,26.81,0.7,48,0.83,313,3 oz,85
Pork Fresh Loin Top Loin (Chops) Boneless Separable Lean Only Cooked Pan-Fried,Meats,172,4.62,69,87,0,0,0,30.46,0.5,8,0.84,390,1 chop,142
Pork Cured Ham Boneless Extra Lean And Regular Unheated,Meats,162,8.39,53,1278,2.28,0,0,18.26,0.6,7,0.9,297,1 cup,140
Pork Cured Ham Boneless Extra Lean And Regular Roasted,Meats,165,7.66,57,1385,0.5,0,0,21.97,0.8,8,1.4,362,1 cup,140
Pork Fresh Composite Of Trimmed Retail Cuts (Leg Loin Shoulder And Spareribs) Separable Lean And Fat Cooked,Meats,238,13.89,88,57,0,0,0,26.36,0.9,20,1.11,341,3 oz,85
Pork Fresh Loin Center Loin (Chops) Boneless Separable Lean And Fat Cooked Pan-Broiled,Meats,229,13.6,75,86,0,0,0,26.68,0.3,9,0.62,366,3 oz,85
Pork Fresh Backribs Separable Lean And Fat Raw,Meats,224,16.33,69,87,0,0,0,19.07,1.1,31,0.76,247,3 oz,85
Roasted Pork Backribs,Meats,292,21.51,84,94,0,0,0,23.01,1.2,46,0.92,240,3 oz,85
Pork Fresh Loin Center Rib (Roasts) Boneless Separable Lean And Fat Cooked Roasted,Meats,252,15.15,81,48,0,0,NULL,26.99,1.1,6,0.93,346,3 oz,85
Pork Fresh Loin Center Rib (Chops Or Roasts) Boneless Separable Lean Only Raw,Meats,152,6.48,55,45,0,0,0,21.8,0.6,5,0.77,421,3 oz,85
Pork Fresh Loin Center Rib (Chops) Boneless Separable Lean Only Cooked Braised,Meats,211,10.14,71,41,0,0,0,27.95,0.9,5,0.99,405,3 oz,85
Pork Fresh Loin Center Rib (Chops) Boneless Separable Lean Only Cooked Broiled,Meats,216,10.05,81,65,0,0,NULL,29.46,NULL,31,0.82,420,3 oz,85
Pork Fresh Loin Country-Style Ribs Separable Lean Only Raw,Meats,140,5.64,74,67,0,0,0,20.76,0.5,21,0.9,338,3 oz,85
Pork Fresh Loin Country-Style Ribs Separable Lean Only Cooked Braised,Meats,247,14.26,105,60,0,0,0,27.74,1.2,33,1.39,297,1 rib without refuse (yield from 1 cooked rib with refuse weighing 141g),80
Pork Fresh Loin Country-Style Ribs Separable Lean Only Bone-In Cooked Roasted,Meats,227,11.38,99,91,0,0,0,29.2,1.1,31,0.98,390,1 rack,138
Pork Fresh Loin Sirloin (Chops Or Roasts) Boneless Separable Lean And Fat Raw,Meats,133,4.05,63,63,0,0,0,22.49,0.4,9,0.55,354,3 oz,85
Pork Fresh Loin Sirloin (Chops) Boneless Separable Lean Only Cooked Braised,Meats,163,4.5,80,56,0,0,0,28.75,0.4,11,0.71,416,3 oz,85
Pork Fresh Loin Sirloin (Chops) Boneless Separable Lean Only Cooked Broiled,Meats,161,4.36,76,66,0,0,0,28.6,0.6,11,0.88,425,3 oz,85
Pork Fresh Loin Sirloin (Roasts) Boneless Separable Lean Only Cooked Roasted,Meats,178,5.31,84,66,0,0,0,30.39,0.6,12,0.66,408,3 oz,85
Pork Fresh Loin Tenderloin Separable Lean And Fat Raw,Meats,120,3.53,65,52,0,0,0,20.65,0.3,6,0.97,393,3 oz,85
Pork Fresh Loin Tenderloin Separable Lean Only Cooked Broiled,Meats,187,6.33,94,65,0,0,NULL,30.42,NULL,5,1.43,451,3 oz,85
Pork Fresh Loin Top Loin (Roasts) Boneless Separable Lean And Fat Raw,Meats,166,8.33,64,47,0,0,0,21.34,0.5,7,0.53,358,3 oz,85
Pork Fresh Loin Top Loin (Roasts) Boneless Separable Lean Only Raw,Meats,132,4.06,63,49,0,0,0,22.39,0.4,5,0.54,374,3 oz,85
Pork Fresh Composite Of Trimmed Retail Cuts (Loin And Shoulder Blade) Separable Lean And Fat Raw,Meats,177,10.14,65,54,0,0,0,20.08,0.5,16,0.74,345,1 oz,28.4
Hormel Always Tender Pork Tenderloin Peppercorn-Flavored,Meats,110,3.8,47,594,1.82,NULL,0.14,17.21,NULL,14,1.1,586,4 oz,112
Hormel Always Tender Pork Loin Filets Lemon Garlic-Flavored,Meats,118,4.16,42,590,1.79,NULL,0.22,17.83,NULL,6,0.6,542,1 oz,28
Hormel Always Tender Center Cut Chops Fresh Pork,Meats,167,9.62,52,378,0.84,NULL,0.28,18.74,NULL,14,0.6,307,1 oz,28.4
Hormel Always Tender Boneless Pork Loin Fresh Pork,Meats,145,7.18,49,358,0.76,NULL,0.08,19.02,NULL,4,0.6,310,1 oz,28
Pork Cured Bacon Cooked Microwaved,Meats,476,34.12,111,1783,0.48,0,0,39.01,NULL,13,1.14,525,1 slice cooked,9.1
Bacon (Pan-Fried),Meats,468,35.09,99,1684,1.7,0,0,33.92,0.4,11,0.95,499,1 slice,11.5
Pork Fresh Variety Meats And By-Products Stomach Cooked Simmered,Meats,157,7.26,316,40,0.09,0,0,21.4,NULL,15,1.23,85,3 oz,85
Rendered Bacon Fat,Meats,898,99.5,97,27,0,0,0,0.07,NULL,1,0.13,15,3 oz,85
Pork Cured Ham And Water Product Slice Bone-In Separable Lean Only Heated Pan-Broil,Meats,122,3.63,64,1237,1.35,0,1.1,20.9,NULL,12,0.93,289,1 serving (3 oz),85
Pan Broiled Cured Ham,Meats,123,5.06,45,1390,4.69,0,4.69,15.09,0.9,8,0.74,272,1 slice,138
Pork Cured Ham And Water Product Whole Boneless Separable Lean Only Heated Roasted,Meats,123,5.46,43,1335,4.61,0,4.61,13.88,0.7,8,0.74,245,1 serving (3 oz),85
Pork Cured Ham And Water Product Whole Boneless Separable Lean Only Unheated,Meats,116,4.86,43,1310,4.22,0,4.22,14.07,0.6,8,0.78,268,3 oz,85
Pork Cured Ham -- Water Added Slice Boneless Separable Lean Only Heated Pan-Broil,Meats,119,4.09,54,1223,1.75,0,1.75,18.82,0.9,9,0.86,337,1 serving (3 oz),85
Pork Cured Ham With Natural Juices Slice Bone-In Separable Lean Only Heated Pan-Broil,Meats,150,4.38,80,835,0,0,0,27.75,NULL,12,1.2,358,1 serving (3 oz),85
Pork Cured Ham With Natural Juices Spiral Slice Meat Only Boneless Separable Lean Only Heated Roasted,Meats,126,3.78,63,986,1.08,0,1.08,22.56,0.8,4,0.84,349,1 slice,145
Pork Cured Ham And Water Product Rump Bone-In Separable Lean Only Heated Roasted,Meats,131,4.7,66,1267,1.15,0,1.15,21.28,NULL,10,0.87,264,1 serving (3 oz),85
Pork Cured Ham With Natural Juices Slice Boneless Separable Lean Only Heated Pan-Broil,Meats,116,3.16,57,1163,1.05,0,1.05,20.95,0.9,6,0.94,364,1 serving (3 oz),85
Pork Cured Ham With Natural Juices Whole Boneless Separable Lean Only Heated Roasted,Meats,113,3.01,56,1180,0.84,0,0.81,20.57,0.8,6,0.85,367,1 serving (3 oz),85
Pork Cured Ham With Natural Juices Whole Boneless Separable Lean Only Unheated,Meats,111,3.21,53,1098,1.03,0,1.03,19.44,0.6,6,0.87,347,1 oz,28.4
Pork Cured Ham -- Water Added Shank Bone-In Separable Lean Only Unheated,Meats,91,1.87,50,1040,0.71,0,0.71,18.65,NULL,7,0.76,229,3 oz,85
Pork Cured Ham With Natural Juices Rump Bone-In Separable Lean Only Unheated,Meats,122,3.47,68,893,0.43,0,0.43,22.71,NULL,9,1.05,303,3 oz,85
Pork Cured Ham With Natural Juices Shank Bone-In Separable Lean Only Unheated,Meats,130,3.33,63,809,0.3,0,0.3,25.11,NULL,7,1.1,299,3 oz,85
Pork Cured Ham With Natural Juices Slice Bone-In Separable Lean Only Unheated,Meats,123,2.87,63,861,0,0,0,24.34,NULL,9,1.1,300,3 oz,85
Pork Cured Ham With Natural Juices Spiral Slice Boneless Separable Lean Only Unheated,Meats,109,3.26,57,895,1.22,0,1.22,19.25,0.6,4,0.76,317,1 oz spiral slice,28.4
Pork Cured Ham With Natural Juices Spiral Slice Boneless Separable Lean And Fat Unheated,Meats,129,5.75,57,881,1.18,0,1.18,18.66,0.7,4,0.75,310,1 oz spiral slice,28.4
Pork Cured Ham With Natural Juices Slice Bone-In Separable Lean And Fat Unheated,Meats,159,7.4,63,839,0.17,0,0.04,22.82,NULL,9,1.05,289,3 oz,85
Pork Cured Ham With Natural Juices Shank Bone-In Separable Lean And Fat Unheated,Meats,191,11.11,62,779,0.32,0,0.32,22.35,NULL,6,1.01,279,1 oz shank,28.4
Pork Cured Ham With Natural Juices Rump Bone-In Separable Lean And Fat Unheated,Meats,200,13.26,67,838,0.43,0,0.43,19.7,NULL,8,0.94,278,1 oz rump,28.4
Pork Cured Ham -- Water Added Whole Boneless Separable Lean And Fat Unheated,Meats,121,5.38,50,1126,1.42,0,1.42,17.06,0.6,8,0.85,312,1 oz whole,28.4
Pork Cured Ham -- Water Added Slice Bone-In Separable Lean And Fat Unheated,Meats,164,10.77,55,1011,1.1,0,1.1,15.73,NULL,8,0.98,213,1 oz,28.4
Pork Cured Ham -- Water Added Shank Bone-In Separable Lean And Fat Unheated,Meats,167,11.02,52,964,0.66,0,0.66,16.65,NULL,7,0.72,219,1 oz,28.4
Pork Cured Ham -- Water Added Rump Bone-In Separable Lean And Fat Unheated,Meats,172,12.5,54,1069,0.8,0,0.62,13.99,NULL,6,1.02,199,1 oz,28.4
Pork Cured Ham -- Water Added Whole Boneless Separable Lean And Fat Heated Roasted,Meats,126,5.48,54,1181,1.54,0,1.54,17.77,0.7,9,0.82,313,1 serving (3 oz),85
Pork Cured Ham And Water Product Rump Bone-In Separable Lean And Fat Heated Roasted,Meats,186,11.48,67,1181,1.15,0,1.03,19.46,NULL,10,0.82,254,1 serving (3 oz),85
Pork Cured Ham And Water Product Shank Bone-In Separable Lean And Fat Heated Roasted,Meats,234,17.29,72,945,1.42,0,0.99,18.17,NULL,8,1,216,1 serving (3 oz),85
Pork Cured Ham And Water Product Slice Bone-In Separable Lean And Fat Heated Pan-Broil,Meats,155,7.78,64,1188,1.41,0,1.03,19.85,NULL,11,0.9,281,1 serving (3 oz),85
Pork Cured Ham With Natural Juices Slice Boneless Separable Lean And Fat Heated Pan-Broil,Meats,118,3.4,58,1160,1.04,0,1.04,20.89,0.9,6,0.93,363,1 serving (3 oz),85
Pork Cured Ham With Natural Juices Spiral Slice Boneless Separable Lean And Fat Heated Roasted,Meats,139,5.1,64,977,1.06,0,1.06,22.18,0.8,4,0.83,345,1 slice,145
Pork Cured Ham With Natural Juices Whole Boneless Separable Lean And Fat Heated Roasted,Meats,114,3.13,56,1179,0.84,0,0.81,20.54,0.8,6,0.84,367,1 serving (3 oz),85
Pork Cured Ham Rump Bone-In Separable Lean And Fat Heated Roasted,Meats,177,8.88,71,826,0.64,0,0.64,23.95,0.8,7,1.46,370,1 serving (3 oz),85
Pork Cured Ham Shank Bone-In Separable Lean And Fat Heated Roasted,Meats,191,9.35,70,810,0.64,0,0.64,24.39,1,7,1.42,356,1 serving (3 oz),85
Pork Cured Ham Shank Bone-In Separable Lean And Fat Unheated,Meats,177,9.85,61,816,0.41,0,0.06,21.61,NULL,6,0.92,339,1 oz,28.4
Pork Cured Ham Slice Bone-In Separable Lean And Fat Heated Pan-Broil,Meats,181,8.48,73,852,0.7,0,0.7,25.48,1,14,1.34,405,1 serving (3 oz),85
Pork Cured Ham Slice Bone-In Separable Lean Only Unheated,Meats,130,3.59,65,760,0,0,0,24.36,NULL,13,1.23,370,1 serving (3 oz),85
Pork Fresh Enhanced Loin Tenderloin Separable Lean Only Raw,Meats,106,2.09,48,243,0,0,0,20.39,0.2,4,0.92,527,3 oz,85
Pork Fresh Shoulder (Boston Butt) Blade (Steaks) Separable Lean Only With Added Solution Cooked Braised,Meats,227,12.14,98,154,0,0,0,27.58,1,26,1.82,388,3 oz,85
Pork Fresh Shoulder (Boston Butt) Blade (Steaks) Separable Lean Only With Added Solution Raw,Meats,122,5.36,59,165,0.18,0,0,18.29,0.5,14,1.04,419,3 oz,85
Pork Fresh Loin Top Loin (Chops) Boneless Separable Lean Only With Added Solution Cooked Broiled,Meats,170,5.73,70,315,0,0,0,29.65,0.6,9,0.56,608,1 chop,107
Pork Fresh Shoulder (Boston Butt) Blade (Steaks) Separable Lean And Fatwith Added Solution Raw,Meats,169,11.12,62,155,0.16,0,0,17.19,0.5,15,0.97,391,3 oz,85
Pork Fresh Shoulder (Boston Butt) Blade (Steaks) Separable Lean And Fat With Added Solution Cooked Braised,Meats,263,16.94,97,151,0.03,0,0,25.84,1.1,27,1.72,370,3 oz,85
Pork Cured Ham Rump Bone-In Separable Lean And Fat Unheated,Meats,176,9.38,62,722,0.52,0,0.06,22.27,NULL,7,1.01,358,3 oz,85
Pork Loin Leg Cap Steak Boneless Separable Lean And Fat Cooked Broiled,Meats,158,4.41,81,76,0,0,0,27.57,NULL,7,0.97,366,3 oz,85
Pork Shoulder Petite Tender Boneless Separable Lean And Fat Raw,Meats,128,3.91,66,50,0,0,0,21.65,NULL,6,1.07,391,1 piece,105
Pork Leg Sirloin Tip Roast Boneless Separable Lean And Fat Cooked Braised,Meats,156,2.56,84,43,0,0,0,31.11,NULL,5,1.06,363,3 oz,85
Pork Leg Sirloin Tip Roast Boneless Separable Lean And Fat Raw,Meats,113,1.71,62,50,0,0,0,22.88,NULL,5,0.8,399,3 oz,85
Pork Ground 84% Lean / 16% Fat Raw,Meats,218,16,68,68,0.44,0,0,17.99,0.4,15,0.88,244,4 oz,113
Pork Ground 72% Lean / 28% Fat Cooked Pan-Broiled,Meats,377,31.42,99,91,1.08,0,0,22.59,0.8,20,1.21,275,3 oz grilled patties,85
Pork Ground 84% Lean / 16% Fat Cooked Pan-Broiled,Meats,301,21.39,97,89,0,0,0,27.14,0.5,20,1.16,345,3 oz grilled patties,85
Pork Ground 96% Lean / 4% Fat Cooked Pan-Broiled,Meats,185,6.2,85,88,0.57,0,0,31.69,0.2,20,1.11,415,3 oz grilled patties,85
Pork Loin Fresh Backribs Bone-In Raw Lean Only,Meats,172,9.84,66,95,0,0,0,20.85,0.9,26,0.84,268,4 oz,114
Pork Loin Fresh Backribs Bone-In Cooked-Roasted Lean Only,Meats,255,17.65,84,98,0,0,0,24.15,1.2,44,0.96,249,3 oz,85
Pork Fresh Loin Country-Style Ribs Separable Lean Only Bone-In Cooked Broiled,Meats,216,11.65,89,84,0,0,0,27.83,1.1,61,1.02,370,1 rack,122
Pork Fresh Loin Country-Style Ribs Separable Lean Only Boneless Cooked Roasted,Meats,219,11.38,99,72,0,0,0,29.2,0.7,12,0.98,486,1 rack,138
Pork Fresh Blade (Chops) Boneless Separable Lean And Fat Cooked Broiled,Meats,202,11.13,77,58,0.83,0,0,24.73,0.7,8,0.89,407,1 chop,131
Pork Fresh Loin Blade (Chops Or Roasts) Boneless Separable Lean And Fat Only Raw,Meats,157,7.94,59,64,0.76,0,0,20.54,0.5,6,0.74,372,3 oz,85
Bacon Pre-Sliced Reduced/low Sodium Unprepared,Meats,407,39.27,NULL,470,0.83,0,0.83,12.53,NULL,4,0.42,506,1 slice,26
Canadian Bacon (Pan-Fried),Meats,146,2.78,67,993,1.8,0,1.2,28.31,0.2,7,0.56,999,1 slice,13.8
Alfalfa Sprouts,Vegetables,23,0.69,0,6,2.1,1.9,0.2,3.99,0,32,0.96,79,1 cup,33
Amaranth Leaves Raw,Vegetables,23,0.33,0,20,4.02,NULL,NULL,2.46,0,215,2.32,611,1 cup,28
Artichokes (Globe Or French) Cooked Boiled Drained Without Salt,Vegetables,53,0.34,0,60,11.95,5.7,0.99,2.89,0,21,0.61,286,1 artichoke medium,120
Artichokes (Globe Or French) Frozen Unprepared,Vegetables,38,0.43,0,47,7.75,3.9,NULL,2.63,0,19,0.5,248,1/3 package,84
Cooked Artichokes (Globe Or French),Vegetables,45,0.5,0,53,9.18,4.6,0.84,3.11,0,21,0.56,264,1 cup,168
Asparagus,Vegetables,20,0.12,0,2,3.88,2.1,1.88,2.2,0,24,2.14,202,1 cup,134
Asparagus (Cooked),Vegetables,22,0.22,0,14,4.11,2,1.3,2.4,0,23,0.91,224,1/2 cup,90
Balsam-Pear (Bitter Gourd) Leafy Tips Raw,Vegetables,30,0.69,0,11,3.29,NULL,NULL,5.3,0,84,2.04,608,1 leaf,4
Balsam-Pear (Bitter Gourd) Leafy Tips Cooked Boiled Drained Without Salt,Vegetables,34,0.2,0,13,6.68,1.9,1.04,3.6,0,42,1.02,602,1 cup,58
Bitter Melon,Vegetables,17,0.17,0,5,3.7,2.8,NULL,1,0,19,0.43,296,1 cup (1/2 inch pieces),93
Bitter Melon (Cooked),Vegetables,19,0.18,0,6,4.32,2,1.95,0.84,0,9,0.38,319,1 cup (1/2 inch pieces),124
Beans Kidney Mature Seeds Sprouted Cooked Boiled Drained Without Salt,Vegetables,33,0.58,0,7,4.72,NULL,NULL,4.83,0,19,0.89,194,,NULL
Lima Beans Immature Seeds Raw,Vegetables,113,0.86,0,8,20.17,4.9,1.48,6.84,0,34,3.14,467,1 cup,156
Corn Sweet Yellow Canned Drained Solids Rinsed With Tap Water,Vegetables,64,1.43,0,163,13.02,1.7,4.11,2.18,0,2,0.22,116,1 cup drained rinsed,150
Corn Sweet Yellow Frozen Kernels Cut Off Cob Unprepared,Vegetables,88,0.78,0,3,20.71,2.1,2.5,3.02,0,4,0.42,213,1 cup,136
Corn Sweet Yellow Frozen Kernels Cut Off Cob Boiled Drained Without Salt,Vegetables,81,0.67,0,1,19.3,2.4,3.07,2.55,0,3,0.47,233,1 cup,165
Corn Sweet Yellow Frozen Kernels On Cob Unprepared,Vegetables,98,0.78,0,5,23.5,2.8,3.78,3.28,0,4,0.68,294,1 cup kernels,165
Corn Sweet Yellow Frozen Kernels On Cob Cooked Boiled Drained Without Salt,Vegetables,94,0.74,0,4,22.33,2.8,3.59,3.11,0,3,0.61,251,1 cup kernels,165
Cooked Blackeyed Peas,Beans and Lentils,97,0.38,0,4,20.32,5,3.23,3.17,0,128,1.12,418,1 cup,165
Cowpeas (Blackeyes) Immature Seeds Frozen Unprepared,Vegetables,139,0.7,0,6,25.13,5,NULL,8.98,0,26,2.35,441,1 cup,160
Cowpeas (Blackeyes) Immature Seeds Frozen Cooked Boiled Drained Without Salt,Vegetables,132,0.66,0,5,23.76,6.4,4.46,8.49,0,23,2.12,375,1 cup,170
Cowpeas Young Pods With Seeds Raw,Vegetables,44,0.3,0,4,9.5,3.3,5.04,3.3,0,65,1,215,1 cup,94
Cowpeas Leafy Tips Cooked Boiled Drained Without Salt,Vegetables,22,0.1,0,6,2.8,NULL,NULL,4.67,0,69,1.09,351,1 cup chopped,53
Garden Cress,Vegetables,32,0.7,0,14,5.5,1.1,4.4,2.6,0,81,1.3,606,1 cup,50
Cooked Garden Cress,Vegetables,23,0.6,0,8,3.8,0.7,3.11,1.9,0,61,0.8,353,1 cup,135
Cucumber,Vegetables,15,0.11,0,2,3.63,0.5,1.67,0.65,0,16,0.28,147,1/2 cup slices,52
Edamame Frozen Unprepared,Vegetables,109,4.73,NULL,6,7.61,4.8,2.48,11.22,NULL,60,2.11,482,1 cup,118
Edamame,Beans and Lentils,121,5.2,0,6,8.91,5.2,2.18,11.91,0,63,2.27,436,1 cup,155
Endive,Vegetables,17,0.2,0,22,3.35,3.1,0.25,1.25,0,52,0.83,314,1/2 cup chopped,25
Cooked Escarole,Vegetables,15,0.18,0,19,3.07,2.8,0.23,1.15,0,46,0.72,245,1 cup,150
Gourd Dishcloth (Towelgourd) Raw,Vegetables,20,0.2,0,3,4.35,1.1,2.02,1.2,0,20,0.36,139,1 cup (1 inch pieces),95
Gourd Dishcloth (Towelgourd) Cooked Boiled Drained Without Salt,Vegetables,56,0.34,0,21,14.34,2.9,5.17,0.66,0,9,0.36,453,1 cup (1 inch pieces),178
Drumstick Leaves Raw,Vegetables,64,1.4,0,9,8.28,2,NULL,9.4,0,185,4,337,1 cup chopped,21
Drumstick Leaves Cooked Boiled Drained Without Salt,Vegetables,60,0.93,0,9,11.15,2,1,5.27,0,151,2.32,344,1 cup chopped,42
Pepeao Dried,Vegetables,298,0.44,0,70,81.03,NULL,NULL,4.82,0,113,6.14,708,1 cup,24
Jute Potherb Raw,Vegetables,34,0.25,0,8,5.8,NULL,NULL,4.65,0,208,4.76,559,1 cup,28
Jute Potherb (Molokhiya) (Cooked),Vegetables,37,0.2,0,11,7.29,2,1,3.68,0,211,3.14,550,1 cup,87
Kale,Vegetables,35,1.49,0,53,4.42,4.1,0.99,2.92,0,254,1.6,348,1 cup 1 inch pieces loosely packed,16
Chantarelle Mushrooms,Vegetables,32,0.53,NULL,9,6.86,3.8,1.16,1.49,5.3,15,3.47,506,1 cup,54
Morel Mushrooms,Vegetables,31,0.57,NULL,21,5.1,2.8,0.6,3.12,5.1,43,12.18,411,1 cup,66
Kohlrabi,Vegetables,27,0.1,0,20,6.2,3.6,2.6,1.7,0,24,0.4,350,1 cup,135
Cooked Kohlrabi,Vegetables,29,0.11,0,21,6.69,1.1,2.8,1.8,0,25,0.4,340,1 cup slices,165
Cooked Leeks,Vegetables,31,0.2,0,10,7.62,1,2.11,0.81,0,30,1.1,87,1 leek,124
Lentil Sprouts,Vegetables,106,0.55,0,11,22.14,NULL,NULL,8.96,0,25,3.21,322,1 cup,77
Cooked Lentil Sprouts,Vegetables,101,0.45,0,10,21.25,NULL,NULL,8.8,0,14,3.1,284,,NULL
Butterhead Lettuce,Vegetables,13,0.22,0,5,2.23,1.1,0.94,1.35,0,35,1.24,238,1 cup shredded or chopped,55
Cooked Lotus Root,Vegetables,66,0.07,0,45,16.02,3.1,0.5,1.58,0,26,0.9,363,1/2 cup,60
Red Leaf Lettuce,Vegetables,13,0.22,0,25,2.26,0.9,0.48,1.33,0,33,1.2,187,1 cup shredded,28
Mountain Yam Hawaii Raw,Vegetables,67,0.1,0,13,16.3,2.5,0.31,1.34,0,26,0.44,418,1/2 cup cubes,68
Cooked Hawaiin Mountain Yam,Vegetables,82,0.08,0,12,20,NULL,NULL,1.73,0,8,0.43,495,1 cup cubes,145
Cremini Mushrooms,Vegetables,22,0.1,0,6,4.3,0.6,1.72,2.5,0.1,18,0.4,448,1 cup whole,87
Mushrooms Shiitake Stir-Fried,Vegetables,39,0.35,0,5,7.68,3.6,0.3,3.45,0.5,2,0.53,326,1 cup whole,89
Dried Shiitake Mushrooms,Vegetables,296,0.99,0,13,75.37,11.5,2.21,9.58,3.9,11,1.72,1534,1 mushroom,3.6
Cooked Shiitake Mushrooms,Vegetables,56,0.22,0,4,14.39,2.1,3.84,1.56,0.7,3,0.44,117,1 cup pieces,145
Mustard Spinach,Vegetables,22,0.3,0,21,3.9,2.8,NULL,2.2,0,210,1.5,449,1 cup chopped,150
Cooked Mustard Spinach,Vegetables,16,0.2,0,14,2.8,2,NULL,1.7,0,158,0.8,285,1 cup chopped,180
New Zealand Spinach,Vegetables,14,0.2,0,130,2.5,1.5,0.29,1.5,0,58,0.8,130,1 cup chopped,56
Cooked New Zealand Spinach,Vegetables,12,0.17,0,107,2.13,1.4,0.25,1.3,0,48,0.66,102,1 cup chopped,180
Potatoes French Fried All Types Salt Added In Processing Frozen Unprepared,Vegetables,147,4.66,0,332,24.81,1.9,0.2,2.24,0,9,0.62,408,10 strip,89
USDA Commodity Potato Wedges Frozen,Vegetables,129,2.2,0,49,25.46,2,0.3,2.7,0,15,0.7,394,,NULL
Potatoes French Fried Steak Fries Salt Added In Processing Frozen As Purchased,Vegetables,130,3.39,0,317,23.51,1.9,0.2,2.19,0,9,0.65,400,10 strip,153
Potatoes French Fried Steak Fries Salt Added In Processing Frozen Oven-Heated,Vegetables,148,3.76,0,373,26.98,2.6,0.25,2.57,0,10,0.64,459,10 strip,133
Potato Flour,Vegetables,357,0.34,0,55,83.1,5.9,3.52,6.9,0,65,1.38,1001,1 cup,160
Pumpkin Leaves (Cooked),Vegetables,21,0.22,0,8,3.39,2.7,0.69,2.72,0,43,3.2,438,1 cup,71
Pumpkin Raw,Vegetables,26,0.1,0,1,6.5,0.5,2.76,1,0,21,0.8,340,1 cup (1 inch cubes),116
Cooked Pumpkin,Vegetables,20,0.07,0,1,4.9,1.1,2.08,0.72,0,15,0.57,230,1 cup mashed,245
Canned Pumpkin,Vegetables,34,0.28,0,5,8.09,2.9,3.3,1.1,0,26,1.39,206,1 cup,245
Oriental Radishes,Vegetables,18,0.1,0,21,4.1,1.6,2.5,0.6,0,27,0.4,227,1 cup slices,116
Cooked Oriental Radishes,Vegetables,17,0.24,0,13,3.43,1.6,1.83,0.67,0,17,0.15,285,1 cup sliced,147
Radishes Oriental Dried,Vegetables,271,0.72,0,278,63.37,23.9,37.32,7.9,0,629,6.73,3494,1 cup,116
Rutabagas (Neeps Swedes),Vegetables,37,0.16,0,12,8.62,2.3,4.46,1.08,0,43,0.44,305,1 cup cubes,140
Cooked Rutabagas (Neeps Swedes),Vegetables,30,0.18,0,5,6.84,1.8,3.95,0.93,0,18,0.18,216,1 cup cubes,170
Irishmoss Seaweed,Vegetables,49,0.16,0,67,12.29,1.3,0.61,1.51,0,72,8.9,63,2 tbsp (1/8 cup),10
Kelp Seaweed,Vegetables,43,0.56,0,233,9.57,1.3,0.6,1.68,0,168,2.85,89,2 tbsp (1/8 cup),10
Laver Seaweed,Vegetables,35,0.28,0,48,5.11,0.3,0.49,5.81,0,70,1.8,356,10 sheets,26
Sesbania Flower Raw,Vegetables,27,0.04,0,15,6.73,NULL,NULL,1.28,0,19,0.84,184,1 flower,3
Cooked Soybean Sprouts,Vegetables,81,4.45,0,10,6.53,0.8,0.52,8.47,0,59,1.31,355,1 cup,94
Stirfried Soybean Sprouts,Vegetables,125,7.1,0,14,9.4,0.8,NULL,13.1,0,82,0.4,567,,NULL
Spinach,Vegetables,23,0.39,0,79,3.63,2.2,0.42,2.86,0,99,2.71,558,1 cup,30
Cooked Spinach,Vegetables,23,0.26,0,70,3.75,2.4,0.43,2.97,0,136,3.57,466,1 cup,180
Crookneck Summer Squash,Vegetables,19,0.27,0,2,3.88,1,2.88,1.01,0,21,0.44,222,1 cup sliced,127
Cooked Crookneck Summer Squash,Vegetables,19,0.39,0,1,3.79,1.1,2.48,1.04,0,22,0.37,177,1 cup sliced,180
Squash Summer Crookneck And Straightneck Canned Drained Solid Without Salt,Vegetables,13,0.07,0,5,2.96,1.4,1.19,0.61,0,12,0.71,96,1 cup diced,210
Squash Summer Crookneck And Straightneck Frozen Unprepared,Vegetables,20,0.14,0,5,4.8,1.2,NULL,0.83,0,18,0.48,209,1 cup slices,130
Squash Summer Crookneck And Straightneck Frozen Cooked Boiled Drained Without Salt,Vegetables,25,0.2,0,6,5.54,1.4,2.33,1.28,0,20,0.52,253,1 cup slices,192
Squash Summer Zucchini Includes Skin Frozen Unprepared,Vegetables,17,0.13,0,2,3.58,1.3,1.71,1.16,0,18,0.51,218,1/3 package (10 oz),95
Squash Summer Zucchini Includes Skin Frozen Cooked Boiled Drained Without Salt,Vegetables,17,0.13,0,2,3.56,1.3,1.69,1.15,0,17,0.48,194,1 cup,223
Squash Summer Zucchini Italian Style Canned,Vegetables,29,0.11,0,374,6.85,NULL,NULL,1.03,0,17,0.68,274,1 cup,227
Acorn Squash,Vegetables,40,0.1,0,3,10.42,1.5,NULL,0.8,0,33,0.7,347,1 cup cubes,140
Squash Winter Butternut Frozen Unprepared,Vegetables,57,0.1,0,2,14.41,1.3,2.83,1.76,0,29,0.88,212,1/3 package (12 oz),113
Squash Winter Butternut Frozen Cooked Boiled Without Salt,Vegetables,39,0.07,0,2,10.05,NULL,NULL,1.23,0,19,0.58,133,1 cup mashed,240
Hubbard Squash,Vegetables,40,0.5,0,7,8.7,3.9,3.95,2,0,14,0.4,320,1 cup cubes,116
Cooked Hubbard Squash,Vegetables,50,0.62,0,8,10.81,4.9,4.9,2.48,0,17,0.47,358,1 cup cubes,205
Succotash,Vegetables,115,0.8,0,17,24.38,4.5,NULL,5.07,0,17,1.52,410,1 cup,192
Succotash (Corn And Limas) Canned With Cream Style Corn,Vegetables,77,0.54,0,245,17.61,3,NULL,2.64,0,11,0.55,183,1 cup,266
Succotash (Corn And Limas) Canned With Whole Kernel Corn Solids And Liquids,Vegetables,63,0.49,0,221,13.98,2.6,NULL,2.6,0,11,0.53,163,1 cup,255
Succotash (Corn And Limas) Frozen Unprepared,Vegetables,93,0.89,0,45,19.94,4,NULL,4.31,0,16,0.94,295,1 cup,156
Succotash (Corn And Limas) Frozen Cooked Boiled Drained Without Salt,Vegetables,93,0.89,0,45,19.95,4.1,2.21,4.31,0,15,0.89,265,1 cup,170
Sweet Potatoes,Vegetables,86,0.05,0,55,20.12,3,4.18,1.57,0,30,0.61,337,1 cup cubes,133
Cooked Sweet Potatoes,Vegetables,90,0.15,0,36,20.71,3.3,6.48,2.01,0,38,0.69,475,1 cup,200
Boiled Sweet Potatoes,Vegetables,76,0.14,0,27,17.72,2.5,5.74,1.37,0,27,0.72,230,1 cup mashed,328
Sweet Potato Canned Vacuum Pack,Vegetables,91,0.2,0,53,21.12,1.8,5,1.65,0,22,0.89,312,1 cup mashed,255
Cooked Taro,Vegetables,142,0.11,0,15,34.6,5.1,0.49,0.52,0,18,0.72,484,1 cup sliced,132
Taro Leaves Raw,Vegetables,42,0.74,0,3,6.7,3.7,3.01,4.98,0,107,2.25,648,1 cup,28
Taro Leaves Cooked Steamed Without Salt,Vegetables,24,0.41,0,2,4.02,2,NULL,2.72,0,86,1.18,460,1 cup,145
Taro Shoots Raw,Vegetables,11,0.09,0,1,2.32,NULL,NULL,0.92,0,12,0.6,332,1/2 cup slices,43
Arrowroot,Vegetables,65,0.2,0,26,13.39,1.3,NULL,4.24,0,6,2.22,454,1 cup sliced,120
Chrysanthemum Leaves,Vegetables,24,0.56,0,118,3.01,3,NULL,3.36,0,117,2.3,567,1 cup chopped,51
Amaranth Leaves Cooked Boiled Drained With Salt,Vegetables,21,0.18,0,257,4.11,NULL,NULL,2.11,0,209,2.26,641,1 cup,132
Arrowhead Cooked Boiled Drained With Salt,Vegetables,78,0.1,0,254,16.14,NULL,NULL,4.49,0,7,1.21,881,1 corm medium,12
Asparagus Frozen Cooked Boiled Drained With Salt,Vegetables,18,0.42,0,240,1.92,1.6,0.32,2.95,0,18,0.56,172,1 cup,180
Balsam-Pear (Bitter Gourd) Leafy Tips Cooked Boiled Drained With Salt,Vegetables,32,0.2,0,249,6.16,1.9,1.04,3.6,0,42,1.02,602,1 cup,58
Balsam-Pear (Bitter Gourd) Pods Cooked Boiled Drained With Salt,Vegetables,19,0.18,0,242,4.32,2,1.95,0.84,0,9,0.38,319,1 cup (1/2 inch pieces),124
Bamboo Shoots Cooked Boiled Drained With Salt,Vegetables,11,0.22,0,240,1.52,1,NULL,1.53,0,12,0.24,533,1 cup (1/2 inch slices),120
Lima Beans Immature Seeds Frozen Fordhook Cooked Boiled Drained With Salt,Vegetables,103,0.34,0,289,19.32,5.3,1.34,6.07,0,30,1.82,304,1 cup,170
Mung Beans Mature Seeds Sprouted Cooked Boiled Drained With Salt,Vegetables,19,0.09,0,246,3.6,0.8,2.84,2.03,0,12,0.65,101,1 cup,124
Beans Navy Mature Seeds Sprouted Cooked Boiled Drained With Salt,Vegetables,78,0.81,0,250,15.01,NULL,NULL,7.07,0,16,2.11,317,,NULL
Beans Pinto Immature Seeds Frozen Cooked Boiled Drained With Salt,Vegetables,162,0.48,0,319,30.87,5.4,NULL,9.31,0,52,2.71,646,1/ 3 package (10 oz) yields,94
Beans Snap Green Canned No Salt Added Solids And Liquids,Vegetables,15,0.1,0,14,3.5,1.5,NULL,0.8,0,24,0.9,92,1/2 cup,120
Beans Snap Yellow Canned Regular Pack Solids And Liquids,Vegetables,15,0.1,0,259,3.5,1.5,0.62,0.8,0,24,0.9,98,1/2 cup,120
Beans Snap Yellow Canned No Salt Added Solids And Liquids,Vegetables,15,0.1,0,14,3.5,1.5,0.62,0.8,0,24,0.9,98,1/2 cup,120
Beans Snap Green Canned No Salt Added Drained Solids,Vegetables,22,0.46,0,2,4.32,1.9,0.78,1.12,0,38,1.06,96,1 cup,153
Beets Cooked Boiled. Drained With Salt,Vegetables,44,0.18,0,285,9.96,2,7.96,1.68,0,16,0.79,305,1/2 cup slices,85
Beets Canned No Salt Added Solids And Liquids,Vegetables,28,0.07,0,21,6.57,1.2,5.38,0.8,0,13,0.63,142,1 cup,246
Beet Greens Cooked Boiled Drained With Salt,Vegetables,27,0.2,0,477,5.46,2.9,0.6,2.57,0,114,1.9,909,1 cup (1 inch pieces),144
Borage Cooked Boiled Drained With Salt,Vegetables,25,0.81,0,324,3.55,NULL,NULL,2.09,0,102,3.64,491,,NULL
Broccoli Cooked Boiled Drained With Salt,Vegetables,35,0.41,0,262,7.18,3.3,1.39,2.38,0,40,0.67,293,1/2 cup chopped,78
Broccoli Frozen Chopped Cooked Boiled Drained With Salt,Vegetables,28,0.12,0,260,5.35,3,1.47,3.1,0,33,0.61,142,1 cup,184
Broccoli Frozen Spears Cooked Boiled Drained With Salt,Vegetables,28,0.11,0,260,5.35,3,1.44,3.1,0,51,0.61,180,1/2 cup,92
Brussels Sprouts Cooked Boiled Drained With Salt,Vegetables,36,0.5,0,257,7.1,2.6,1.74,2.55,0,36,1.2,317,1 sprout,21
Cabbage Common Cooked Boiled Drained With Salt,Vegetables,23,0.06,0,255,5.51,1.9,2.79,1.27,0,48,0.17,196,1/2 cup shredded,75
Cabbage Red Cooked Boiled Drained With Salt,Vegetables,29,0.09,0,244,6.94,2.6,3.32,1.51,0,42,0.66,262,1 leaf,22
Cabbage Savoy Cooked Boiled Drained With Salt,Vegetables,24,0.09,0,260,5.41,2.8,NULL,1.8,0,30,0.38,184,1 cup shredded,145
Cabbage Chinese (Pak-Choi) Cooked Boiled Drained With Salt,Vegetables,12,0.16,0,270,1.78,1,0.83,1.56,0,93,1.04,371,1 cup shredded,170
Carrots Canned No Salt Added Drained Solids,Vegetables,25,0.19,0,42,5.54,1.5,2.48,0.64,0,25,0.64,179,1 cup sliced,146
Carrots Frozen Cooked Boiled Drained With Salt,Vegetables,37,0.68,0,295,7.73,3.3,4.08,0.58,0,35,0.53,192,1 cup slices,146
Cauliflower Cooked Boiled Drained With Salt,Vegetables,23,0.45,0,242,4.11,2.3,1.86,1.84,0,16,0.32,142,1/2 cup (1 inch pieces),62
Cauliflower Frozen Cooked Boiled Drained With Salt,Vegetables,17,0.22,0,254,3.16,2.7,0.46,1.61,0,17,0.41,139,1 cup (1 inch pieces),180
Chrysanthemum Garland Cooked Boiled Drained With Salt,Vegetables,20,0.09,0,289,4.31,2.3,2.01,1.64,0,69,3.74,569,1 cup (1 inch pieces),100
Collards Cooked Boiled Drained With Salt,Vegetables,33,0.72,0,252,5.65,4,NULL,2.71,0,141,1.13,117,1 cup chopped,190
Collards Frozen Chopped Cooked Boiled Drained With Salt,Vegetables,36,0.41,0,286,7.1,2.8,0.57,2.97,0,210,1.12,251,1 cup chopped,170
Corn Sweet Yellow Cooked Boiled Drained With Salt,Vegetables,96,1.5,0,253,20.98,2.4,4.54,3.41,0,3,0.45,218,1 ear small (5-1/2 inch to 6-1/2 inch long),89
Cowpeas (Blackeyes) Immature Seeds Cooked Boiled Drained With Salt,Vegetables,94,0.38,0,240,19.73,5,3.23,3.17,0,128,1.12,418,1 cup,165
Cowpeas (Blackeyes) Immature Seeds Frozen Cooked Boiled Drained With Salt,Vegetables,131,0.66,0,241,23.5,6.4,4.46,8.49,0,23,2.12,375,1 cup,170
Cowpeas Young Pods With Seeds Cooked Boiled Drained With Salt,Vegetables,34,0.3,0,239,7,NULL,NULL,2.6,0,55,0.7,196,1 cup,95
Cowpeas Leafy Tips Cooked Boiled Drained With Salt,Vegetables,22,0.1,0,242,2.8,NULL,NULL,4.67,0,69,1.09,351,1 cup chopped,53
Gourd Dishcloth (Towelgourd) Cooked Boiled Drained With Salt,Vegetables,54,0.34,0,257,13.75,2.9,5.17,0.66,0,9,0.36,453,1 cup (1 inch pieces),178
Drumstick Leaves Cooked Boiled Drained With Salt,Vegetables,60,0.93,0,245,11.15,2,1,5.27,0,151,2.32,344,1 cup chopped,42
Drumstick Pods Cooked Boiled Drained With Salt,Vegetables,36,0.19,0,279,8.18,4.2,NULL,2.09,0,20,0.45,457,1 cup slices,118
Hyacinth-Beans Immature Seeds Cooked Boiled Drained With Salt,Vegetables,50,0.27,0,238,9.2,NULL,NULL,2.95,0,41,0.76,262,1 cup,87
Lambsquarters Cooked Boiled Drained With Salt,Vegetables,32,0.7,0,265,5,2.1,0.62,3.2,0,258,0.7,288,1 cup chopped,180
Leeks (Bulb And Lower Leaf-Portion) Cooked Boiled Drained With Salt,Vegetables,31,0.2,0,246,7.62,1,2.11,0.81,0,30,1.1,87,1 leek,124
Lotus Root Cooked Boiled Drained With Salt,Vegetables,66,0.07,0,281,16.02,3.1,NULL,1.58,0,26,0.9,363,1/2 cup,60
Mushrooms White Cooked Boiled Drained With Salt,Vegetables,28,0.47,0,238,5.29,2.2,2.34,2.17,0.2,6,1.74,356,1 cup pieces,156
Sweet White Corn,Vegetables,86,1.18,0,15,19.02,2.7,3.22,3.22,0,2,0.52,270,1 ear small (5-1/2 inch to 6-1/2 inch long),73
Cooked Sweet White Corn,Vegetables,97,1.41,0,3,21.71,2.7,7.73,3.34,0,2,0.55,252,1 ear small (5-1/2 inch to 6-1/2 inch long),89
Corn Sweet White Cooked Boiled Drained With Salt,Vegetables,97,1.41,0,253,21.71,2.7,7.73,3.34,0,2,0.55,252,1 ear small (5-1/2 inch to 6-1/2 inch long),89
Corn Sweet White Canned Whole Kernel Regular Pack Solids And Liquids,Vegetables,64,0.5,0,213,15.41,1.7,NULL,1.95,0,4,0.41,164,1 cup,256
Corn Sweet White Canned Vacuum Pack Regular Pack,Vegetables,79,0.5,0,272,19.44,2,NULL,2.41,0,5,0.42,186,1 cup,210
Corn Sweet White Canned Vacuum Pack No Salt Added,Vegetables,79,0.5,0,3,19.44,2,NULL,2.41,0,5,0.42,186,1 cup,210
Corn Sweet White Frozen Kernels Cut Off Cob Unprepared,Vegetables,88,0.77,0,3,20.73,2.9,9.09,3.02,0,4,0.41,213,1 cup,165
Corn Sweet White Frozen Kernels Cut Off Cob Boiled Drained Without Salt,Vegetables,80,0.43,0,5,19.56,2.4,3.12,2.75,0,4,0.35,147,1 cup,165
Peppers Sweet Red Canned Solids And Liquids,Vegetables,18,0.3,0,1369,3.9,1.2,NULL,0.8,0,41,0.8,146,1 cup halves,140
Peppers Sweet Red Frozen Chopped Unprepared,Vegetables,20,0.21,0,5,4.45,1.6,3.26,1.08,0,9,0.62,91,1/3 package (10 oz),95
Peppers Sweet Red Frozen Chopped Boiled Drained Without Salt,Vegetables,16,0.18,0,4,3.31,0.8,2.86,0.95,0,8,0.52,72,1 cup chopped or strips,135
Peppers Sweet Red Frozen Chopped Boiled Drained With Salt,Vegetables,16,0.18,0,240,3.31,0.8,2.86,0.95,0,8,0.52,72,1 cup chopped or strips,135
Red Bell Peppers (Cooked),Vegetables,133,12.75,0,21,6.57,1.8,4.28,1.04,0,7,0.47,193,1 cup chopped,106
Lentils Sprouted Cooked Stir-Fried With Salt,Vegetables,101,0.45,0,246,21.25,NULL,NULL,8.8,0,14,3.1,284,,NULL
Mountain Yam Hawaii Cooked Steamed With Salt,Vegetables,82,0.08,0,248,19.99,NULL,NULL,1.73,0,8,0.43,495,1 cup cubes,145
Tree Fern Cooked With Salt,Vegetables,40,0.07,0,241,10.78,3.7,NULL,0.29,0,8,0.16,5,1 frond (6-1/2 inch long),31
Potatoes Mashed Prepared From Granules Without Milk Whole Milk And Margarine,Vegetables,108,4.93,3,263,14.4,2.2,NULL,2.05,0,35,0.19,145,1 cup,210
Homemade Mashed Potatoes With Milk And Butter,Vegetables,113,4.22,11,317,16.81,1.5,1.43,1.86,0.2,24,0.26,284,1 cup,210
Ketchup,Vegetables,101,0.1,0,907,27.4,0.3,21.27,1.04,0,15,0.35,281,1 tbsp,17
Raw Cremini Mushrooms (Exposed To Sunlight Or Uv),Vegetables,22,0.1,0,6,4.3,0.6,1.72,2.5,31.9,18,0.4,448,1 cup whole,87
Dill Pickles,Vegetables,12,0.3,0,809,2.41,1,1.07,0.5,0,57,0.26,117,1 spear small,35
Canned Pimentos,Vegetables,23,0.3,0,14,5.1,1.9,2.71,1.1,0,6,1.68,158,1 tbsp,12
Hot Dog Relish,Vegetables,91,0.46,0,1091,23.35,1.5,NULL,1.5,0,5,1.25,78,1 tbsp,15
Sweet Pickled Relish,Vegetables,130,0.47,0,811,35.06,1.1,29.13,0.37,0,3,0.87,25,1 tbsp,15
Low Sodium Sour Pickles,Vegetables,11,0.2,0,18,2.26,1.2,1.06,0.33,0,0,0.4,23,1 cup chopped or diced,143
Reduced Sodium Dill Pickles,Vegetables,12,0.3,0,18,2.41,1,1.07,0.5,0,57,0.26,117,1 spear small,35
Radicchio,Vegetables,23,0.25,0,22,4.48,0.9,0.6,1.43,0,19,0.57,302,1 cup shredded,40
Squash Zucchini Baby Raw,Vegetables,21,0.4,0,3,3.11,1.1,NULL,2.71,0,21,0.79,459,1 large,16
Tomatillos,Vegetables,32,1.02,0,1,5.84,1.9,3.93,0.96,0,7,0.62,268,1 medium,34
Sun-Dried Tomatoes,Vegetables,258,2.97,0,107,55.76,12.3,37.59,14.11,0,110,9.09,3427,1 cup,54
Baby Carrots,Vegetables,35,0.13,0,78,8.24,2.9,4.76,0.64,0,32,0.89,237,1 large,15
Palm Hearts (Canned),Vegetables,28,0.62,0,426,4.62,2.4,NULL,2.52,0,58,3.13,177,1 cup,146
Sun-Dried Hot Chile Peppers,Vegetables,324,5.81,0,91,69.86,28.7,41.06,10.58,0,45,6.04,1870,1 cup,37
Nopales,Vegetables,16,0.09,0,21,3.33,2.2,1.15,1.32,0,164,0.59,257,1 cup sliced,86
Cooked Napa Cabbage,Vegetables,12,0.17,0,11,2.23,NULL,NULL,1.1,0,29,0.74,87,1 cup,109
Citronella (Lemon Grass),Vegetables,99,0.49,0,6,25.31,NULL,NULL,1.82,0,65,8.17,723,1 cup,67
Fava Beans (Raw),Beans and Lentils,88,0.73,0,25,17.63,7.5,9.21,7.92,0,37,1.55,332,1 cup,126
Grape Leaves Raw,Vegetables,93,2.12,0,9,17.31,11,6.3,5.6,0,363,2.63,272,1 cup,14
Jalapeno Peppers,Vegetables,29,0.37,0,3,6.5,2.8,4.12,0.91,0,12,0.25,248,1 cup sliced,90
Green Chili Peppers,Vegetables,21,0.27,0,397,4.6,1.7,NULL,0.72,0,36,1.33,113,1 cup,139
Hungarian Peppers,Vegetables,29,0.41,0,1,6.7,1,3.53,0.8,0,12,0.46,202,1 pepper,27
Dried Pasilla Peppers,Vegetables,345,15.85,0,89,51.13,26.8,NULL,12.35,0,97,9.83,2222,1 pepper,7
Oyster Mushrooms,Vegetables,33,0.41,0,18,6.09,2.3,1.11,3.31,0.7,3,1.33,420,1 large,148
Dried Fungi Cloud Ears,Vegetables,284,0.73,0,35,73.01,70.1,NULL,9.25,0,159,5.88,754,1 cup,28
Canned Straw Mushrooms,Vegetables,32,0.68,0,384,4.64,2.5,NULL,3.83,NULL,10,1.43,78,1 cup,182
Wasabi Root,Vegetables,109,0.63,0,17,23.54,7.8,NULL,4.8,0,128,1.03,568,1 cup sliced,130
Fiddlehead Ferns Frozen Unprepared,Vegetables,34,0.35,0,0,5.74,NULL,NULL,4.31,0,24,0.73,129,,NULL
Nuts Coconut Meat Dried (Desiccated) Creamed,Nuts and Seeds,684,69.08,0,37,21.52,NULL,NULL,5.3,0,26,3.36,551,1 oz,28.4
Shredded Coconut Meat,Nuts and Seeds,501,35.49,0,262,47.67,4.5,43.17,2.88,0,15,1.92,337,1 cup shredded,93
Seeds Sisymbrium Sp. Seeds Whole Dried,Nuts and Seeds,318,4.6,0,92,58.26,NULL,NULL,12.14,NULL,1633,0.11,2130,1 cup,74
Almond Butter,Nuts and Seeds,614,55.5,0,7,18.82,10.3,4.43,20.96,0,347,3.49,748,1 tbsp,16
Boiled Japanese Chestnuts,Nuts and Seeds,56,0.19,0,5,12.64,NULL,NULL,0.82,0,11,0.53,119,1 oz,28.4
Nuts Chestnuts Japanese Roasted,Nuts and Seeds,201,0.8,0,19,45.13,NULL,NULL,2.97,0,35,2.1,427,1 oz,28.4
Lotus Seeds,Nuts and Seeds,89,0.53,0,1,17.28,NULL,NULL,4.13,0,44,0.95,367,1 oz,28.4
Nuts Almonds Honey Roasted Unblanched,Nuts and Seeds,594,49.9,0,130,27.9,13.7,NULL,18.17,0,263,2.83,560,1 cup whole kernels,144
Seeds Sunflower Seed Kernels Oil Roasted With Salt Added,Nuts and Seeds,592,51.3,0,303,22.89,10.6,3.11,20.06,0,87,4.28,483,1 cup,135
Seeds Sunflower Seed Kernels Toasted With Salt Added,Nuts and Seeds,619,56.8,0,613,20.59,11.5,NULL,17.21,0,57,6.81,491,1 cup,134
Seeds Sunflower Seed Butter With Salt Added,Nuts and Seeds,617,55.2,0,331,23.32,5.7,10.54,17.28,0,64,4.12,576,1 tbsp,16
Nuts Almonds Dry Roasted With Salt Added,Nuts and Seeds,598,52.54,0,234,21.01,10.9,4.86,20.96,0,268,3.73,713,1 cup whole kernels,138
Nuts Cashew Butter Plain With Salt Added,Nuts and Seeds,609,53.03,0,295,30.3,3,9.09,12.12,0,61,4.91,447,1 tbsp,16
Nuts Macadamia Nuts Dry Roasted With Salt Added,Nuts and Seeds,716,76.08,0,353,12.83,8,4.14,7.79,0,70,2.65,363,1 cup whole or halves,132
Nuts Mixed Nuts Dry Roasted With Peanuts With Salt Added,Nuts and Seeds,594,51.45,0,345,25.35,9,4.8,17.3,0,70,3.7,693,1 cup,137
Nuts Mixed Nuts Oil Roasted With Peanuts With Salt Added,Nuts and Seeds,607,53.95,0,273,21.05,7,4.15,20.04,0,117,2.61,632,1 cup,134
Seeds Pumpkin And Squash Seeds Whole Roasted With Salt Added,Nuts and Seeds,446,19.4,0,2541,53.75,18.4,NULL,18.55,0,55,3.31,919,1 cup,64
Nuts Almonds Oil Roasted Lightly Salted,Nuts and Seeds,607,55.17,0,143,17.68,10.5,4.55,21.23,NULL,291,3.68,699,1 cup whole kernels,157
Nuts Almond Butter Plain With Salt Added,Nuts and Seeds,614,55.5,0,227,18.82,10.3,6.27,20.96,0,347,3.49,748,1 tbsp,16
Seeds Sesame Butter Tahini Type Of Kernels Unspecified,Nuts and Seeds,592,53.01,0,35,21.5,4.7,NULL,17.4,0,141,4.42,459,1 tbsp,15
Beef Retail Cuts Separable Fat Raw,Meats,674,70.89,99,26,0,0,0,8.21,0.3,26,0.72,96,1 oz,28.4
Beef Retail Cuts Separable Fat Cooked,Meats,680,70.33,95,23,0,0,0,10.65,0.4,19,1.08,99,1 oz,28.4
Beef Brisket Whole Separable Lean Only All Grades Raw,Meats,157,7.37,62,79,0.6,0,0,20.72,NULL,5,1.92,330,1 oz,28.4
Beef Grass-Fed Ground Raw,Meats,198,12.73,62,68,0,0,0,19.42,NULL,12,1.99,289,1 serving,85
Beef Flank Steak Separable Lean Only Trimmed To 0 Inch Fat Choice Raw,Meats,149,6.29,69,57,0,0,0,21.72,0.1,28,1.62,340,1 oz,28.4
Beef Flank Steak Separable Lean Only Trimmed To 0 Inch Fat Choice Cooked Braised,Meats,237,13,71,72,0,0,0,28.02,0.2,6,3.47,351,3 oz,85
Broiled Lean Beef Flank Steak,Meats,194,8.32,80,56,0,0,0,27.82,NULL,15,1.84,338,3 oz,85
Beef Rib Eye Small End (Ribs 10-12) Separable Lean And Fat Trimmed To 0 Inch Fat Choice Raw,Meats,274,22.07,68,56,0,0,NULL,17.51,NULL,10,1.87,305,1 oz,28.4
Braised Beef Shortribs,Meats,471,41.98,94,50,0,0,0,21.57,0.7,12,2.31,224,3 oz,85
Beef Rib Shortribs Separable Lean Only Choice Raw,Meats,175,10.19,59,65,0.4,0,NULL,19.05,NULL,8,2.16,357,1 oz,28.4
Beef Rib Shortribs Separable Lean Only Choice Cooked Braised,Meats,295,18.13,93,58,0,0,0,30.76,0.3,11,3.36,313,1 piece cooked excluding refuse (yield from 1 lb raw meat with refuse),121
Broiled Beef Round,Meats,191,7.31,78,64,0,0,0,29.21,0.1,5,2.7,422,3 oz,85
Beef Round Full Cut Separable Lean Only Trimmed To 1/4 Inch Fat Select Cooked Broiled,Meats,172,5.22,78,64,0,0,NULL,29.25,NULL,5,2.71,423,3 oz,85
Grilled Porterhouse Steak (Choice),Meats,221,11.36,85,67,0,0,0,27.65,0.1,19,3.16,290,3 oz,85
Beef Short Loin T-Bone Steak Bone-In Separable Lean Only Trimmed To 1/8 Inch Fat Choice Raw,Meats,160,7.27,59,35,0,0,0,22.1,0.1,21,1.65,263,3 oz,85
Grilled T-Bone Steak (Choice),Meats,217,11.05,81,68,0,0,0,27.48,0.1,19,3.57,280,3 oz,85
Beef Rib Eye Small End (Ribs 10-12) Separable Lean Only Trimmed To 0 Inch Fat Select Raw,Meats,149,6.57,60,52,0,0,0,21.17,NULL,10,1.94,297,3 oz,85
Beef Variety Meats And By-Products Brain Raw,Meats,143,10.3,3010,126,1.05,0,0,10.86,NULL,43,2.55,274,1 oz,28.4
Beef Variety Meats And By-Products Brain Cooked Pan-Fried,Meats,196,15.83,1995,158,0,0,NULL,12.57,NULL,9,2.22,354,3 oz,85
Beef Variety Meats And By-Products Brain Cooked Simmered,Meats,151,10.53,3100,108,1.48,0,0,11.67,0,9,2.3,244,3 oz,85
Beef Variety Meats And By-Products Heart Raw,Meats,112,3.94,124,98,0.14,0,0,17.72,NULL,7,4.31,287,1 oz,28.4
Beef Variety Meats And By-Products Liver Cooked Braised,Meats,191,5.26,396,79,5.13,0,0,29.08,1.2,6,6.54,352,1 slice,68
Pan Fried Beef Liver,Meats,175,4.68,381,77,5.16,0,0,26.52,1.2,6,6.17,351,1 slice,81
Beef Variety Meats And By-Products Lungs Raw,Meats,92,2.5,242,198,0,0,NULL,16.2,NULL,10,7.95,340,1 oz,28.4
Beef Variety Meats And By-Products Lungs Cooked Braised,Meats,120,3.7,277,101,0,0,NULL,20.4,NULL,11,5.4,173,3 oz,85
Beef Variety Meats And By-Products Mechanically Separated Beef Raw,Meats,276,23.52,209,57,0,0,NULL,14.97,NULL,485,5.67,277,1 oz,28.4
Beef Loin Top Loin Steak Boneless Lip Off Separable Lean And Fat Trimmed To 0 Inch Fat Select Cooked Grilled,Meats,207,9.12,85,57,0,0,0,29.16,0.1,14,3.23,371,3 oz,85
Beef Loin Top Loin Steak Boneless Lip Off Separable Lean Only Trimmed To 0 Inch Fat All Grades Cooked Grilled,Meats,202,8.41,91,61,0,0,0,29.53,0.1,14,3.47,376,3 oz,85
Beef Top Sirloin Steak Separable Lean And Fat Trimmed To 0 Inch Fat Select Cooked Broiled,Meats,206,8.8,87,63,0,0,0,29.65,NULL,24,1.83,381,3 oz,85
Beef Top Sirloin Steak Separable Lean Only Trimmed To 0 Inch Fat All Grades Cooked Broiled,Meats,183,5.79,82,64,0,0,0,30.55,0.1,20,1.96,393,3 oz,85
Beef Top Sirloin Steak Separable Lean Only Trimmed To 0 Inch Fat Choice Cooked Broiled,Meats,188,6.55,83,63,0,0,0,30.29,NULL,17,2.07,380,3 oz,85
Beef Top Sirloin Steak Separable Lean Only Trimmed To 0 Inch Fat Select Cooked Broiled,Meats,177,5.03,81,66,0,0,0,30.8,NULL,22,1.92,410,3 oz,85
Grilled Porterhouse Steak,Meats,213,10.32,82,68,0,0,0,28.16,0.1,19,3.22,291,3 oz,85
Beef Short Loin Porterhouse Steak Separable Lean Only Trimmed To 0 Inch Fat All Grades Cooked Broiled,Meats,212,11.18,62,69,0,0,0,26.07,NULL,6,3.24,328,3 oz,85
Beef Short Loin Porterhouse Steak Separable Lean Only Trimmed To 0 Inch Fat Choice Cooked Broiled,Meats,224,12.8,91,69,0,0,0,25.51,NULL,6,3.24,301,3 oz,85
Beef Short Loin Porterhouse Steak Separable Lean Only Trimmed To 1/8 Inch Fat Select Raw,Meats,145,5.41,57,43,0,0,0,22.61,0,19,2.26,266,3 oz,85
Beef Short Loin Porterhouse Steak Separable Lean Only Trimmed To 1/8 Inch Fat Select Cooked Grilled,Meats,203,8.76,78,67,0,0,0,28.92,0.1,20,3.44,292,3 oz,85
Beef Short Loin T-Bone Steak Bone-In Separable Lean Only Trimmed To 1/8 Inch Fat All Grades Raw,Meats,153,6.5,59,42,0,0,0,22.22,0.1,21,1.66,267,3 oz,85
Grilled T-Bone Steak,Meats,212,10.37,82,67,0,0,0,27.86,0.1,18,3.57,290,3 oz,85
Beef Short Loin T-Bone Steak Separable Lean Only Trimmed To 0 Inch Fat Choice Cooked Broiled,Meats,198,9.61,83,71,0,0,0,25.98,NULL,4,3.66,327,3 oz,85
Beef Short Loin T-Bone Steak Bone-In Separable Lean Only Trimmed To 1/8 Inch Fat Select Raw,Meats,144,5.34,59,57,0,0,0,22.41,0,23,1.77,284,3 oz,85
Beef Round Tip Round Roast Separable Lean And Fat Trimmed To 0 Inch Fat Choice Raw,Meats,156,7.73,63,51,0,0,0,20.16,NULL,15,1.78,309,3 oz,85
Beef Round Tip Round Roast Separable Lean And Fat Trimmed To 0 Inch Fat Select Raw,Meats,145,6.28,61,58,0,0,0,20.8,NULL,23,1.59,327,3 oz,85
Beef Rib Eye Small End (Ribs 10- 12) Separable Lean Only Trimmed To 0 Inch Fat Select Cooked Broiled,Meats,182,6.05,95,63,0,0,0,29.93,NULL,21,1.84,392,3 oz,85
Grilled Top Round Steak,Meats,162,3.77,86,75,0,0,0,30.09,0,18,3.25,435,3 oz,85
Beef Ground 70% Lean Meat / 30% Fat Patty Cooked Pan-Broiled,Meats,238,15.54,84,92,0,0,0,22.86,0,37,2.41,308,3 oz,85
Beef Ground 70% Lean Meat / 30% Fat Patty Cooked Broiled,Meats,277,18.66,88,81,0,0,0,25.38,0,35,2.25,275,3 oz,85
Beef Ground 70% Lean Meat / 30% Fat Raw,Meats,332,30,78,66,0,0,0,14.35,0.1,24,1.64,218,4 oz,113
Beef Chuck Under Blade Center Steak Boneless Denver Cut Separable Lean Only Trimmed To 0 Inch Fat Select Raw,Meats,157,8.54,68,77,0.21,0,0,19.71,0.1,11,2.43,329,3 oz,85
Top Blade Chuck Steak,Meats,196,9.23,95,87,0,0,0,28.15,0.1,14,3.14,390,3 oz,85
Beef Shoulder Top Blade Steak Boneless Separable Lean Only Trimmed To 0 Inch Fat Select Raw,Meats,133,5.73,71,87,0,0,0,20.39,0.1,12,2.51,346,3 oz,85
Beef Brisket Flat Half Boneless Separable Lean Only Trimmed To 0 Inch Fat All Grades Raw,Meats,132,5.11,67,83,0,0,0,21.47,0.1,13,2.06,362,3 oz,85
Beef Brisket Flat Half Boneless Separable Lean Only Trimmed To 0 Inch Fat Choice Raw,Meats,137,5.75,67,82,0,0,0,21.28,0.1,13,2.04,367,3 oz,85
Beef Brisket Flat Half Boneless Separable Lean Only Trimmed To 0 Inch Fat Select Raw,Meats,124,4.14,69,85,0,0,0,21.74,0.1,13,2.08,353,3 oz,85
Beef Shoulder Top Blade Steak Boneless Separable Lean And Fat Trimmed To 0 Inch Fat Choice Cooked Grilled,Meats,220,12.26,92,84,0,0,0,27.51,0.1,14,3.11,374,3 oz,85
Beef Chuck Eye Roast Boneless Americas Beef Roast Separable Lean And Fat Trimmed To 0 Inch Fat All Grades Raw,Meats,180,11.48,69,81,0,0,0,19.18,0.1,17,2.08,332,3 oz,85
Beef Chuck Eye Roast Boneless Americas Beef Roast Separable Lean And Fat Trimmed To 0 Inch Fat Choice Raw,Meats,185,12.02,67,80,0,0,0,19.14,0.1,17,2.08,310,3 oz,85
Beef Chuck Eye Roast Boneless Americas Beef Roast Separable Lean And Fat Trimmed To 0 Inch Fat Select Raw,Meats,173,10.67,73,82,0,0,0,19.25,0.1,18,2.12,367,3 oz,85
Beef Composite Of Trimmed Retail Cuts Separable Lean And Fat Trimmed To 1/8 Inch Fat Select Cooked,Meats,245,15.09,85,51,0,0,0,26.06,0.1,13,2.11,262,3 oz,85
Beef Brisket Whole Separable Lean And Fat Trimmed To 1/8 Inch Fat All Grades Raw,Meats,253,19.06,68,69,0.56,0,0,18.42,NULL,6,1.7,282,1 oz,28.4
Beef Brisket Whole Separable Lean And Fat Trimmed To 1/8 Inch Fat All Grades Cooked Braised,Meats,331,24.5,93,64,0,0,0,25.85,0.4,7,2.46,251,3 oz,85
Beef Brisket Flat Half Separable Lean And Fat Trimmed To 1/8 Inch Fat All Grades Raw,Meats,277,22.18,92,59,0,0,0,17.94,NULL,16,1.59,276,3 oz,85
Beef Chuck Arm Pot Roast Separable Lean And Fat Trimmed To 1/8 Inch Fat All Grades Cooked Braised,Meats,302,19.22,120,50,0,0,0,30.12,0.3,17,2.53,242,3 oz,85
Beef Chuck Arm Pot Roast Separable Lean And Fat Trimmed To 1/8 Inch Fat Choice Raw,Meats,249,18.57,89,63,0,0,0,19.14,NULL,16,1.73,290,1 oz,28.4
Beef Chuck Arm Pot Roast Separable Lean And Fat Trimmed To 1/8 Inch Fat Choice Cooked Braised,Meats,309,19.93,121,49,0,0,0,30.2,0.3,16,2.61,241,3 oz,85
Beef Chuck Arm Pot Roast Separable Lean And Fat Trimmed To 1/8 Inch Fat Select Raw,Meats,239,17.39,93,62,0,0,0,19.33,NULL,18,1.61,290,1 oz,28.4
Beef Chuck Blade Roast Separable Lean And Fat Trimmed To 1/8 Inch Fat Choice Cooked Braised,Meats,359,27.26,103,64,0,0,0,26.37,0.4,13,3.08,230,3 oz,85
Beef Chuck Blade Roast Separable Lean And Fat Trimmed To 1/8 Inch Fat Select Raw,Meats,230,17.33,71,69,0,0,0,17.37,NULL,10,2.07,276,1 oz,28.4
Beef Chuck Blade Roast Separable Lean And Fat Trimmed To 1/8 Inch Fat Select Cooked Braised,Meats,318,22.35,104,66,0,0,0,27.33,NULL,13,3.2,237,3 oz,85
Beef Chuck Eye Roast Boneless Americas Beef Roast Separable Lean Only Trimmed To 0 Inch Fat All Grades Cooked Roasted,Meats,183,8.46,83,80,0,0,0,26.65,0.1,19,2.47,344,3 oz,85
Beef Rib Whole (Ribs 6-12) Separable Lean And Fat Trimmed To 1/8 Inch Fat Choice Raw,Meats,322,27.93,71,54,0,0,NULL,16.34,NULL,9,1.72,267,1 oz,28.4
Beef Rib Whole (Ribs 6-12) Separable Lean And Fat Trimmed To 1/8 Inch Fat Choice Cooked Broiled,Meats,352,28.5,82,63,0,0,NULL,22.26,NULL,11,2.18,313,3 oz,85
Beef Rib Whole (Ribs 6-12) Separable Lean And Fat Trimmed To 1/8 Inch Fat Choice Cooked Roasted,Meats,365,29.79,84,64,0,0,0,22.6,0.5,11,2.35,302,3 oz,85
Beef Rib Whole (Ribs 6-12) Separable Lean And Fat Trimmed To 1/8 Inch Fat Select Raw,Meats,288,23.95,70,55,0,0,NULL,16.75,NULL,9,1.77,278,1 oz,28.4
Beef Rib Whole (Ribs 6-12) Separable Lean And Fat Trimmed To 1/8 Inch Fat Prime Cooked Roasted,Meats,400,33.7,85,65,0,0,NULL,22.57,NULL,11,2.17,304,3 oz,85
Beef Rib Large End (Ribs 6-9) Separable Lean And Fat Trimmed To 1/8 Inch Fat All Grades Raw,Meats,316,27.29,71,55,0,0,NULL,16.26,NULL,8,1.71,260,1 oz,28.4
Beef Rib Large End (Ribs 6-9) Separable Lean And Fat Trimmed To 1/8 Inch Fat All Grades Cooked Broiled,Meats,338,27.22,80,64,0,0,NULL,21.55,NULL,10,2.19,309,3 oz,85
Beef Rib Large End (Ribs 6-9) Separable Lean And Fat Trimmed To 1/8 Inch Fat All Grades Cooked Roasted,Meats,355,28.51,85,64,0,0,0,23.01,0.5,10,2.35,293,3 oz,85
Beef Rib Large End (Ribs 6-9) Separable Lean And Fat Trimmed To 1/8 Inch Fat Select Cooked Broiled,Meats,324,25.71,80,64,0,0,NULL,21.55,NULL,10,2.19,309,3 oz,85
Beef Rib Large End (Ribs 6-9) Separable Lean And Fat Trimmed To 1/8 Inch Fat Select Cooked Roasted,Meats,333,25.84,84,65,0,0,NULL,23.4,NULL,9,2.39,299,3 oz,85
Beef Rib Large End (Ribs 6-9) Separable Lean And Fat Trimmed To 1/8 Inch Fat Prime Raw,Meats,367,33.26,73,53,0,0,NULL,15.77,NULL,8,1.65,248,1 oz,28.4
Beef Rib Large End (Ribs 6-9) Separable Lean And Fat Trimmed To 1/8 Inch Fat Prime Cooked Broiled,Meats,404,34.97,86,62,0,0,NULL,20.65,NULL,10,2.08,298,3 oz,85
Beef Rib Large End (Ribs 6-9) Separable Lean And Fat Trimmed To 1/8 Inch Fat Prime Cooked Roasted,Meats,393,32.74,85,64,0,0,NULL,22.86,NULL,10,2.33,291,3 oz,85
Beef Rib Small End (Ribs 10-12) Separable Lean And Fat Trimmed To 1/8 Inch Fat Choice Cooked Broiled,Meats,304,22.09,94,49,0,0,0,24.53,NULL,16,1.64,298,3 oz,85
Beef Rib Small End (Ribs 10-12) Separable Lean And Fat Trimmed To 1/8 Inch Fat Choice Cooked Roasted,Meats,359,29.21,83,63,0,0,NULL,22.28,NULL,13,2.39,319,3 oz,85
Beef Rib Small End (Ribs 10-12) Separable Lean And Fat Trimmed To 1/8 Inch Fat Select Raw,Meats,246,18,85,49,0,0,0,19.56,NULL,22,1.4,297,3 oz,85
Beef Rib Small End (Ribs 10-12) Separable Lean And Fat Trimmed To 1/8 Inch Fat Select Cooked Broiled,Meats,278,18,103,58,0,0,0,27.17,NULL,22,1.67,349,3 oz,85
Beef Shoulder Top Blade Steak Boneless Separable Lean And Fat Trimmed To 0 Inch Fat Select Cooked Grilled,Meats,194,9.29,98,88,0,0,0,27.7,0.1,14,3.02,388,3 oz,85
Beef Shoulder Top Blade Steak Boneless Separable Lean And Fat Trimmed To 0 Inch Fat All Grades Raw,Meats,146,7.25,69,82,0,0,0,20.16,0.1,12,2.49,335,3 oz,85
Beef Round Full Cut Separable Lean And Fat Trimmed To 1/8 Inch Fat Choice Raw,Meats,195,11.92,62,54,0,0,0,20.56,0.2,4,1.99,342,1 oz,28.4
Beef Round Full Cut Separable Lean And Fat Trimmed To 1/8 Inch Fat Choice Cooked Broiled,Meats,235,12.98,79,62,0,0,0,27.54,0.2,6,2.55,395,3 oz,85
Beef Round Bottom Round Roast Separable Lean And Fat Trimmed To 1/8 Inch Fat All Grades Cooked Roasted,Meats,218,11.64,85,35,0,0,0,26.41,NULL,6,2.16,214,3 oz,85
Beef Round Bottom Round Steak Separable Lean And Fat Trimmed To 1/8 Inch Fat Choice Raw,Meats,198,12.15,75,53,0,0,0,20.71,NULL,16,1.84,319,1 oz,28.4
Beef Round Bottom Round Steak Separable Lean And Fat Trimmed To 1/8 Inch Fat Choice Cooked Braised,Meats,254,12.56,101,42,0,0,0,32.85,NULL,7,2.7,263,3 oz,85
Beef Round Bottom Round Roast Separable Lean And Fat Trimmed To 1/8 Inch Fat Choice Cooked Roasted,Meats,223,12.44,86,34,0,0,0,26.05,NULL,6,2.15,210,3 oz,85
Beef Round Bottom Round Steak Separable Lean And Fat Trimmed To 1/8 Inch Fat Select Raw,Meats,187,10.93,72,60,0,0,0,20.68,NULL,23,1.63,335,3 oz,85
Beef Round Eye Of Round Roast Separable Lean And Fat Trimmed To 1/8 Inch Fat Choice Raw,Meats,173,8.91,70,55,0,0,0,21.68,NULL,16,1.92,334,1 oz,28.4
Beef Round Eye Of Round Roast Separable Lean And Fat Trimmed To 1/8 Inch Fat Choice Cooked Roasted,Meats,212,10.05,86,37,0,0,0,28.48,NULL,6,2.33,227,3 oz,85
Beef Round Eye Of Round Roast Separable Lean And Fat Trimmed To 1/8 Inch Fat Select Raw,Meats,160,7.57,66,62,0.08,0,0,21.3,NULL,24,1.69,346,1 oz,28.4
Beef Round Eye Of Round Roast Separable Lean And Fat Trimmed To 1/8 Inch Fat Select Cooked Roasted,Meats,204,9.26,83,37,0,0,0,28.13,NULL,7,2.24,228,3 oz,85
Beef Round Tip Round Separable Lean And Fat Trimmed To 1/8 Inch Fat Select Raw,Meats,178,10.39,64,58,0,0,0,19.74,NULL,5,2.02,332,1 oz,28.4
Beef Round Tip Round Roast Separable Lean And Fat Trimmed To 1/8 Inch Fat Select Cooked Roasted,Meats,210,10.24,82,64,0,0,0,27.63,0.2,6,2.83,370,3 oz,85
Beef Shoulder Top Blade Steak Boneless Separable Lean And Fat Trimmed To 0 Inch Fat Choice Raw,Meats,152,7.94,68,81,0,0,0,20.07,0.1,12,2.5,336,3 oz,85
Beef Round Top Round Separable Lean Only Trimmed To 1/8 Inch Fat Choice Cooked Pan-Fried,Meats,228,8.33,102,65,2.03,0,0,33.93,0.1,6,3.4,484,3 oz,85
Beef Round Top Round Separable Lean And Fat Trimmed To 1/8 Inch Fat Choice Cooked Braised,Meats,250,11.61,90,45,0,0,0,34.09,NULL,5,3.14,317,3 oz,85
Beef Round Top Round Steak Separable Lean And Fat Trimmed To 1/8 Inch Fat Choice Cooked Broiled,Meats,224,10.27,92,40,0,0,0,30.7,NULL,7,2.54,248,3 oz,85
Beef Round Top Round Separable Lean And Fat Trimmed To 1/8 Inch Fat Choice Cooked Pan-Fried,Meats,266,13.83,97,68,0,0,0,32.99,0.2,6,2.97,480,3 oz,85
Beef Round Top Round Steak Separable Lean And Fat Trimmed To 1/8 Inch Fat Select Raw,Meats,164,7.68,68,63,0,0,0,22.18,NULL,25,1.74,357,1 oz,28.4
Beef Round Top Round Separable Lean And Fat Trimmed To 1/8 Inch Fat Select Cooked Braised,Meats,225,8.54,90,45,0,0,0,34.6,NULL,4,3.18,321,3 oz,85
Beef Brisket Flat Half Boneless Separable Lean And Fat Trimmed To 0 Inch Fat All Grades Raw,Meats,165,9.29,67,80,0,0,0,20.32,0.1,13,2,344,3 oz,85
Beef Short Loin Porterhouse Steak Separable Lean And Fat Trimmed To 1/8 Inch Fat Choice Raw,Meats,218,14.58,61,52,0,0,0,20.36,0.1,19,1.91,246,3 oz,85
Beef Short Loin Porterhouse Steak Separable Lean And Fat Trimmed To 1/8 Inch Fat Choice Cooked Grilled,Meats,284,19.78,85,63,0,0,0,24.85,0.1,19,2.95,255,3 oz,85
Beef Short Loin T-Bone Steak Separable Lean And Fat Trimmed To 1/8 Inch Fat Choice Raw,Meats,228,15.83,62,35,0,0,0,20,0.1,21,1.64,229,3 oz,85
Beef Short Loin Top Loin Steak Separable Lean And Fat Trimmed To 1/8 Inch Fat Choice Cooked Grilled,Meats,278,18.45,97,52,0,0,0,26.16,0.3,17,1.75,316,3 oz,85
Beef Loin Top Loin Separable Lean And Fat Trimmed To 1/8 Inch Fat Select Raw,Meats,224,15.04,80,52,0,0,0,20.59,NULL,23,1.47,313,3 oz,85
Beef Loin Top Loin Separable Lean And Fat Trimmed To 1/8 Inch Fat Select Cooked Grilled,Meats,250,15.11,79,57,0,0,0,26.72,NULL,22,1.63,340,3 oz,85
Beef Short Loin Top Loin Steak Separable Lean And Fat Trimmed To 1/8 Inch Fat Prime Raw,Meats,281,22.17,67,53,0,0,0,19,NULL,6,1.58,295,3 oz,85
Beef Tenderloin Steak Separable Lean And Fat Trimmed To 1/8 Inch Fat Choice Cooked Broiled,Meats,273,17.78,99,52,0,0,0,26.43,NULL,17,1.76,318,1 steak (yield from 181 g raw meat),140
Beef Tenderloin Roast Separable Lean And Fat Trimmed To 1/8 Inch Fat Choice Cooked Roasted,Meats,331,25.39,85,65,0,0,0,23.9,NULL,9,3.11,407,3 oz,85
Beef Tenderloin Steak Separable Lean And Fat Trimmed To 1/8 Inch Fat Select Raw,Meats,249,18.46,86,50,0,0,0,19.37,NULL,22,1.42,300,1 steak (yield from 1 raw steak weighing149g),149
Beef Tenderloin Steak Separable Lean And Fat Trimmed To 1/8 Inch Fat Select Cooked Broiled,Meats,262,16.53,96,57,0,0,0,26.48,NULL,22,1.63,340,1 steak (yield from 1 raw steak weighing 151g),119
Beef Top Sirloin Steak Separable Lean And Fat Trimmed To 1/8 Inch Fat All Grades Raw,Meats,201,12.71,75,52,0,0,0,20.3,NULL,24,1.48,315,3 oz,85
Beef Top Sirloin Steak Separable Lean And Fat Trimmed To 1/8 Inch Fat All Grades Cooked Broiled,Meats,243,14.23,92,56,0,0,0,26.96,0.2,20,1.73,336,3 oz,85
Beef Top Sirloin Steak Separable Lean And Fat Trimmed To 1/8 Inch Fat Choice Raw,Meats,214,14.28,78,51,0,0,0,19.92,NULL,25,1.46,309,1 oz,28.4
Beef Top Sirloin Steak Separable Lean And Fat Trimmed To 1/8 Inch Fat Choice Cooked Broiled,Meats,257,15.75,96,54,0,0,0,26.8,NULL,18,1.81,327,3 oz,85
Beef Chuck Clod Roast Separable Lean Only Trimmed To 0 Inch Fat Select Cooked Roasted,Meats,172,5.82,90,74,0,0,0,28.09,0.1,7,3.19,384,3 oz,85
Beef Shoulder Steak Boneless Separable Lean Only Trimmed To 0 Inch Fat Choice Cooked Grilled,Meats,178,6.25,81,68,0,0,0,28.54,0.1,12,2.95,372,3 oz ( 1 serving ),85
Beef Shoulder Steak Boneless Separable Lean Only Trimmed To 0 Inch Fat Select Cooked Grilled,Meats,169,5.17,83,68,0,0,0,28.71,0.1,12,2.94,371,3 oz,85
Beef Flank Steak Separable Lean And Fat Trimmed To 0 Inch Fat All Grades Cooked Broiled,Meats,192,8.23,79,56,0,0,0,27.66,NULL,20,1.74,339,3 oz,85
Beef Bottom Sirloin Tri-Tip Roast Separable Lean And Fat Trimmed To 0 Inch Fat All Grades Raw,Meats,165,8.55,66,52,0,0,0,20.64,NULL,25,1.49,317,3 oz,85
Beef Bottom Sirloin Tri-Tip Roast Separable Lean And Fat Trimmed To 0 Inch Fat Choice Cooked Roasted,Meats,221,12.36,85,50,0,0,0,25.66,NULL,17,1.7,308,3 oz,85
Beef Bottom Sirloin Tri-Tip Roast Separable Lean And Fat Trimmed To 0 Inch Fat Choice Raw,Meats,174,9.51,68,51,0,0,0,20.64,NULL,25,1.47,313,3 oz,85
Beef Bottom Sirloin Tri-Tip Roast Separable Lean And Fat Trimmed To 0 Inch Fat Select Cooked Roasted,Meats,201,9.78,81,56,0,0,0,26.44,NULL,21,1.62,338,3 oz,85
Beef Chuck Top Blade Separable Lean Only Trimmed To 0 Inch Fat Choice Cooked Broiled,Meats,217,11.65,93,68,0,0,0,26.11,NULL,7,2.81,304,3 oz,85
Beef Chuck Top Blade Separable Lean Only Trimmed To 0 Inch Fat Select Cooked Broiled,Meats,184,8,94,68,0,0,0,26.16,NULL,7,2.8,304,3 oz,85
Beef Round Top Round Steak Boneless Separable Lean And Fat Trimmed To 0 Inch Fat Choice Cooked Grilled,Meats,170,4.62,86,78,0,0,0,30.12,0,18,3.26,426,3 oz,85
Beef Round Top Round Steak Boneless Separable Lean And Fat Trimmed To 0 Inch Fat Select Cooked Grilled,Meats,162,3.85,88,76,0,0,0,29.7,0,19,3.25,436,3 oz,85
Beef Chuck Eye Roast Boneless Americas Beef Roast Separable Lean Only Trimmed To 0 Inch Fat Select Raw,Meats,133,5.71,74,86,0,0,0,20.52,0.1,19,2.21,393,3 oz,85
Beef Brisket Flat Half Boneless Separable Lean And Fat Trimmed To 0 Inch Fat Choice Raw,Meats,169,9.86,67,79,0,0,0,20.15,0.1,13,1.98,349,3 oz,85
Beef Plate Inside Skirt Steak Separable Lean Only Trimmed To 0 Inch Fat All Grades Cooked Broiled,Meats,205,10.06,85,76,0,0,0,26.66,NULL,11,2.83,295,3 oz,85
Beef Plate Outside Skirt Steak Separable Lean Only Trimmed To 0 Inch Fat All Grades Cooked Broiled,Meats,233,14.37,91,94,0,0,0,24.18,NULL,10,2.66,393,3 oz,85
Beer,Beverages,43,0,0,4,3.55,0,0,0.46,0,4,0.02,27,1 fl oz,29.7
Budweiser Beer,Beverages,41,0,0,3,2.97,0,NULL,0.36,NULL,4,0,33,1 fl oz,29.8
Alcoholic Beverage Beer Light Budweiser Select,Beverages,28,0,0,3,0.87,0,NULL,0.2,NULL,4,0,26,1 fl oz,29.5
Light Beer,Beverages,29,0,0,4,1.64,0,0.09,0.24,0,4,0.03,21,1 fl oz,29.5
Alcoholic Beverage Pina Colada Canned,Beverages,237,7.6,0,71,27.6,0.1,NULL,0.6,NULL,1,0.03,83,1 fl oz,32.6
Sweetened Vanilla Almond Milk,Beverages,38,1.04,0,63,6.59,0.4,6.25,0.42,1,188,0.3,50,8 fl oz,240
Alcoholic Beverage Pina Colada Prepared-From-Recipe,Beverages,174,1.88,0,6,22.66,0.3,22.33,0.42,NULL,8,0.21,71,1 fl oz,31.4
Tequila Sunrise,Beverages,110,0.1,0,57,11.3,0,NULL,0.3,NULL,0,0.02,10,1 fl oz,31.1
Milk Chocolate With Almonds,Sweets,526,34.4,19,74,53.4,6.2,43.9,9,0,224,1.63,444,1 bar (1.45 oz),41
Milk Chocolate With Rice Cereal,Sweets,511,29.37,23,86,59.67,3.3,51.06,7.64,0,187,2.65,370,1 bar (1.4 oz),40
Mars Snackfood Us Milky Way Bar,Sweets,456,17.23,9,167,71.17,1,59.69,4.01,0.4,115,0.49,124,1 serving 2.05 oz bar,58
Hersheys Skor Toffee Bar,Sweets,541,30.37,53,317,63.73,1.3,59.89,3.13,0.1,30,0.57,153,1 bar 1.4 oz,39
Toppings Strawberry,Sweets,254,0.1,0,21,66.3,0.7,27.38,0.2,0,6,0.28,51,2 tbsp,42
Mounds Candy Bar,Sweets,493,26.6,2,145,58.88,3.7,46.19,4.6,0,21,2.09,321,1 bar snack size,19
Mr. Goodbar Chocolate Bar,Sweets,538,33.21,10,41,54.34,3.8,47.22,10.22,0,110,1.39,394,1 bar (1.75 oz),49
Nestle 100 Grand Bar,Sweets,468,19.33,12,203,70.97,1,51.9,2.5,0,76,0.34,163,1 bar (1.5 oz),43
Nestle Crunch Bar And Dessert Topping,Sweets,500,26,13,150,67,1.9,55,5,NULL,100,0.7,305,1 bar 1.55 oz,44
Reeses Peanut Butter Cups,Sweets,515,30.53,6,357,55.36,3.6,47.17,10.24,0,78,1.21,343,1 package 0.6 oz 1 cup,17
Reeses Pieces Candy,Sweets,497,24.77,0,194,59.86,3,53.25,12.46,0,69,0.49,359,1/4 cup,47
Rolo Caramels In Milk Chocolate,Sweets,474,20.93,12,188,67.95,0.9,63.93,5.08,0,145,0.42,188,1 package 1 package,48
Nestle After Eight Mints,Sweets,432,11.9,0,1,79.53,2.4,66.6,1.67,NULL,13,0.57,NULL,1 serving 5 mints,42
Mars Snackfood Us 3 Musketeers Bar,Sweets,436,12.75,5,194,77.77,1.5,66.89,2.6,0,54,0.67,133,1 serving 2.13 oz bar,60
Mars Snackfood Us Twix Caramel Cookie Bars,Sweets,502,24.85,7,198,64.8,1.1,48.25,4.91,0,106,0.81,186,1 package (2 oz),57
Mars Snackfood Us Twix Peanut Butter Cookie Bars,Sweets,547,32.67,6,226,54.14,3.1,36.13,9.18,0,75,1.32,264,1 package (1.89 oz 2 bars),54
Whatchamacallit Candy Bar,Sweets,494,23.68,12,299,63.23,1.9,48.86,8.04,0,118,1.13,303,1 bar 1.7 oz,48
Chewing Gum,Sweets,360,0.3,0,1,96.7,2.4,66.08,0,0,0,0,2,1 stick,3
Egg Custards Dry Mix,Sweets,410,6.4,258,281,82.8,0,NULL,6.9,NULL,228,1.93,540,1 package (3 oz),85
Egg Custards Dry Mix Prepared With Whole Milk,Sweets,122,4,51,84,17.6,0,4.82,3.99,1.2,139,0.34,207,1/2 cup,141
Cocoa Dry Powder Unsweetened Hersheys European Style Cocoa,Sweets,410,10,0,0,60,20,0,20,NULL,0,36,NULL,1 tbsp,5
Gelatin Desserts Dry Mix,Sweets,381,0,0,466,90.5,0,86.04,7.8,0,3,0.13,7,1 package (3 oz),85
York Bites,Sweets,394,7.32,1,46,81.64,2,75,1.78,NULL,10,0.94,108,15 pieces,39
Chocolate Mousse,Sweets,225,16,140,38,16.07,0.6,14.81,4.14,NULL,96,0.55,143,1 recipe yield,808
Puddings Chocolate Ready-To-Eat,Sweets,142,4.6,1,152,23.01,0,17.17,2.09,0,51,1.27,184,1 oz,28.4
Puddings Chocolate Dry Mix Instant,Sweets,378,1.9,0,1771,87.9,3.6,67.86,2.3,0,12,1.29,236,1 package (3.5 oz),99
Puddings Chocolate Dry Mix Regular Prepared With 2% Milk,Sweets,111,2.06,7,102,19.76,0.8,11.85,3.28,1,112,0.34,156,1/2 cup,128
Puddings Coconut Cream Dry Mix Instant Prepared With 2% Milk,Sweets,107,2.3,6,246,19.2,0.1,NULL,2.9,NULL,102,0.15,132,1/2 cup,147
Puddings Rice Ready-To-Eat,Sweets,108,2.15,12,97,18.39,0.3,11.59,3.23,0,95,0.11,125,1 serving 4 oz pudding cup,113
Puddings Rice Dry Mix,Sweets,376,0.1,0,366,91.2,0.7,NULL,2.7,NULL,14,1.79,5,1 package,106
Puddings Vanilla Dry Mix Instant,Sweets,377,0.6,0,1400,92.9,0,92.9,0,0,12,0.01,12,1 package (3.5 oz),99
Puddings Vanilla Dry Mix Instant Prepared With Whole Milk,Sweets,114,2.9,11,286,19.7,0,18.03,2.7,NULL,101,0.07,128,1/2 cup,142
Puddings Lemon Dry Mix Instant Prepared With 2% Milk,Sweets,107,1.71,6,268,20.2,0,NULL,2.76,0.8,101,0.06,130,1 serving,8
Egg Custards Dry Mix Prepared With 2% Milk,Sweets,112,2.83,49,87,17.61,0,4.63,4.13,1.1,146,0.33,214,1/2 cup,141
Puddings Vanilla Dry Mix Regular Prepared With 2% Milk,Sweets,101,1.73,7,159,18.53,0,NULL,2.94,0.9,108,0.06,137,1/2 cup,128
Rennin Chocolate Dry Mix Prepared With 2% Milk,Sweets,85,2.06,7,52,13.47,0.5,NULL,3.24,0.9,126,0.3,182,,NULL
Rennin Vanilla Dry Mix Prepared With 2% Milk,Sweets,77,1.77,7,46,12.34,0,NULL,3.06,0.9,121,0.05,142,,NULL
Praline Prepared-From-Recipe,Sweets,485,25.9,0,48,59.59,3.5,55.79,3.3,NULL,43,1.29,217,1 piece,39
Desserts Rennin Vanilla Dry Mix,Sweets,383,0,0,6,99,0,NULL,0,NULL,117,0.07,3,1 tbsp,10.8
Rennin Vanilla Dry Mix Prepared With Whole Milk,Sweets,89,3.07,13,46,12.21,0,NULL,3.03,0.9,119,0.05,140,,NULL
Desserts Rennin Tablets Unsweetened,Sweets,84,0.1,0,26050,19.8,0,NULL,1,NULL,3733,7.07,292,1 package (0.35 oz),9.9
Frostings Chocolate Creamy Ready-To-Eat,Sweets,397,17.6,0,183,63.2,0.9,57.7,1.1,0,8,1.42,196,2 tbsp creamy,41
Flan Caramel Custard Dry Mix Prepared With Whole Milk,Sweets,113,3,12,112,18.68,0,NULL,2.95,0.9,111,0.06,160,,NULL
Puddings Vanilla Ready-To-Eat Fat Free,Sweets,89,0,0,191,20.16,0,15.12,2.02,0,40,0.36,108,1 serving 3.5 oz shelf stable,99
Puddings Tapioca Ready-To-Eat Fat Free,Sweets,94,0.35,1,187,21.31,0,14.18,1.44,0,52,0.11,70,1 container refrigerated 4 oz,112
Puddings Chocolate Ready-To-Eat Fat Free,Sweets,93,0.3,1,154,20.87,0.3,15.75,1.93,0,39,1.69,208,1 serving 4 oz,113
Frostings Chocolate Creamy Dry Mix Prepared With Butter,Sweets,408,13.06,24,124,71.8,1.9,0.01,1.11,0.2,12,0.93,143,2 tablespoon,33
Heath Bites,Sweets,530,30.38,19,245,63.39,2,60.02,3.94,NULL,86,0.78,210,15 pieces,39
Frostings Vanilla Creamy Dry Mix,Sweets,410,4.9,0,13,93.8,0.1,NULL,0.3,NULL,3,0,7,1 package,411
Frostings White Fluffy Dry Mix,Sweets,371,0,0,234,94.9,0,NULL,2.3,NULL,4,0.09,117,1 package,207
Mars Snackfood Us Dove Milk Chocolate,Sweets,546,31.72,18,63,59.78,2.4,55.45,5.94,NULL,160,1.11,NULL,1 serving 1.30 oz bar,37
Mars Snackfood Us Dove Dark Chocolate,Sweets,520,32.45,7,4,59.4,7.6,46.27,5.19,NULL,37,3.18,NULL,1 serving 1.3 oz bar,37
Mars Snackfood Us Milky Way Caramels Milk Chocolate Covered,Sweets,463,19.17,20,273,68.49,0.7,58.65,4.28,NULL,141,0.34,NULL,1 serving 5 pieces,44
Mars Snackfood Us Milky Way Caramels. Dark Chocolate Covered,Sweets,458,20.42,17,246,67.56,2.8,54.08,3.82,NULL,83,1.2,NULL,1 serving 5 pieces,44
Snacks General Mills Betty Crocker Fruit Roll Ups Berry Flavored With Vitamin C,Snacks,373,3.5,NULL,317,85.2,NULL,38.7,0.1,NULL,NULL,NULL,NULL,2 rolls,28
Ice Creams Chocolate,Sweets,216,11,34,76,28.2,1.2,25.36,3.8,0.2,109,0.93,249,1 individual (3.5 fl oz),58
Ice Creams Strawberry,Sweets,192,8.4,29,60,27.6,0.9,NULL,3.2,NULL,120,0.21,188,1 individual (3.5 fl oz),58
Snacks Farley Candy Farley Fruit Snacks With Vitamins A C And E,Snacks,341,0,NULL,36,80.9,NULL,NULL,4.4,NULL,NULL,NULL,NULL,1 pouch,26
Frozen Novelties Ice Type Italian Restaurant-Prepared,Sweets,53,0.02,0,4,13.5,0,NULL,0.03,NULL,1,0.09,6,1 fl oz,29
Frozen Novelties Ice Type Pop,Sweets,79,0.24,0,7,19.23,0,13.66,0,0,0,0.54,15,1 serving 1.75 fl oz pop,52
Mars Snackfood Us M&Ms Crispy Chocolate,Sweets,475,19.32,12,136,72.4,2,58.94,4.28,NULL,90,0.86,NULL,1 serving 1.6 oz bag,47
Frozen Yogurts Vanilla Soft-Serve,Sweets,159,5.6,2,87,24.2,0,24,4,0.1,143,0.3,211,1/2 cup,72
Fruit Butters Apple,Sweets,173,0.3,0,15,42.47,1.5,35.3,0.39,0,14,0.31,91,1 tbsp,17
Fudge Chocolate Marshmallow With Nuts Prepared-By-Recipe,Sweets,474,21.11,23,79,67.69,2.1,NULL,3.24,NULL,49,1.11,170,1 oz,28.4
Mars Snackfood Us Snickers Almond Bar,Sweets,472,22.4,13,156,64.67,2.6,53.93,5.4,NULL,132,0.85,NULL,1 serving 1.76 oz bar,50
Marmalade Orange,Sweets,246,0,0,56,66.3,0.7,60,0.3,0,38,0.15,37,1 tbsp,20
Molasses,Sweets,290,0.1,0,37,74.73,0,74.72,0,0,205,4.72,1464,1 cup,337
Pectin Unsweetened Dry Mix,Sweets,325,0.3,0,200,90.4,8.6,NULL,0.3,NULL,7,2.71,7,1 package (1.75 oz),50
Pie Fillings Apple Canned,Sweets,100,0.1,0,47,26.1,1,13.8,0.1,0,4,0.29,45,1/8 can,74
Mars Snackfood Us Starburst Fruit Chews Tropical Fruits,Sweets,409,8.31,0,2,82.76,0,58.18,0.41,NULL,0,0.01,NULL,1 serving fun size (8 chews),40
Pie Fillings Canned Cherry,Sweets,115,0.07,0,18,28,0.6,NULL,0.37,0,11,0.24,105,1/8 can,74
Puddings Banana Dry Mix Regular Prepared With Whole Milk,Sweets,111,2.89,9,158,18.44,0,15.98,2.74,1.1,101,0.04,118,1/2 cup,127
Puddings Coconut Cream Dry Mix Instant,Sweets,415,10,0,1040,83.5,4,64,0.9,0,8,0.72,96,1 package (3.5 oz),99
Puddings Coconut Cream Dry Mix Instant Prepared With Whole Milk,Sweets,117,3.5,11,246,19.1,0.1,NULL,2.9,NULL,100,0.15,129,1/2 cup,147
Puddings Coconut Cream Dry Mix Regular,Sweets,434,11.36,0,682,81.84,1.6,80.54,1,0,8,0.57,133,1 package (3.12 oz),88
Puddings Coconut Cream Dry Mix Regular Prepared With Whole Milk,Sweets,114,3.8,12,162,17.7,0.2,NULL,3,NULL,111,0.2,157,1/2 cup,140
Puddings Lemon Dry Mix Instant Prepared With Whole Milk,Sweets,115,2.9,11,267,20.1,0,NULL,2.7,NULL,99,0.06,127,1/2 cup,147
Puddings Lemon Dry Mix Regular,Sweets,363,0.5,0,506,91.8,0.1,NULL,0.1,NULL,5,0.17,5,1 package (3 oz),85
Pudding Lemon Dry Mix Regular Prepared With Sugar Egg Yolk And Water,Sweets,109,1.12,49,63,24.2,0,13.51,0.65,NULL,8,0.13,6,1/2 cup,127
Sugars Brown,Sweets,380,0,0,28,98.09,0,97.02,0.12,0,83,0.71,133,1 tsp unpacked,3
Syrups Chocolate Hersheys Genuine Chocolate Flavored Lite Syrup,Sweets,153,0.97,0,100,34.56,0,28.57,1.4,0,11,0,187,2 tbsp,35
Syrups Chocolate Fudge-Type,Sweets,350,8.9,1,346,62.9,2.8,34.82,4.6,0,49,1.3,284,1 cup,304
Syrups Corn Dark,Sweets,286,0,0,155,77.59,0,77.59,0,0,18,0.37,44,1 cup,328
Syrups Corn Light,Sweets,283,0.2,0,62,76.79,0,76.77,0,0,13,0,1,1 cup,341
Syrups Table Blends Pancake With 2% Maple,Sweets,265,0.1,0,61,69.6,0,42,0,0,5,0.07,6,1 tbsp,20
Syrups Table Blends Corn Refiner And Sugar,Sweets,319,0,0,71,83.9,0,NULL,0,NULL,23,0.74,63,1 cup,316
Mars Snackfood Us Skittles Wild Berry Bite Size,Sweets,402,4.25,0,15,90.76,0,75.92,0.19,NULL,0,0,NULL,1 serving 2.1 oz bag,62
Toppings Butterscotch Or Caramel,Sweets,216,0,0,341,57.01,0,57,1.21,0,49,0,66,2 tbsp,41
Mars Snackfood Us Skittles Sours Original,Sweets,401,4,0,14,91.02,0,73.16,0.18,NULL,0,0.01,NULL,1 serving 1.80 oz bag,51
Mars Snackfood Us Skittles Original Bite Size,Sweets,405,4.37,0,15,90.78,0,75.84,0.19,0,0,0,12,1 serving 2.17 oz pack,62
Frostings Vanilla Creamy Dry Mix Prepared With Margarine,Sweets,413,12.74,0,114,74.28,0.1,NULL,0.34,NULL,6,0.01,10,2 tablespoon,33
Frostings Chocolate Creamy Dry Mix Prepared With Margarine,Sweets,404,12.87,0,163,71.02,1.9,NULL,1.1,NULL,12,0.93,143,2 tablespoon,33
Divinity Prepared-From-Recipe,Sweets,364,0.06,0,34,89.05,0,78.96,1.32,NULL,5,0.02,23,1 piece,11
Frozen Novelties Ice Type Pineapple-Coconut,Sweets,113,2.6,0,35,23.9,0.7,NULL,0,NULL,0,3.53,17,1/2 cup (4 fl oz),99
Frozen Yogurts Chocolate Soft-Serve,Sweets,160,6,5,98,24.9,2.2,NULL,4,NULL,147,1.25,261,1/2 cup (4 fl oz),72
Snacks Banana Chips,Snacks,519,33.6,0,6,58.4,7.7,35.34,2.3,0,18,1.25,536,1 oz,28.4
Snacks Beef Sticks Smoked,Snacks,550,49.6,133,1531,5.4,NULL,NULL,21.5,NULL,68,3.4,257,1 oz,28.4
Snacks Pork Skins Barbecue-Flavor,Snacks,538,31.8,115,2667,1.6,NULL,NULL,57.9,NULL,43,1.04,180,1 oz,28.4
Frostings Glaze Chocolate Prepared-From-Recipe With Butter Nfsmi Recipe No. C-32,Sweets,359,7.17,18,132,72.18,1.1,64.3,1.42,NULL,32,0.6,130,2 tablespoon,33
Snack Potato Chips Made From Dried Potatoes Plain,Snacks,545,35.28,0,529,55.38,2.9,0.76,4.62,0,17,0.8,637,1 oz,28
Snacks Potato Sticks,Snacks,522,34.4,0,633,53.3,3.4,0.22,6.7,0,18,2.27,1237,1 oz,28.4
Snacks Rice Cakes Brown Rice Rye,Snacks,386,3.8,0,110,79.9,4,NULL,8.1,NULL,21,1.8,311,1 cake,9
Snacks Sesame Sticks Wheat-Based Salted,Snacks,541,36.7,0,1488,46.5,2.8,0.19,10.9,0,170,0.74,177,1 oz,28.4
Snacks Corn Cakes,Snacks,387,2.4,0,488,83.4,1.9,23.47,8.1,NULL,19,1.4,157,1 cake,9
Snacks Tortilla Chips Nacho-Flavor Reduced Fat,Snacks,445,15.2,3,1003,71.6,4.8,NULL,8.7,NULL,159,1.63,272,1 oz,28.4
Tortilla Chips Low Fat Baked Without Fat,Snacks,448,5.7,0,517,80.2,5.3,0.67,11,0,159,1.6,272,1 oz,28.4
Cheese Puffs And Twists Corn Based Baked Low Fat,Snacks,432,12.1,1,842,72.35,3.6,7.29,8.5,0,357,1.28,286,1 oz,28.4
Snacks Granola Bar Fruit-Filled Nonfat,Snacks,342,0.9,0,16,77.6,7.4,45.24,5.9,0,3,4,220,,NULL
Snacks Kelloggs Nutri-Grain Cereal Bars Fruit,Snacks,365,8.67,0,354,67.61,3,28.98,4.22,0,576,6.14,247,,NULL
Snacks Tortilla Chips Low Fat Made With Olestra Nacho Cheese,Snacks,318,3.53,2,705,65.22,6.4,2.82,8.44,0,128,4.8,396,1 oz,28.4
Snacks Potato Chips Made From Dried Potatoes Fat-Free Made With Olestra,Snacks,253,0.93,0,429,56,7.3,0.59,5.06,0,20,1.14,931,1 oz,28.4
Snacks Taro Chips,Snacks,498,24.9,0,342,68.1,7.2,3.82,2.3,0,60,1.2,755,1 oz,28.4
Puddings Banana Dry Mix Instant With Added Oil,Sweets,386,4.4,0,1499,89,0,NULL,0,NULL,6,0.12,15,1 package (3.5 oz),99
Cornmeal Degermed Enriched Yellow,Grains and Pasta,370,1.75,0,7,79.45,3.9,1.61,7.11,0,3,4.36,142,1 cup,157
Cornmeal Yellow Self-Rising Bolted Plain Enriched,Grains and Pasta,334,3.4,0,1247,70.28,6.7,NULL,8.28,0,361,5.76,255,1 cup,122
Cornmeal Yellow Self-Rising Bolted With Wheat Flour Added Enriched,Grains and Pasta,348,2.85,0,1319,73.43,6.3,NULL,8.41,0,299,4.95,207,1 cup,170
Cornmeal Yellow Self-Rising Degermed Enriched,Grains and Pasta,355,1.72,0,1348,74.79,7.1,NULL,8.41,0,350,4.73,170,1 cup,138
Cooked Millet,Grains and Pasta,119,1,0,2,23.67,1.3,0.13,3.51,0,3,0.63,62,1 cup,174
Oat Bran,Grains and Pasta,246,7.03,0,4,66.22,15.4,1.45,17.3,0,58,5.41,566,1 cup,94
Cooked Oat Bran,Grains and Pasta,40,0.86,0,1,11.44,2.6,NULL,3.21,0,10,0.88,92,1 cup,219
Quinoa Uncooked,Grains and Pasta,368,6.07,0,5,64.16,7,NULL,14.12,0,47,4.57,563,1 cup,170
Cooked Brown Rice,Grains and Pasta,112,0.83,0,1,23.51,1.8,NULL,2.32,0,10,0.53,79,1 cup,195
Rice Brown Parboiled Dry Uncle Bens,Grains and Pasta,370,2.75,0,6,78.68,3.5,0.5,7.6,0,8,1.16,219,1/4 cup,48
Rice White Long-Grain Regular Raw Enriched,Grains and Pasta,365,0.66,0,5,79.95,1.3,0.12,7.13,0,28,4.31,115,1 cup,185
White Rice,Grains and Pasta,130,0.28,0,1,28.17,0.4,0.05,2.69,0,10,1.2,35,1 cup,158
Rice White Medium-Grain Raw Enriched,Grains and Pasta,360,0.58,0,1,79.34,1.4,NULL,6.61,0,9,4.36,86,1 cup,195
Medium Grain White Rice,Grains and Pasta,130,0.21,0,0,28.59,0.3,NULL,2.38,0,3,1.49,29,1 cup,186
Rice White Short-Grain Enriched Uncooked,Grains and Pasta,358,0.52,0,1,79.15,2.8,NULL,6.5,0,3,4.23,76,1 cup,200
Rice White Short-Grain Enriched Cooked,Grains and Pasta,130,0.19,0,0,28.73,NULL,NULL,2.36,0,1,1.46,26,1 cup,186
Rice White Glutinous Unenriched Uncooked,Grains and Pasta,370,0.55,0,7,81.68,2.8,NULL,6.81,0,11,1.6,77,1 cup,185
Rye Grain,Grains and Pasta,338,1.63,0,2,75.86,15.1,0.98,10.34,0,24,2.63,510,1 cup,169
Rye Flour Dark,Grains and Pasta,325,2.22,0,2,68.63,23.8,2.31,15.91,0,37,4.97,717,1 cup,128
Rye Flour Medium,Grains and Pasta,349,1.52,0,2,75.43,11.8,1.1,10.88,0,24,2.54,374,1 cup,102
Rye Flour Light,Grains and Pasta,357,1.33,0,2,76.68,8,0.93,9.82,0,13,0.91,224,1 cup,102
Triticale Flour Whole-Grain,Grains and Pasta,338,1.81,0,2,73.14,14.6,NULL,13.18,0,35,2.59,466,1 cup,130
Wheat Hard Red Spring,Grains and Pasta,329,1.92,0,2,68.03,12.2,0.41,15.4,0,25,3.6,340,1 cup,192
Wheat Hard Red Winter,Grains and Pasta,327,1.54,0,2,71.18,12.2,0.41,12.61,0,29,3.19,363,1 cup,192
Wheat Soft Red Winter,Grains and Pasta,331,1.56,0,2,74.24,12.5,0.41,10.35,0,27,3.21,397,1 cup,168
Wheat Germ Crude,Grains and Pasta,360,9.72,0,12,51.8,13.2,NULL,23.15,0,39,6.26,892,1 cup,115
Wheat Flour Whole-Grain,Grains and Pasta,340,2.5,0,2,71.97,10.7,0.41,13.21,0,34,3.6,363,1 cup,120
Wheat Flour White All-Purpose Enriched Bleached,Grains and Pasta,364,0.98,0,2,76.31,2.7,0.27,10.33,0,15,4.64,107,1 cup,125
Wheat Flour White All-Purpose Self-Rising Enriched,Grains and Pasta,354,0.97,0,1193,74.22,2.7,0.22,9.89,0,338,4.67,124,1 cup,125
Wheat Flour White Bread Enriched,Grains and Pasta,361,1.66,0,2,72.53,2.4,0.31,11.98,0,15,4.41,100,1 cup,137
Cooked Wild Rice,Grains and Pasta,101,0.34,0,3,21.34,1.8,0.73,3.99,0,3,0.6,101,1 cup,164
Rice Flour Brown,Grains and Pasta,363,2.78,0,8,76.48,4.6,0.66,7.23,0,11,1.98,289,1 cup,158
Pasta Gluten-Free Corn Dry,Grains and Pasta,357,2.08,0,3,79.26,11,NULL,7.46,NULL,4,0.93,294,1 cup,105
Gluten Free Corn Noodles (Cooked),Grains and Pasta,126,0.73,0,0,27.91,4.8,NULL,2.63,NULL,1,0.25,31,1 cup,140
Pasta Homemade Made With Egg Cooked,Grains and Pasta,130,1.74,41,83,23.54,NULL,NULL,5.28,NULL,10,1.16,21,2 oz,57
Pasta Homemade Made Without Egg Cooked,Grains and Pasta,124,0.98,0,74,25.12,NULL,NULL,4.37,NULL,6,1.13,19,2 oz,57
Macaroni Vegetable Enriched Dry,Grains and Pasta,367,1.04,0,43,74.88,4.3,NULL,13.14,0,34,4.28,285,1 cup spiral shaped,84
Macaroni Vegetable Enriched Cooked,Grains and Pasta,128,0.11,0,6,26.61,4.3,1.15,4.53,0,11,0.49,31,1 cup spiral shaped,134
Noodles Chinese Chow Mein,Grains and Pasta,471,21.24,0,866,63.64,6.7,0,10.88,0,0,6.43,103,1/2 cup dry,28
Noodles Japanese Soba Dry,Grains and Pasta,336,0.71,0,792,74.62,NULL,NULL,14.38,0,35,2.7,252,2 oz,57
Japanese Soba Noodles (Buckwheat),Grains and Pasta,99,0.1,0,60,21.44,NULL,NULL,5.06,0,4,0.48,35,1 cup,114
Noodles Japanese Somen Dry,Grains and Pasta,356,0.81,0,1840,74.1,4.3,NULL,11.35,0,23,1.32,164,2 oz,57
Cooked Japanese Somen,Grains and Pasta,131,0.18,0,161,27.54,NULL,NULL,4,0,8,0.52,29,1 cup,176
Whole Wheat Pasta,Grains and Pasta,149,1.71,0,4,30.07,3.9,0.75,5.99,0,13,1.72,96,1 cup spaghetti not packed,117
Spaghetti Spinach Dry,Grains and Pasta,372,1.57,0,36,74.81,10.6,2.72,13.35,0,58,2.13,376,2 oz,57
Spaghetti Spinach Cooked,Grains and Pasta,130,0.63,0,14,26.15,NULL,NULL,4.58,0,30,1.04,58,1 cup,140
Wheat Flours Bread Unenriched,Grains and Pasta,361,1.66,0,2,72.53,2.4,0.31,11.98,0,15,0.9,100,1 cup unsifted dipped,137
Rice Noodles (Cooked),Grains and Pasta,108,0.2,0,19,24.01,1,0.03,1.79,0,4,0.14,4,1 cup,176
Pasta Whole Grain 51% Whole Wheat Remaining Unenriched Semolina Dry,Grains and Pasta,362,2.68,NULL,11,73.1,10.1,2.6,13.51,NULL,27,3.33,366,1 cup spaghetti,91
Pasta Whole Grain 51% Whole Wheat Remaining Unenriched Semolina Cooked,Grains and Pasta,159,1.5,NULL,6,31.51,4.6,0.85,5.82,NULL,12,1.65,77,1 cup spaghetti not packed,116
Quinoa Cooked,Grains and Pasta,120,1.92,0,7,21.3,2.8,0.87,4.4,0,17,1.49,172,1 cup,185
Cooked Teff,Grains and Pasta,101,0.65,0,8,19.86,2.8,NULL,3.87,NULL,49,2.05,107,1 cup,252
Noodles Egg Cooked Enriched With Added Salt,Grains and Pasta,138,2.07,29,165,25.16,1.2,0.4,4.54,NULL,12,1.47,38,1 cup,160
Corn Grain White,Grains and Pasta,365,4.74,0,35,74.26,NULL,NULL,9.42,0,7,2.71,287,1 cup,166
Corn Flour Whole-Grain Blue (Harina De Maiz Morado),Grains and Pasta,364,5.09,NULL,5,73.89,8.4,NULL,8.75,NULL,5,1.74,381,1 tbsp,6.9
Cornmeal Degermed Enriched White,Grains and Pasta,370,1.75,0,7,79.45,3.9,1.61,7.11,0,3,4.36,142,1 cup,157
Cornmeal White Self-Rising Bolted Plain Enriched,Grains and Pasta,334,3.4,0,1247,70.28,6.7,NULL,8.28,0,361,5.76,255,1 cup,122
Cornmeal White Self-Rising Bolted With Wheat Flour Added Enriched,Grains and Pasta,348,2.85,0,1319,73.43,6.3,NULL,8.41,0,299,4.95,207,1 cup,170
Cornmeal White Self-Rising Degermed Enriched,Grains and Pasta,355,1.72,0,1348,74.79,7.1,NULL,8.41,0,350,4.73,170,1 cup,138
Noodles Egg Unenriched Cooked Without Added Salt,Grains and Pasta,138,2.07,29,5,25.16,1.2,0.4,4.54,0.1,12,0.6,38,1 cup,160
Pasta Dry Unenriched,Grains and Pasta,371,1.51,0,6,74.67,3.2,2.67,13.04,0,21,1.3,223,1 cup spaghetti,91
Cooked Pasta (Unenriched),Grains and Pasta,158,0.93,0,1,30.86,1.8,0.56,5.8,0,7,0.5,44,1 cup spaghetti not packed,124
Cornmeal Degermed Unenriched Yellow,Grains and Pasta,370,1.75,0,7,79.45,3.9,1.61,7.11,0,3,1.1,142,1 cup,157
Rice White Medium-Grain Cooked Unenriched,Grains and Pasta,130,0.21,0,0,28.59,NULL,NULL,2.38,0,3,0.2,29,1 cup,186
Rice White Short-Grain Raw Unenriched,Grains and Pasta,358,0.52,0,1,79.15,NULL,NULL,6.5,0,3,0.8,76,1 cup,200
Rice White Short-Grain Cooked Unenriched,Grains and Pasta,130,0.19,0,0,28.73,NULL,NULL,2.36,0,1,0.2,26,1 cup,205
Semolina Unenriched,Grains and Pasta,360,1.05,0,1,72.83,3.9,NULL,12.68,0,17,1.23,186,1 cup,167
Spaghetti Protein-Fortified Cooked Enriched (N X 6.25),Grains and Pasta,164,0.21,0,5,30.88,2,NULL,8.86,0,10,0.72,42,1 cup,140
Rice White Long-Grain Regular Cooked Unenriched With Salt,Grains and Pasta,130,0.28,0,382,28.17,0.4,0.05,2.69,0,10,0.2,35,1 cup,158
Wheat Flour White All-Purpose Enriched Unbleached,Grains and Pasta,364,0.98,0,2,76.31,2.7,0.27,10.33,0,15,4.64,107,1 cup,125
Spaghetti Protein-Fortified Dry Enriched (N X 6.25),Grains and Pasta,374,2.23,0,8,65.65,2.4,NULL,21.78,0,39,4.15,201,2 oz,57
Wheat Flour White (Industrial) 10% Protein Unbleached Enriched,Grains and Pasta,366,1.48,NULL,2,76.22,2.4,0.49,9.71,0,20,5.06,149,,NULL
Wheat Flour White (Industrial) 11.5% Protein Bleached Enriched,Grains and Pasta,363,1.45,0,2,73.81,2.4,1.12,11.5,0,20,5.06,138,,NULL
Wheat Flour White (Industrial) 11.5% Protein Bleached Unenriched,Grains and Pasta,363,1.45,0,2,73.81,2.4,1.12,11.5,0,20,1.26,138,,NULL
Wheat Flour White (Industrial) 11.5% Protein Unbleached Enriched,Grains and Pasta,363,1.45,NULL,2,73.81,2.4,1.12,11.5,0,20,5.06,138,,NULL
Wheat Flour White (Industrial) 13% Protein Bleached Enriched,Grains and Pasta,362,1.38,0,2,72.2,2.4,1.1,13.07,0,24,5.06,128,,NULL
Whole Grain Sorghum Flour,Grains and Pasta,359,3.34,NULL,3,76.64,6.6,1.94,8.43,NULL,12,3.14,324,1 cup,121
Wheat Flour Whole-Grain Soft Wheat,Grains and Pasta,332,1.95,0,3,74.48,13.1,1.02,9.61,0,33,3.71,394,,NULL
Potatoes Yellow Fleshed Hash Brown Shredded Salt Added In Processing Frozen Unprepared,Vegetables,81,0.07,0,330,17.98,2,0.23,2.04,NULL,9,0.31,398,3 oz,85
Potatoes French Fried Wedge Cut Frozen Unprepared,Vegetables,162,7.47,0,380,22.22,2.4,0.34,2.56,NULL,14,0.72,381,3 oz,85
Potatoes French Fried Steak Cut Salt Not Added In Processing Frozen Unprepared,Vegetables,134,3.42,0,30,24.31,2.4,0.21,2.4,NULL,13,0.83,360,3 oz,85
Potatoes French Fried Cross Cut Frozen Unprepared,Vegetables,187,10,0,393,22.95,2.3,0.49,2.7,NULL,13,0.87,310,3 oz,85
Rice And Vermicelli Mix Beef Flavor Unprepared,Prepared Meals,359,1.27,0,1337,76.02,1.6,4.27,10.84,0,32,2.82,169,1/ 3 cup,61
Rice And Vermicelli Mix Beef Flavor Prepared With 80% Margarine,Prepared Meals,129,3.2,NULL,364,22.03,0.6,NULL,2.82,NULL,10,0.88,48,1 cup,247
Rice And Vermicelli Mix Rice Pilaf Flavor Unprepared,Prepared Meals,359,1.37,1,1303,76.31,1.2,1.53,10.42,0,83,2.44,188,1/ 3 cup,68
Rice And Vermicelli Mix Rice Pilaf Flavor Prepared With 80% Margarine,Prepared Meals,148,3.7,NULL,430,25.67,0.6,0.26,2.94,NULL,29,0.85,69,1 cup,238
Pasta Mix Classic Cheeseburger Macaroni Unprepared,Prepared Meals,349,1.88,1,2152,71.51,2.7,4.97,11.6,0,28,2.75,204,1 package,123
Pasta Mix Classic Beef Unprepared,Prepared Meals,354,1.78,0,1537,72.2,2,4.95,12.32,0,21,2.71,342,1 package,122
Pasta Mix Italian Lasagna Unprepared,Prepared Meals,356,1.97,1,1850,73.77,2.8,11.27,10.9,0,52,2.87,277,1 package,141
Yellow Rice With Seasoning Dry Packet Mix Unprepared,Prepared Meals,343,1.75,0,1316,74.68,1.8,1.75,7.02,0,35,2.53,801,1 serving (2 oz),57
Pizza Rolls Frozen Unprepared,Prepared Meals,328,9.98,6,599,50.72,1.2,3.74,8.73,0,125,1.8,301,1 serving 6 rolls,80
Pasta Mix Italian Four Cheese Lasagna Unprepared,Prepared Meals,355,2.7,1,2093,70.26,2.6,6.7,12.53,NULL,55,3.12,271,1 package,117
Spanish Rice Mix Dry Mix Unprepared,Prepared Meals,363,1.62,NULL,1085,76.45,3.1,3.83,10.62,NULL,29,3.32,445,1/2 cup,70
Lasagna Cheese Frozen Unprepared,Prepared Meals,145,4.22,11,312,21.61,1.7,3.8,5.06,0,84,0.76,159,1 cup 1 serving,237
Chicken Thighs Frozen Breaded Reheated,Prepared Meals,334,22.45,87,813,14.23,0.1,0,18.66,NULL,75,1.26,279,1 thigh with bone and breading,133
Turnover Meat- And Cheese-Filled Tomato-Based Sauce Reduced Fat Frozen,Prepared Meals,215,5.51,20,378,31.89,0.8,3.94,9.45,0.1,197,2.13,117,1 piece turnover 1 serving,127
Turnover Filled With Egg Meat And Cheese Frozen,Prepared Meals,228,12.6,31,378,20.67,0.8,7.87,7.87,0.4,79,2.13,177,1 piece turnover 1 serving,127
Rice Mix White And Wild Flavored Unprepared,Prepared Meals,142,2.57,0,443,26.28,0.8,0.4,3.49,0,35,1.45,113,2 oz (1/4 c dry rice mix and 4 tsp seasoning mix),57
Salisbury Steak With Gravy Frozen,Prepared Meals,149,10.47,33,509,6.78,1,0.26,6.98,0,47,0.95,144,1 patty,63
Infant Formula Mead Johnson Enfamil Premium Newborn Powder,Baby Foods,516,27,19,138,57.6,0,54,10.7,9.5,400,9.2,550,1 scoop,9.6
Infant Formula Mead Johnson Enfamil Premium Lipil Infant Powder,Baby Foods,510,27,0,138,57,0,57,10.8,7.5,390,9.2,550,1 scoop,8.7
Infant Formula Mead Johnson Enfamil Premium Lipil Infant Liquid Concentrate Not Reconstituted,Baby Foods,129,6.83,0,35,14.42,0,14.42,2.73,1,101,2.33,139,1 fl oz,31.4
Infant Formula Mead Johnson Enfamil Premium Infant Liquid Concentrate Not Reconstituted,Baby Foods,129,7.1,0,35,14.34,0,14.34,2.72,1,101,2.32,138,1 fl oz,31.4
Infant Formula Mead Johnson Enfamil Enfagrow Gentlease Toddler Lipil Powder,Baby Foods,500,26,0,200,53.5,0,12.6,12.9,7.5,990,7.5,650,1 scoop,9.6
Infant Formula Abbott Nutrition Similac Go And Grow Powder With Ara And Dha,Baby Foods,512,27.65,0,154,52.2,0,52.2,15.36,7.7,998,10.2,768,1 scoop,9.6
Infant Formula Gerber Good Start 2 Soy With Iron Powder,Baby Foods,501,25.6,0,200,55.6,0,55.6,12.5,7.5,526,9,581,1 scoop,9.4
Infant Formula Mead Johnson Enfamil Nutramigen Aa Lipil Powder Not Reconstituted,Baby Foods,512,26,0,230,55.68,0,7.6,13.9,6.2,470,9,550,1 scoop,9.4
Infant Formula Mead Johnson Enfamil Premature 20 Calories Ready-To-Feed Low Iron,Baby Foods,66,3.34,0,38,7.21,0,7.23,1.97,3.9,108,0.33,64,1 fl oz,30.4
Babyfood Rice Cereal Dry Earths Best Organic Whole Grain Fortified Only With Iron,NULL,386,4.9,0,7,78.06,0.5,0.12,7.5,0,15,47.53,184,,NULL
Agutuk Fish/berry With Seal Oil (Alaskan Ice Cream) (Alaska Native),American Indian,353,31.8,10,21,13.4,0.5,NULL,3.4,NULL,8,0.3,70,,NULL
Agutuk Meat-Caribou (Alaskan Ice Cream) (Alaska Native),American Indian,258,18.6,89,95,0.9,NULL,NULL,21.7,NULL,16,4.55,228,,NULL
Ascidians (Tunughnak) (Alaska Native),American Indian,20,0.5,7,656,0,NULL,NULL,3.8,NULL,47,3.3,102,,NULL
Whale Beluga Flipper Raw (Alaska Native),American Indian,271,21.7,NULL,NULL,0,0,0,19,NULL,11,2.8,NULL,,NULL
Whale Beluga Liver Raw (Alaska Native),American Indian,117,3.9,NULL,NULL,2,NULL,NULL,18.4,NULL,11,NULL,NULL,,NULL
Oil Beluga Whale (Alaska Native),American Indian,900,100,NULL,0,0,0,0,0,5.7,0,0,0,,NULL
Blackberries Wild Raw (Alaska Native),American Indian,52,1.07,NULL,6,9.84,3.2,3.65,0.84,NULL,5,0.21,75,1 cup,157
Caribou Liver Raw (Alaska Native),American Indian,122,3.9,NULL,NULL,6.8,NULL,NULL,15,NULL,4,15.7,NULL,,NULL
Stew/soup Caribou (Alaska Native),American Indian,41,0.7,NULL,72,4.8,0.1,NULL,3.8,NULL,7,0.2,84,,NULL
Caribou Tongue Raw (Alaska Native),American Indian,260,22.8,NULL,NULL,0,NULL,NULL,13.7,NULL,6,2.8,NULL,,NULL
Chiton Leathery Gumboots (Alaska Native),American Indian,83,1.6,NULL,NULL,0,NULL,NULL,17.1,NULL,121,16,NULL,,NULL
Fish Devilfish Meat (Alaska Native),American Indian,97,5.3,NULL,NULL,0,NULL,NULL,11.7,NULL,12,0.4,NULL,,NULL
Fireweed Young Leaves Raw (Alaska Native),American Indian,44,0.8,NULL,50,6.3,6,NULL,3,NULL,13,2.1,251,,NULL
Fish Herring Eggs On Giant Kelp Pacific (Alaska Native),American Indian,63,0.8,NULL,61,2.6,NULL,NULL,11.3,NULL,161,3.4,NULL,,NULL
Fish Herring Eggs Pacific Dry (Alaska Native),American Indian,312,6.6,NULL,NULL,2.8,NULL,NULL,60.4,NULL,29,NULL,NULL,,NULL
Stew Moose (Alaska Native),American Indian,55,0.5,NULL,222,6,0.5,NULL,6.6,NULL,12,1.52,100,,NULL
Agave Cooked (Southwest),American Indian,135,0.29,0,13,32,10.6,20.87,0.99,0,460,3.55,59,,NULL
Agave Dried (Southwest),American Indian,341,0.69,0,14,81.98,15.6,50.7,1.71,0,770,3.64,767,,NULL
Cattail Narrow Leaf Shoots (Northern Plains Indians),American Indian,25,0,NULL,109,5.14,4.5,0.22,1.18,NULL,54,0.91,309,1 shoot,19
Lambsquarters Raw (Northern Plains Indians),American Indian,47,0.28,NULL,7,6.96,6.3,NULL,4.21,NULL,366,1.16,1270,1 leaf,0.9
Prairie Turnips Boiled (Northern Plains Indians),American Indian,129,0.32,NULL,4,29.99,7.2,4.74,1.64,NULL,103,0.95,108,1 bulb,14
Raspberries Wild (Northern Plains Indians),American Indian,62,0.28,NULL,4,13.85,7.5,5.54,1.12,NULL,36,0.64,175,1 cup,130
Rose Hips,American Indian,162,0.34,NULL,4,38.22,24.1,2.58,1.6,NULL,169,1.06,429,1 cup,127
Chokecherries Raw Pitted (Northern Plains Indians),American Indian,162,1.69,NULL,5,33.62,20,9.37,3.04,NULL,60,0.69,379,1 cup,154
Sea Lion Steller Liver (Alaska Native),American Indian,137,5,359,88,0,NULL,NULL,22.9,NULL,6,9,291,,NULL
Sea Lion Steller Kidney (Alaska Native),American Indian,93,1.7,390,231,1.4,NULL,NULL,18.1,NULL,9,7,253,,NULL
Sea Lion Steller Heart (Alaska Native),American Indian,102,3.3,NULL,115,1,NULL,NULL,17,NULL,5,6.7,319,,NULL
Sea Lion Steller Meat (Alaska Native),American Indian,120,1.88,64,62,0,NULL,NULL,25.85,0,6,11.48,406,,NULL
Piki Bread Made From Blue Cornmeal (Hopi),American Indian,390,7.16,NULL,60,72.22,9.2,1.6,9.06,NULL,184,6.11,604,1 piece,28
Wocas Tuber Cooked Oregon Yellow Pond Lily (Klamath),American Indian,34,0.35,0,10,7.06,2.3,0,0.69,NULL,23,1.21,187,1 oz,28.4
Stew Pinto Bean And Hominy Badufsuki (Hopi),American Indian,32,0.54,0,45,5.38,1.5,0,1.42,NULL,7,0.37,86,8 oz,227
Tamales Masa And Pork Filling (Hopi),American Indian,168,4.7,27,298,18.28,3.3,1.57,13.19,NULL,18,0.66,250,4 oz,113
Applebees Double Crunch Shrimp,Restaurant Foods,323,18.9,86,838,25.96,2.6,1.07,12.31,NULL,45,1.03,97,1 serving,206
Applebees French Fries,Restaurant Foods,290,13.17,1,618,39.5,3.9,0,3.31,NULL,19,1.01,538,1 serving,164
Applebees Kraft Macaroni & Cheese From Kids Menu,Restaurant Foods,143,4.34,7,288,21.08,1.3,3.7,5.01,NULL,79,0.84,163,1 cup,124
Applebees Mozzarella Sticks,Restaurant Foods,316,18.37,33,838,22.87,2.1,2.8,14.87,NULL,319,0.43,106,1 piece,32
Applebees Chicken Tenders From Kids Menu,Restaurant Foods,296,16.15,51,763,18.36,1.2,0.39,19.25,NULL,23,0.9,337,1 piece,35
TGI Fridays Chicken Fingers From Kids Menu,Restaurant Foods,330,20.78,44,792,17.72,0.9,0.34,18.11,NULL,27,0.79,300,1 piece,41
TGI Fridays Classic Sirloin Steak (10 Oz),Restaurant Foods,196,7.83,95,232,0.47,NULL,0.46,31.02,NULL,7,2.87,379,1 serving,176
Restaurant Family Style Fried Mozzarella Sticks,Restaurant Foods,325,18.33,36,861,25.14,2,2.36,14.75,0.2,334,0.62,108,1 serving,245
Restaurant Family Style Sirloin Steak,Restaurant Foods,195,8.48,87,339,0,NULL,0.55,29.8,NULL,10,2.57,379,1 serving,166
Applebees Fish Hand Battered,Restaurant Foods,202,9.14,34,607,16.65,0.9,0.51,13.23,NULL,13,0.35,241,1 serving,250
Applebees Chili,Restaurant Foods,157,9.79,45,381,4.57,1.4,2.27,12.56,NULL,34,1.46,320,1 cup,136
TGI Fridays Chicken Fingers,Restaurant Foods,325,20.31,46,787,16.84,0.8,0.23,18.68,NULL,26,0.77,308,1 serving,225
Applebees Coleslaw,Restaurant Foods,120,7.09,2,178,13.17,2.8,9.33,0.79,NULL,36,0.26,156,1 serving,76
Cracker Barrel Onion Rings Thick-Cut,Restaurant Foods,327,16,NULL,463,40.95,2.2,4.82,4.78,NULL,19,0.73,141,1 serving,261
Dennys Chicken Strips,Restaurant Foods,295,14.5,44,798,22.03,1.1,0.29,19.17,NULL,11,0.72,334,1 serving,194
Dennys Coleslaw,Restaurant Foods,183,15.03,23,376,10.88,1.3,8.16,0.97,NULL,32,0.34,141,1 serving,91
Dennys Fish Fillet Battered Or Breaded Fried,Restaurant Foods,234,12.16,37,516,17.41,1,0.4,13.75,NULL,14,0.41,261,1 serving,201
Dennys Hash Browns,Restaurant Foods,197,8.99,NULL,468,26.59,2.7,1.38,2.49,NULL,17,0.56,416,1 serving,124
Restaurant Family Style Coleslaw,Restaurant Foods,159,11.78,8,221,12.35,1.9,9.54,0.88,0,34,0.3,153,1 serving,108
Restaurant Family Style Onion Rings,Restaurant Foods,356,19.28,NULL,692,40.72,2.6,4.68,4.89,NULL,21,0.71,142,1 serving,259
Restaurant Family Style Chili With Meat And Beans,Restaurant Foods,157,9.79,45,381,4.57,1.4,2.27,12.56,0,34,1.46,320,1 cup,136
Restaurant Family Style Spaghetti And Meatballs,Restaurant Foods,170,8.52,19,351,15.51,1.5,2.03,7.84,NULL,45,1.29,206,1 cup,134
Carrabbas Italian Grill Lasagne,Restaurant Foods,191,11.06,31,524,12.36,1.3,2.77,10.48,NULL,185,0.74,266,1 serving,437
On The Border Mexican Rice,Restaurant Foods,195,4.86,0,677,34.15,1.1,1.38,3.56,NULL,39,1.18,131,1 cup,114
On The Border Refried Beans,Restaurant Foods,144,5,6,378,17.52,8.2,0.84,7.3,NULL,57,1.67,423,1 cup,135
Restaurant Italian Spaghetti With Pomodoro Sauce (No Meat),Restaurant Foods,104,1.89,0,191,17.77,1.7,1.82,3.9,NULL,15,0.9,140,1 serving,510
On The Border Cheese Quesadilla,Restaurant Foods,394,25.5,59,677,24.25,2.2,2.04,16.87,NULL,432,1.52,95,1 serving 1 quesadilla,203
Restaurant Mexican Cheese Quesadilla,Restaurant Foods,368,23.08,52,701,24.11,1.7,2.21,15.93,NULL,430,1.52,102,1 serving serving size varied on diameter and count of quesadila,205
Carrabbas Italian Grill Cheese Ravioli With Marinara Sauce,Restaurant Foods,156,6,30,371,17.62,1.4,4.15,7.96,NULL,135,0.52,195,1 serving varied from 8 to 10 ravioli per serving,365
Olive Garden Cheese Ravioli With Marinara Sauce,Restaurant Foods,159,5.61,23,269,19.64,1.1,4.85,7.44,NULL,121,0.96,184,1 serving varied from 7-9 ravioli per serving,454
Restaurant Italian Cheese Ravioli With Marinara Sauce,Restaurant Foods,154,5.7,26,306,18.5,1.2,4.5,7.07,NULL,120,0.82,195,1 serving serving size varied by diameter and count of raviloi,427
Frosted Oat Cereal With Marshmallows,Breakfast Cereals,400,3.33,0,533,84.7,4.3,36.13,7.1,3.6,333,15,207,3/4 cup (1 nlea serving),30
Weetabix Whole Grain Cereal,Breakfast Cereals,371,2.86,0,371,81.5,11.4,5.71,11.43,0,57,12.86,429,2 biscuits (1 nlea serving),35
Post Great Grains Raisin Date & Pecan,Breakfast Cereals,378,7.1,0,247,74.3,9.3,24.1,7.9,1.8,39,16.4,378,3/4 cup (1 nlea serving),55
Babyfood Juice Apple-Sweet Potato,Baby Foods,47,0.1,0,5,11.4,0.5,9.6,0.3,0,15,0.3,137,1 fl oz,30.8
Babyfood Juice Orange-Carrot,Baby Foods,43,0.1,0,10,9.9,0.4,8.4,0.5,0,16,0.2,174,1 fl oz,30.8
Orange Juice Drink,Beverages,54,0,0,2,13.41,0.2,9.36,0.2,NULL,2,0.11,42,1 cup,249
Gums Seed Gums (Includes Locust Bean Guar),Sweets,332,0.5,0,125,77.3,77.3,0,4.6,0,294,0,0,1 oz,28.4
Snacks Potato Chips White Restructured Baked,Snacks,469,18.2,0,536,71.4,4.8,5.01,5,0,125,0.8,721,1 cup,34
Babyfood Baked Product Finger Snacks Cereal Fortified,Baby Foods,421,9.9,0,0,76.68,2.3,28,6.4,0,400,22.5,114,1 cookie,1.7
Babyfood Cereal Brown Rice Dry Instant,Baby Foods,406,3,0,12,85.98,6.5,0.72,8.7,0,55,47.6,386,1 tbsp,3.7
Babyfood Green Beans And Turkey Strained,Baby Foods,51,1.5,11,11,5.35,1.4,1.39,4.1,NULL,31,0.7,188,1 tbsp,14
Cheese Muenster Low Fat,Dairy and Egg Products,271,17.6,63,600,3.5,0,3.5,24.7,0.3,529,0.41,134,1 cup shredded,113
Mozzarella Cheese (Non-Fat Or Fat Free),Dairy and Egg Products,141,0,18,743,3.5,1.8,1.48,31.7,0,961,0.31,106,1 cup shredded,113
Margarine-Like Butter-Margarine Blend 80% Fat Stick Without Salt,Fats and Oils,718,80.7,88,28,0.6,0,0,0.9,0.3,28,0.09,37,1 tablespoon,14
Margarine-Like Vegetable Oil-Butter Spread Reduced Calorie Tub With Salt,Fats and Oils,450,50,71,607,1,0,0,1,0,28,0.09,37,1 tablespoon,14
Babyfood Dinner Chicken And Rice,Baby Foods,51,0.9,10,25,9.2,1.1,0.55,1.6,0,18,0.2,60,1 tbsp,16
Salad Dressing Caesar Dressing Regular,Fats and Oils,542,57.85,39,1209,3.3,0.5,2.81,2.17,0.1,48,1.08,29,1 tbsp,14.7
Coleslaw Salad Dressing,Fats and Oils,404,34.53,41,850,22.4,0,21.23,0.85,0,9,0.33,35,1 tbsp,16
Salad Dressing Green Goddess Regular,Fats and Oils,427,43.33,40,867,7.36,0.1,6.67,1.9,0,34,0.35,58,1 tbsp,15
Jams And Preserves No Sugar (With Sodium Saccharin) Any Flavor,Sweets,132,0.3,0,0,53.42,2.5,37.81,0.3,0,9,0.4,69,1 cup,224
Chocolate Covered Caramel With Nuts,Sweets,470,21,0,156,60.67,4.3,41.35,9.5,0,78,1.7,445,1 piece,14
Nougat With Almonds,Sweets,398,1.67,0,33,92.39,3.3,44.97,3.33,0,32,0.59,105,1 piece,14
Gum Drops No Sugar Or Low Calorie (Sorbitol),Sweets,354,0.2,0,7,88.1,0,70,0,0,0,0,0,1 cup,182
Pie Fillings Cherry Low Calorie,Sweets,53,0.16,0,12,11.98,1.2,9.15,0.82,0,11,0.33,118,1 serving,85
Breakfast Bars Oats Sugar Raisins Coconut (Include Granola Bar),Snacks,464,17.6,0,251,66.7,3.1,27.52,9.8,0,60,3.18,326,1 bar,43
Soft Pretzels (Salted),Snacks,338,3.1,0,203,69.39,1.7,0.25,8.2,0,23,3.92,88,1 large,143
Beans Chili Barbecue Ranch Style Cooked,Beans and Lentils,97,1,0,725,16.9,4.2,5.25,5,0,31,1.86,450,1 cup,253
Luncheon Slices Meatless,Beans and Lentils,189,11.11,0,711,4.44,1.1,2.22,17.78,0,41,1.8,200,1 slice thin,14
Meatballs Meatless,Beans and Lentils,197,9,0,550,8,4.6,1.25,21,0,25,2.16,180,1 cup,144
Vegetarian Fillets,Beans and Lentils,290,18,0,490,9,6.1,0.8,23,0,95,2,600,1 fillet,85
Sandwich Spread Meatless,Beans and Lentils,149,9,0,630,9,3.3,1.9,8,0,44,1.5,340,1 tbsp,15
Alcoholic Beverage Wine Cooking,Beverages,50,0,0,626,6.3,0,1.55,0.5,0,9,0.4,88,1 tsp,4.9
Alcoholic Beverage Wine Light,Beverages,49,0,0,7,1.17,0,1.15,0.07,0,9,0.4,88,1 fl oz,29.5
Sweeteners Tabletop Saccharin (Sodium Saccharin),Sweets,360,0,0,428,89.11,0,85.19,0.94,0,0,0.04,4,1 serving 1 packet,1
Beverage Instant Breakfast Powder Chocolate Not Reconstituted,Dairy and Egg Products,353,1.4,12,385,66.2,0.4,65.8,19.9,0,285,12.82,947,1 tbsp,7.4
Tomato Sauce Canned No Salt Added,Vegetables,24,0.3,0,11,5.31,1.5,3.56,1.2,0,14,0.96,297,1 cup,245
Alpen,Breakfast Cereals,352,3.3,0,27,75.7,9.1,20,11.2,0,147,3,418,2/3 cup (1 nlea serving),55
Familia,Breakfast Cereals,388,6.3,0,8,73.8,8.5,23.2,9.5,0,173,2.78,494,1 cup,122
Wheat And Bran Presweetened With Nuts And Fruits,Breakfast Cereals,385,5.6,0,245,76.2,9.7,23.6,7.1,1.8,43,9.82,382,1 cup (1 nlea serving),55
Cheese Cottage With Vegetables,Dairy and Egg Products,95,4.2,14,403,3,0.1,0.37,10.9,0,56,0.1,86,4 oz,113
Cheese Cream Low Fat,Dairy and Egg Products,208,16.67,54,317,6.73,0,3.3,7.85,0.3,148,0.17,247,1 tbsp,15
Cheese Pasteurized Process American Low Fat,Dairy and Egg Products,180,7,35,1789,3.5,0,0.59,24.6,0.1,684,0.43,180,1 cup diced,140
Cheese Spread Cream Cheese Base,Dairy and Egg Products,295,28.6,90,436,3.5,0,3.5,7.1,0.5,71,1.13,112,1 oz,28.4
Pork Oriental Style Dehydrated,Meats,615,62.4,67,685,1.4,0,0,11.8,NULL,10,0.5,139,1 cup,22
Soybean Curd Cheese,Beans and Lentils,151,8.1,0,20,6.9,0,1.6,12.5,0,188,5.6,199,1 cup,225
Potatoes Canned Drained Solids No Salt Added,Vegetables,60,0.2,0,5,13.6,2.4,0.59,1.4,0,5,1.26,229,1 cup,180
Vegetables Mixed (Corn Lima Beans Peas Green Beans Carrots) Canned No Salt Added,Vegetables,37,0.2,0,26,7.31,3.1,2.41,1.4,0,21,0.65,138,1 cup,182
Litchis,Fruits,66,0.44,0,1,16.53,1.3,15.23,0.83,0,5,0.31,171,1 cup,190
Dried Litchis,Fruits,277,1.2,0,3,70.7,4.6,66.1,3.8,0,33,1.7,1110,1 fruit,2.5
Loganberries (Frozen),Fruits,55,0.31,0,1,13.02,5.3,7.7,1.52,0,26,0.64,145,1 cup unthawed,147
Longans,Fruits,60,0.1,0,0,15.14,1.1,NULL,1.31,NULL,1,0.13,266,1 fruit without refuse,3.2
Mangosteen Canned Syrup Pack,Fruits,73,0.58,0,7,17.91,1.8,NULL,0.41,0,12,0.3,48,1 cup drained,196
Dried Sweetened Mango,Fruits,319,1.18,0,162,78.58,2.4,66.27,2.45,0,0,0.23,279,,NULL
Cantaloupe Melons,Fruits,34,0.19,0,16,8.16,0.9,7.86,0.84,0,9,0.21,267,1 cup balls,177
Casaba Melon,Fruits,28,0.1,0,9,6.58,0.9,5.69,1.11,0,11,0.34,182,1 cup cubes,170
Olives,Fruits,116,10.9,0,735,6.04,1.6,0,0.84,0,88,6.28,8,1 tbsp,8.4
Jumbo Olives,Fruits,81,6.87,0,735,5.61,2.5,0,0.97,0,94,3.32,9,1 super colossal,15
Green Olives,Fruits,145,15.32,0,1556,3.84,3.3,0.54,1.03,0,52,0.49,42,1 olive,2.7
Oranges,Fruits,47,0.12,0,0,11.75,2.4,9.35,0.94,0,40,0.1,181,1 cup sections,180
Orange Juice,Fruits,45,0.2,0,1,10.4,0.2,8.4,0.7,0,11,0.2,200,1 cup,248
Canned Orange Juice,Fruits,47,0.15,0,4,11.01,0.3,8.76,0.68,0,10,0.1,184,1 cup,249
Orange Juice From Concentrate,Fruits,49,0.12,0,2,11.54,0.3,8.31,0.68,0,11,0.13,178,1 cup,249
Orange Juice With Added Calcium And Vitamin D,Fruits,47,0.12,0,2,11.27,0.3,8.31,0.68,1,140,0.13,178,1 cup,249
Orange Juice Frozen Concentrate Unsweetened Diluted With 3 Volume Water,Fruits,37,0.06,0,4,8.8,0.2,7.42,0.6,0,12,0.08,158,1 cup,249
Orange Peel Raw,Fruits,97,0.2,0,3,25,10.6,NULL,1.5,NULL,161,0.8,212,1 tbsp,6
Orange-Grapefruit Juice Canned Or Bottled Unsweetened,Fruits,43,0.1,0,3,10.28,0.1,10.18,0.6,0,8,0.46,158,1 cup,247
Tangerines,Fruits,53,0.31,0,2,13.34,1.8,10.58,0.81,0,37,0.15,166,1 cup sections,195
Tangerines (Mandarin Oranges) Canned Juice Pack,Fruits,37,0.03,0,5,9.57,0.7,8.87,0.62,0,11,0.27,133,1 cup,249
Papaya Nectar Canned,Fruits,57,0.15,0,5,14.51,0.6,13.91,0.17,0,10,0.34,31,1 cup,250
Passion Fruit (Granadilla),Fruits,97,0.7,0,28,23.38,10.4,11.2,2.2,0,12,1.6,348,1 cup,236
Purple Passion Fruit Juice,Fruits,51,0.05,0,6,13.6,0.2,13.4,0.39,0,4,0.24,278,1 cup,247
Yellow Passion Fruit Juice,Fruits,60,0.18,0,6,14.45,0.2,14.25,0.67,0,4,0.36,278,1 cup,247
Peaches Canned Light Syrup Pack Solids And Liquids,Fruits,54,0.03,0,5,14.55,1.3,13.25,0.45,0,3,0.36,97,1 cup halves or slices,251
Peaches Canned Heavy Syrup Pack Solids And Liquids,Fruits,74,0.1,0,6,19.94,1.3,18.64,0.45,0,3,0.27,92,1 cup,262
Peaches Canned Extra Heavy Syrup Pack Solids And Liquids,Fruits,96,0.03,0,8,26.06,1,NULL,0.47,0,3,0.29,83,1 cup halves or slices,262
Peaches Spiced Canned Heavy Syrup Pack Solids And Liquids,Fruits,75,0.1,0,4,20.08,1.3,18.78,0.41,0,6,0.28,85,1 cup whole,242
Peaches Dried Sulfured Stewed With Added Sugar,Fruits,103,0.22,0,2,26.6,2.4,NULL,1.06,0,8,1.2,292,1 cup,270
Peaches Frozen Sliced Sweetened,Fruits,94,0.13,0,6,23.98,1.8,22.18,0.63,0,3,0.37,130,1 cup thawed,250
Peach Nectar Canned Without Added Ascorbic Acid,Fruits,49,0.57,0,11,11.61,0.1,12.08,0.1,0,6,0.07,30,1 cup,249
Pears,Fruits,57,0.14,0,1,15.23,3.1,9.75,0.36,0,9,0.18,116,1 cup slices,140
Pears Canned Water Pack Solids And Liquids,Fruits,29,0.03,0,2,7.81,1.6,6.1,0.19,0,4,0.21,53,1 cup halves,244
Pears Canned In Syrup,Fruits,97,0.13,0,5,25.25,1.6,NULL,0.19,0,5,0.22,64,1 cup halves,266
Dried Pears,Fruits,262,0.63,0,6,69.7,7.5,62.2,1.87,0,34,2.1,533,1 cup halves,180
Pears Dried Sulfured Stewed Without Added Sugar,Fruits,127,0.31,0,3,33.81,6.4,27.41,0.91,0,16,1.02,258,1 cup halves,255
Pears Dried Sulfured Stewed With Added Sugar,Fruits,140,0.29,0,3,37.14,5.8,NULL,0.86,0,15,0.97,245,1 cup halves,280
Pineapple,Fruits,50,0.12,0,1,13.12,1.4,9.85,0.54,0,13,0.29,109,1 cup chunks,165
Pineapple Canned Water Pack Solids And Liquids,Fruits,32,0.09,0,1,8.3,0.8,7.5,0.43,0,15,0.4,127,1 cup crushed sliced or chunks,246
Pineapple Canned Juice Pack Solids And Liquids,Fruits,60,0.08,0,1,15.7,0.8,14.45,0.42,0,14,0.28,122,1 cup crushed sliced or chunks,249
Pineapple Canned Light Syrup Pack Solids And Liquids,Fruits,52,0.12,0,1,13.45,0.8,12.65,0.36,0,14,0.39,105,1 cup crushed sliced or chunks,252
Pineapple Juice Frozen Concentrate Unsweetened Diluted With 3 Volume Water,Fruits,51,0.03,0,1,12.67,0.2,12.47,0.4,0,13,0.16,132,1 cup,250
Pitanga,Fruits,33,0.4,0,3,7.49,NULL,NULL,0.8,NULL,9,0.2,103,1 cup,173
Plantains,Fruits,122,0.35,0,4,31.89,1.7,17.51,1.3,0,3,0.55,487,1 cup sliced,148
Plantains Cooked,Fruits,155,0.16,0,2,41.37,2.2,21.33,1.52,0,3,0.28,477,1 cup mashed,200
Plums Canned Purple Heavy Syrup Pack Solids And Liquids,Fruits,89,0.1,0,19,23.24,0.9,22.31,0.36,0,9,0.84,91,1 cup pitted,258
Plums Canned Purple Extra Heavy Syrup Pack Solids And Liquids,Fruits,101,0.1,0,19,26.31,1,NULL,0.36,0,9,0.82,89,1 cup pitted,261
Pomegranates,Fruits,83,1.17,0,3,18.7,4,13.67,1.67,0,10,0.3,236,1/2 cup arils (seed/juice sacs),87
Cooked Lima Beans,Vegetables,123,0.32,0,17,23.64,5.4,1.63,6.81,0,32,2.45,570,1 cup,170
Lima Beans Immature Seeds Canned Regular Pack Solids And Liquids,Vegetables,71,0.29,0,252,13.33,3.6,NULL,4.07,0,28,1.61,285,1/2 cup,124
Mung Beans Mature Seeds Sprouted Cooked Boiled Drained Without Salt,Vegetables,21,0.09,0,10,4.19,0.8,2.84,2.03,0,12,0.65,101,1 cup,124
Mung Beans Mature Seeds Sprouted Cooked Stir-Fried,Vegetables,50,0.21,0,9,10.59,1.9,NULL,4.3,0,13,1.9,219,1 cup,124
Beans Navy Mature Seeds Sprouted Raw,Vegetables,67,0.7,0,13,13.05,NULL,NULL,6.15,0,15,1.93,307,1 cup,104
Beans Navy Mature Seeds Sprouted Cooked Boiled Drained Without Salt,Vegetables,78,0.81,0,14,15.01,NULL,NULL,7.07,0,16,2.11,317,,NULL
Cooked Green Snap Beans,Vegetables,35,0.28,0,1,7.88,3.2,3.63,1.89,0,44,0.65,146,1 cup,125
Canned Green Beans,Vegetables,15,0.17,0,192,3.27,1.5,1.25,0.72,0,29,1.02,92,1 cup,240
Beans Snap Green Canned Regular Pack Drained Solids,Vegetables,21,0.41,0,268,4.19,1.9,1.44,1.05,0,37,0.89,96,1 cup,135
Beans Snap Canned All Styles Seasoned Solids And Liquids,Vegetables,16,0.2,0,373,3.49,1.5,NULL,0.83,0,22,0.47,93,1/2 cup,114
Beets (Raw),Vegetables,43,0.17,0,78,9.56,2.8,6.76,1.61,0,16,0.8,325,1 cup,136
Cooked Beets,Vegetables,44,0.18,0,77,9.96,2,7.96,1.68,0,16,0.79,305,1/2 cup slices,85
Beets Canned Regular Pack Solids And Liquids,Vegetables,30,0.09,0,143,7.14,1.2,6.53,0.73,0,18,0.73,159,1 cup,246
Pork Cured Ham -- Water Added Whole Boneless Separable Lean Only Heated Roasted,Meats,117,4.39,53,1193,1.57,0,1.57,17.99,0.7,9,0.82,316,3 oz,85
Pork Cured Ham -- Water Added Whole Boneless Separable Lean Only Unheated,Meats,110,3.97,50,1141,1.45,0,1.45,17.34,0.6,8,0.86,317,3 oz,85
Pork Cured Ham And Water Product Shank Bone-In Separable Lean Only Heated Roasted,Meats,132,4.45,72,1045,1.26,0,1.26,21.69,NULL,9,1.17,224,1 serving (3 oz),85
Pork Cured Ham -- Water Added Slice Bone-In Separable Lean Only Unheated,Meats,95,2.29,54,1090,1.23,0,1.23,17.38,NULL,9,1.08,221,3 oz,85
Pork Cured Ham And Water Product Rump Bone-In Separable Lean Only Unheated,Meats,107,3.38,58,1070,1.24,0,0.97,17.93,NULL,10,0.67,221,1 oz,28.4
Pork Cured Ham And Water Product Slice Bone-In Separable Lean Only Unheated,Meats,103,3.78,49,1160,2.82,0,0.91,14.47,NULL,9,1.5,209,3 oz,85
Pork Cured Ham And Water Product Shank Bone-In Unheated Separable Lean Only,Meats,113,4.18,52,1090,1.2,0,1.06,17.53,NULL,8,0.97,234,3 oz,85
Pork Cured Ham Separable Fat Boneless Heated,Meats,507,51.57,72,677,2,0,0.28,8.77,1.9,6,0.53,195,3 oz,85
Pork Cured Ham Separable Fat Boneless Unheated,Meats,515,53,61,616,1.87,0,0.44,7.5,1.2,4,0.5,174,4 oz,117
Pork Pickled Pork Hocks,Meats,171,10.54,89,1050,0,0,0,19.11,NULL,19,1.14,47,3 oz,117
Pork Cured Ham Slice Bone-In Separable Lean Only Heated Pan-Broil,Meats,148,4.09,73,870,0.74,0,0.74,27.18,1.1,15,1.42,427,1 serving (3 oz),85
Pork Cured Ham With Natural Juices Whole Boneless Separable Lean And Fat Unheated,Meats,112,3.43,53,1096,1.02,0,1.02,19.38,0.6,6,0.87,346,1 oz whole,28.4
Pork Cured Ham And Water Product Whole Boneless Separable Lean And Fat Unheated,Meats,117,4.99,43,1308,4.21,0,4.21,14.05,0.6,8,0.78,267,1 oz whole,28.4
Pork Cured Ham And Water Product Slice Bone-In Separable Lean And Fat Unheated,Meats,149,9.29,50,1099,2.72,0,0.85,13.69,NULL,8,1.39,205,1 oz,28.4
Pork Cured Ham And Water Product Shank Bone-In Separable Lean And Fat Unheated,Meats,243,20,55,936,1.42,0,0.86,14.28,NULL,6,0.82,215,1 oz shank,28.4
Pork Cured Ham And Water Product Rump Bone-In Separable Lean And Fat Unheated,Meats,179,12.13,58,990,1.35,0,0.88,16.09,NULL,9,0.64,213,1 oz rump,28.4
Pork Cured Ham -- Water Added Rump Bone-In Separable Lean And Fat Heated Roasted,Meats,161,8.56,63,1101,0.99,0,0.78,20.1,NULL,8,0.69,244,1 serving (3 oz),85
Pork Cured Ham -- Water Added Shank Bone-In Separable Lean And Fat Heated Roasted,Meats,200,13.37,66,988,1.35,0,0.79,18.62,NULL,9,1.37,232,1 serving (3 oz),85
Pork Cured Ham -- Water Added Slice Bone-In Separable Lean And Fat Heated Pan-Broil,Meats,166,8.73,66,1309,1.54,0,1.54,20.8,NULL,11,1.07,280,1 serving (3 oz),85
Pork Cured Ham -- Water Added Slice Boneless Separable Lean And Fat Heated Pan-Broil,Meats,125,5.05,54,1212,1.72,0,1.72,18.62,0.9,9,0.85,334,1 serving (3 oz),85
Pork Cured Ham And Water Product Slice Boneless Separable Lean And Fat Heated Pan-Broil,Meats,124,5.13,45,1389,4.69,0,4.69,15.08,0.9,8,0.74,272,1 slice,136
Pork Cured Ham And Water Product Whole Boneless Separable Lean And Fat Heated Roasted,Meats,123,5.46,43,1335,4.61,0,4.61,13.88,0.7,8,0.74,245,1 serving (3 oz),85
Pork Cured Ham With Natural Juices Rump Bone-In Separable Lean And Fat Heated Roasted,Meats,177,9.39,72,841,0.6,0,0.45,22.47,NULL,10,0.99,477,1 serving (3 oz),85
Pork Cured Ham With Natural Juices Shank Bone-In Separable Lean And Fat Heated Roasted,Meats,191,10.93,74,801,0.33,0,0.33,22.88,NULL,7,1.11,424,1 serving (3 oz),85
Pork Cured Ham With Natural Juices Slice Bone-In Separable Lean And Fat Heated Pan-Broil,Meats,180,8.28,80,821,0.17,0,0.02,26.18,NULL,12,1.15,344,1 serving (3 oz),85
Pork Cured Ham Rump Bone-In Separable Lean Only Heated Roasted,Meats,132,3.07,71,846,0.68,0,0.68,26.02,NULL,8,1.59,394,1 serving (3 oz),85
Pork Cured Ham Rump Bone-In Separable Lean Only Unheated,Meats,125,2.92,63,737,0.32,0,0,24.46,NULL,7,1.08,385,1 oz,28.4
Pork Cured Ham Shank Bone-In Separable Lean Only Heated Roasted,Meats,139,3.68,70,828,0.68,0,0.68,26.49,0.9,7,1.54,378,1 serving (3 oz),85
Pork Cured Ham Shank Bone-In Separable Lean Only Unheated,Meats,125,3.19,61,846,0.18,0,0,23.79,NULL,6,0.99,364,1 oz,28.4
Pork Cured Ham Slice Bone-In Separable Lean And Fat Unheated,Meats,173,9.17,65,744,0.21,0,0.05,22.45,NULL,12,1.15,348,1 serving (3 oz),85
Pork Fresh Spareribs Separable Lean And Fat Cooked Roasted,Meats,361,30.86,105,91,0,0,0,20.89,2.2,19,1.43,265,3 oz,85
Pork Fresh Composite Of Separable Fat With Added Solution Raw,Meats,508,52.33,83,81,0,0,0,9.27,NULL,22,0.47,191,1 oz,28.4
Pork Fresh Loin Tenderloin Separable Lean Only With Added Solution Cooked Roasted,Meats,116,3.15,57,231,0.31,0,0,21.61,0.2,5,0.98,567,3 oz,85
Pork Fresh Loin Top Loin (Chops) Boneless Separable Lean Only With Added Solution Raw,Meats,117,3.48,51,278,0.22,0,0,21.09,0.3,7,0.41,537,4 oz,114
Pork Fresh Loin Top Loin (Chops) Boneless Separable Lean And Fat With Added Solution Raw,Meats,171,10.26,56,251,0,0,0,19.45,0.3,9,0.42,489,1 chop,146
Pork Fresh Loin Top Loin (Chops) Boneless Separable Lean And Fat With Added Solution Cooked Broiled,Meats,198,9.42,71,302,0.02,0,0,28.33,0.6,11,0.57,581,1 chop,107
Pork Fresh Loin Tenderloin Separable Lean And Fat With Added Solution Raw,Meats,114,3.14,49,239,0,0,0,20.16,0.2,5,0.91,519,3 oz,85
Pork Fresh Loin Tenderloin Separable Lean And Fat With Added Solution Cooked Roasted,Meats,121,3.7,57,230,0.31,0,0,21.5,0.2,5,0.97,563,3 oz,85
Pork Leg Cap Steak Boneless Separable Lean And Fat Raw,Meats,123,3.39,63,73,0,0,0,21.64,NULL,7,0.84,365,3 oz,85
Pork Shoulder Breast Boneless Separable Lean And Fat Raw,Meats,127,3.4,60,54,0,0,0,22.54,NULL,7,0.89,378,3 oz,85
Pork Shoulder Breast Boneless Separable Lean And Fat Cooked Broiled,Meats,162,4.49,78,54,0,0,0,28.47,NULL,7,0.92,364,3 oz,85
Pork Shoulder Petite Tender Boneless Separable Lean And Fat Cooked Broiled,Meats,155,4.23,82,53,0,0,0,27.47,NULL,8,1.25,415,1 piece,92
Pork Ground 96% Lean / 4% Fat Raw,Meats,121,4,59,67,0.21,0,0,21.1,0.1,15,0.86,310,4 oz,113
Pork Ground 72% Lean / 28% Fat Cooked Crumbles,Meats,393,32.93,100,94,1.39,0,0,22.83,0.8,20,1.15,280,4 oz,113
Pork Ground 84% Lean / 16% Fat Cooked Crumbles,Meats,289,20.04,89,89,0.58,0,0,26.69,0.5,20,1.1,354,3 oz grilled patties,85
Pork Ground 96% Lean / 4% Fat Cooked Crumbles,Meats,187,7.15,78,84,0,0,0,30.55,0.2,19,1.05,428,3 oz grilled patties,85
Pork Fresh Loin Blade (Chops Or Roasts) Boneless Separable Lean Only Raw,Meats,123,3.78,58,65,0.82,0,0,21.35,0.4,6,0.77,375,3 oz,85
Pork Fresh Loin Blade (Roasts) Boneless Separable Lean Only Cooked Roasted,Meats,175,7.14,76,68,0,0,0,27.58,0.5,11,0.92,457,3 oz,85
Pork Fresh Loin Blade (Chops) Boneless Separable Lean Only Boneless Cooked Broiled,Meats,169,6.74,76,58,0.89,0,0,26.14,0.6,7,0.92,430,3 oz,85
Pork Fresh Loin Country-Style Ribs Separable Lean Only Boneless Cooked Broiled,Meats,216,11.65,89,58,0,0,0,27.83,1.1,7,0.92,431,1 rack,122
Pork Fresh Loin Blade (Roasts) Boneless Separable Lean And Fat Cooked Roasted,Meats,199,10.32,76,67,0,0,0,26.48,0.5,12,0.89,439,3 oz,85
Pork Fresh Loin Country-Style Ribs Separable Lean And Fat Boneless Cooked Broiled,Meats,247,15.73,88,58,0,0,0,26.28,1.2,8,0.89,408,1 rack,122
Pork Fresh Loin Country-Style Ribs Separable Lean And Fat Bone-In Cooked Broiled,Meats,260,17.56,87,81,0,0,0,25.58,1.2,57,0.96,344,1 rack,122
Pork Fresh Loin Country-Style Ribs Separable Lean And Fat Boneless Cooked Roasted,Meats,270,18.31,96,70,0,0,0,26.4,0.9,13,0.91,441,1 rack,138
Amaranth Leaves Cooked Boiled Drained Without Salt,Vegetables,21,0.18,0,21,4.11,NULL,NULL,2.11,0,209,2.26,641,1 cup,132
Arrowhead Raw,Vegetables,99,0.29,0,22,20.23,NULL,NULL,5.33,0,10,2.57,922,1 large,25
Arrowhead Cooked Boiled Drained Without Salt,Vegetables,78,0.1,0,18,16.14,NULL,NULL,4.49,0,7,1.21,881,1 medium,12
Artichokes (Globe Or French),Vegetables,47,0.15,0,94,10.51,5.4,0.99,3.27,0,44,1.28,370,1 artichoke medium,128
Asparagus Canned Regular Pack Solids And Liquids,Vegetables,15,0.18,0,284,2.48,1,NULL,1.8,0,15,0.6,172,1/2 cup,122
Canned Asparagus,Vegetables,19,0.65,0,287,2.46,1.6,1.06,2.14,0,16,1.83,172,1 cup,242
Asparagus Frozen Unprepared,Vegetables,24,0.23,0,8,4.1,1.9,NULL,3.23,0,25,0.73,253,4 spears,58
Asparagus Frozen Cooked Boiled Drained Without Salt,Vegetables,18,0.42,0,3,1.92,1.6,0.32,2.95,0,18,0.56,172,1 cup,180
Bamboo Shoots,Vegetables,27,0.3,0,4,5.2,2.2,3,2.6,0,13,0.5,533,1 cup (1/2 inch slices),151
Bamboo Shoots (Cooked),Vegetables,12,0.22,0,4,1.92,1,NULL,1.53,0,12,0.24,533,1 cup (1/2 inch slices),120
Bamboo Shoots (Canned),Vegetables,19,0.4,0,7,3.22,1.4,1.89,1.72,0,8,0.32,80,1 cup (1/8 inch slices),131
Kidney Bean Sprouts,Vegetables,29,0.5,0,6,4.1,NULL,NULL,4.2,0,17,0.81,187,1 cup,184
Corn Sweet Yellow Canned Whole Kernel Drained Solids,Vegetables,67,1.22,0,205,14.34,2,4.44,2.29,0,3,0.27,132,1 cup,164
Corn Sweet Yellow Canned Cream Style Regular Pack,Vegetables,72,0.42,0,261,18.13,1.2,3.23,1.74,0,3,0.38,134,1 cup,256
Corn Sweet Yellow Canned Vacuum Pack Regular Pack,Vegetables,79,0.5,0,272,19.44,2,5.59,2.41,0,5,0.42,186,1 cup,210
Corn Yellow Whole Kernel Frozen Microwaved,Vegetables,113,1.42,0,4,25.87,2.6,3.36,3.62,NULL,5,0.39,276,1 cup,141
Corn With Red And Green Peppers Canned Solids And Liquids,Vegetables,75,0.55,0,347,18.17,NULL,NULL,2.33,0,5,0.79,153,1 cup,227
Cornsalad Raw,Vegetables,21,0.4,0,4,3.6,NULL,NULL,2,0,38,2.18,459,1 cup,56
Cowpeas (Blackeyes) Immature Seeds Raw,Vegetables,90,0.35,0,4,18.83,5,3,2.95,0,126,1.1,431,1 cup,145
Cowpeas Young Pods With Seeds Cooked Boiled Drained Without Salt,Vegetables,34,0.3,0,3,7,NULL,NULL,2.6,0,55,0.7,196,1 cup,95
Yardlong Bean Raw,Vegetables,47,0.4,0,4,8.35,NULL,NULL,2.8,0,50,0.47,240,1 cup slices,91
Yardlong Bean Cooked Boiled Drained Without Salt,Vegetables,47,0.1,0,4,9.18,NULL,NULL,2.53,0,44,0.98,290,1 cup slices,104
Cowpeas Leafy Tips Raw,Vegetables,29,0.25,0,7,4.82,NULL,NULL,4.1,0,63,1.92,455,1 cup chopped,36
Cucumber Peeled Raw,Vegetables,10,0.16,0,2,2.16,0.7,1.38,0.59,0,14,0.22,136,1 cup pared chopped,133
Dandelion Greens,Vegetables,45,0.7,0,76,9.2,3.5,0.71,2.7,0,187,3.1,397,1 cup chopped,55
Cooked Dandelion Greens,Vegetables,33,0.6,0,44,6.4,2.9,0.5,2,0,140,1.8,232,1 cup chopped,105
Eggplant,Vegetables,25,0.18,0,2,5.88,3,3.53,0.98,0,9,0.23,229,1 cup cubes,82
Cooked Eggplant,Vegetables,35,0.23,0,1,8.73,2.5,3.2,0.83,0,6,0.25,123,1 cup (1 inch cubes),99
Garlic,Vegetables,149,0.5,0,17,33.06,2.1,1,6.36,0,181,1.7,401,1 cup,136
Ginger,Vegetables,80,0.75,0,13,17.77,2,1.7,1.82,0,16,0.6,415,1 tsp,2
Gourd White-Flowered (Calabash) Raw,Vegetables,14,0.02,0,2,3.39,0.5,NULL,0.62,0,26,0.2,150,1/2 cup (1 inch pieces),58
Gourd White-Flowered (Calabash) Cooked Boiled Drained Without Salt,Vegetables,15,0.02,0,2,3.69,1.2,NULL,0.6,0,24,0.25,170,1 cup (1 inch cubes),146
Hyacinth-Beans Immature Seeds Raw,Vegetables,46,0.2,0,2,9.19,3.3,4.08,2.1,0,50,0.74,252,1 cup,80
Hyacinth-Beans Immature Seeds Cooked Boiled Drained Without Salt,Vegetables,50,0.27,0,2,9.2,NULL,NULL,2.95,0,41,0.76,262,1 cup,87
Jerusalem-Artichokes Raw,Vegetables,73,0.01,0,4,17.44,1.6,9.6,2,0,14,3.4,429,1 cup slices,150
Jews Ear,Vegetables,25,0.04,0,9,6.75,NULL,NULL,0.48,0,16,0.56,43,1 cup slices,99
Cooked Kale,Vegetables,36,1.21,0,16,5.3,4,1.21,2.94,0,150,0.84,144,1 cup chopped,130
Kale Frozen Unprepared,Vegetables,28,0.46,0,15,4.88,2,0.85,2.66,0,136,0.93,333,1/ 3 package (10 oz),94
Kale Frozen Cooked Boiled Drained Without Salt,Vegetables,36,1.21,0,16,5.3,2.3,1.21,2.94,0,150,0.84,144,1 cup chopped,130
Kanpyo,Vegetables,258,0.56,0,15,65.03,9.8,NULL,8.58,0,280,5.12,1582,1 strip,6.3
Shiitake Mushrooms,Vegetables,34,0.49,NULL,9,6.79,2.5,2.38,2.24,0.4,2,0.41,304,1 piece whole,19
Mushrooms Portobellos Grilled,Vegetables,29,0.58,0,11,4.44,2.2,2.26,3.28,0.3,3,0.4,437,1 cup sliced,121
Lambsquarters Raw,Vegetables,43,0.8,0,43,7.3,4,NULL,4.2,0,309,1.2,452,,NULL
Lambsquarters Cooked Boiled Drained Without Salt,Vegetables,32,0.7,0,29,5,2.1,0.62,3.2,0,258,0.7,288,1 cup chopped,180
Leeks,Vegetables,61,0.3,0,20,14.15,1.8,3.9,1.5,0,59,2.1,180,1 cup,89
Romaine Lettuce,Vegetables,17,0.3,0,8,3.29,2.1,1.19,1.23,0,33,0.97,247,1 cup shredded,47
Iceberg Lettuce,Vegetables,14,0.14,0,10,2.97,1.2,1.97,0.9,0,18,0.41,141,1 cup shredded,72
Green Leaf Lettuce,Vegetables,15,0.15,0,28,2.87,1.3,0.78,1.36,0,36,0.86,194,1 cup shredded,36
Lotus Root,Vegetables,74,0.1,0,40,17.23,4.9,NULL,2.6,0,45,1.16,556,10 slices (2-1/2 inch dia),81
White Button Mushrooms,Vegetables,22,0.34,0,5,3.26,1,1.98,3.09,0.2,3,0.5,318,1 cup pieces or slices,70
Cooked White Button Mushrooms,Vegetables,28,0.47,0,2,5.29,2.2,2.34,2.17,0.2,6,1.74,356,1 cup pieces,156
White Button Mushrooms (Stir-Fried),Vegetables,26,0.33,0,12,4.04,1.8,0,3.58,0.2,4,0.25,396,1 cup sliced,108
Canned Mushrooms,Vegetables,25,0.29,0,425,5.09,2.4,2.34,1.87,0.2,11,0.79,129,1 cup,156
Portobellos Mushrooms,Vegetables,22,0.35,0,9,3.87,1.3,2.5,2.11,0.3,3,0.31,364,1 cup diced,86
Mustard Greens,Vegetables,27,0.42,0,20,4.67,3.2,1.32,2.86,0,115,1.64,384,1 cup chopped,56
Cooked Mustard Greens,Vegetables,26,0.47,0,9,4.51,2,1.41,2.56,0,118,0.87,162,1 cup chopped,140
Mustard Greens Frozen Unprepared,Vegetables,20,0.27,0,29,3.41,3.3,NULL,2.49,0,116,1.29,170,1 cup chopped,146
Mustard Greens Frozen Cooked Boiled Drained Without Salt,Vegetables,19,0.25,0,25,3.11,2.8,0.32,2.27,0,101,1.12,139,1 cup chopped,150
Okra,Vegetables,33,0.19,0,7,7.45,3.2,1.48,1.93,0,82,0.62,299,1 cup,100
Cooked Okra,Vegetables,22,0.21,0,6,4.51,2.5,2.4,1.87,0,77,0.28,135,1/2 cup slices,80
Okra Frozen Unprepared,Vegetables,30,0.25,0,3,6.63,2.2,2.97,1.69,0,81,0.57,211,1/3 package (10 oz),95
Cooked Okra (Previously Frozen),Vegetables,29,0.24,0,3,6.41,2.1,2.87,1.63,0,74,0.52,184,1/2 cup slices,92
Potatoes French Fried All Types Salt Added In Processing Frozen Home-Prepared Oven Heated,Vegetables,158,5.48,0,324,25.55,2,0.37,2.75,0,12,0.57,478,10 fries,76
Potatoes French Fried Cottage-Cut Salt Not Added In Processing Frozen As Purchased,Vegetables,153,5.78,0,32,23.98,3,NULL,2.42,0,7,1.05,338,10 strips,65
Potatoes French Fried Cottage-Cut Salt Not Added In Processing Frozen Oven-Heated,Vegetables,218,8.2,0,45,34.03,3.2,NULL,3.44,0,10,1.49,480,10 strips,50
Potatoes Frozen French Fried Par Fried Extruded Unprepared,Vegetables,260,14.95,0,490,30.15,2.9,NULL,2.83,0,9,1.32,430,10 strips,65
Potatoes Frozen French Fried Par Fried Extruded Prepared Heated In Oven Without Salt,Vegetables,333,18.71,0,613,39.68,3.2,NULL,3.55,0,12,1.66,539,10 strips,50
Potato Salad Home-Prepared,Vegetables,143,8.2,68,529,11.17,1.3,NULL,2.68,0,19,0.65,254,1 cup,250
Pumpkin Flowers,Vegetables,15,0.07,0,5,3.28,NULL,NULL,1.03,0,39,0.7,173,1 cup,33
Cooked Pumpkin Flowers,Vegetables,15,0.08,0,6,3.3,0.9,2.4,1.09,0,37,0.88,106,1 cup,134
Pumpkin Leaves,Vegetables,19,0.4,0,11,2.33,NULL,NULL,3.15,0,39,2.22,436,1 cup,39
Pumpkin Pie Mix Canned,Vegetables,104,0.13,0,208,26.39,8.3,NULL,1.09,0,37,1.06,138,1 cup,270
Purslane,Vegetables,20,0.36,0,45,3.39,NULL,NULL,2.03,0,65,1.99,494,1 cup,43
Cooked Purslane,Vegetables,18,0.19,0,44,3.55,NULL,NULL,1.49,0,78,0.77,488,1 cup,115
Radishes,Vegetables,16,0.1,0,39,3.4,1.6,1.86,0.68,0,25,0.34,233,1 cup slices,116
Salsify (Vegetable Oyster) Raw,Vegetables,82,0.2,0,20,18.6,3.3,NULL,3.3,0,60,0.7,380,1 cup slices,133
Salsify Cooked Boiled Drained Without Salt,Vegetables,68,0.17,0,16,15.36,3.1,2.9,2.73,0,47,0.55,283,1 cup sliced,135
Sauerkraut,Vegetables,19,0.14,0,661,4.28,2.9,1.78,0.91,0,30,1.47,170,1 cup,142
Seaweed Agar Raw,Vegetables,26,0.03,0,9,6.75,0.5,0.28,0.54,0,54,1.86,226,2 tbsp (1/8 cup),10
Sesbania Flower Cooked Steamed Without Salt,Vegetables,22,0.05,0,11,5.23,NULL,NULL,1.14,0,22,0.56,107,1 cup,104
Green Soybeans,Beans and Lentils,147,6.8,0,15,11.05,4.2,NULL,12.95,0,197,3.55,620,1 cup,256
Cooked Green Soybeans,Beans and Lentils,141,6.4,0,14,11.05,4.2,NULL,12.35,0,145,2.5,539,1 cup,180
Soybean Sprouts,Vegetables,122,6.7,0,14,9.57,1.1,NULL,13.09,0,67,2.1,484,1/2 cup,35
Spinach Canned Regular Pack Solids And Liquids,Vegetables,19,0.37,0,319,2.92,1.6,0.33,2.11,0,83,1.58,230,1 cup,234
Spinach Canned Regular Pack Drained Solids,Vegetables,23,0.5,0,322,3.4,2.4,0.4,2.81,0,127,2.3,346,1 cup,214
Spinach Frozen Chopped Or Leaf Unprepared,Vegetables,29,0.57,0,74,4.21,2.9,0.65,3.63,0,129,1.89,346,1 cup,156
Spinach Frozen Chopped Or Leaf Cooked Boiled Drained Without Salt,Vegetables,34,0.87,0,97,4.8,3.7,0.51,4.01,0,153,1.96,302,1/2 cup,95
Scallop Squash,Vegetables,18,0.2,0,1,3.84,1.2,2.39,1.2,0,19,0.4,182,1 cup slices,130
Cooked Scallop Squash,Vegetables,16,0.17,0,1,3.3,1.9,1.5,1.03,0,15,0.33,140,1 cup mashed,240
Zucchini,Vegetables,17,0.32,0,8,3.11,1,2.5,1.21,0,16,0.37,261,1 cup chopped,124
Cooked Zucchini,Vegetables,15,0.36,0,3,2.69,1,1.71,1.14,0,18,0.37,264,1 cup sliced,180
Baked Acorn Squash,Vegetables,56,0.14,0,4,14.58,4.4,NULL,1.12,0,44,0.93,437,1 cup cubes,205
Cooked Acorn Squash,Vegetables,34,0.08,0,3,8.79,2.6,NULL,0.67,0,26,0.56,263,1 cup mashed,245
Butternut Squash,Vegetables,45,0.1,0,4,11.69,2,2.2,1,0,48,0.7,352,1 cup cubes,140
Cooked Butternut Squash,Vegetables,40,0.09,0,4,10.49,3.2,1.97,0.9,0,41,0.6,284,1 cup cubes,205
Squash Winter Hubbard Cooked Boiled Mashed Without Salt,Vegetables,30,0.37,0,5,6.46,2.9,2.93,1.48,0,10,0.28,214,1 cup mashed,236
Spaghetti Squash,Vegetables,31,0.57,0,17,6.91,1.5,2.76,0.64,0,23,0.31,108,1 cup cubes,101
Cooked Spaghetti Squash,Vegetables,27,0.26,0,18,6.46,1.4,2.53,0.66,0,21,0.34,117,1 cup,155
Succotash (Corn And Limas) Raw,Vegetables,99,1.02,0,4,19.59,3.8,NULL,5.03,0,18,1.83,369,,NULL
Swamp Cabbage,Vegetables,19,0.2,0,113,3.13,2.1,NULL,2.6,0,77,1.67,312,1 cup chopped,56
Cooked Swamp Cabbage,Vegetables,20,0.24,0,122,3.7,1.9,NULL,2.08,0,54,1.32,284,1 cup chopped,98
Sweet Potato Leaves Raw,Vegetables,42,0.51,0,6,8.82,5.3,NULL,2.49,0,78,0.97,508,1 cup chopped,35
Sweet Potato Leaves Cooked Steamed Without Salt,Vegetables,35,0.34,0,7,7.38,1.9,5.48,2.18,0,33,0.63,312,1 cup,64
Mashed Sweet Potatoes,Vegetables,101,0.2,0,75,23.19,1.7,5.45,1.98,0,30,1.33,210,1 cup,255
Sweet Potato Frozen Unprepared,Vegetables,96,0.18,0,6,22.22,1.7,NULL,1.71,0,37,0.53,365,1 cup cubes,176
Sweet Potato Frozen Cooked Baked Without Salt,Vegetables,100,0.12,0,8,23.4,1.8,9.17,1.71,0,35,0.54,377,1 cup cubes,176
Taro,Vegetables,112,0.2,0,11,26.46,4.1,0.4,1.5,0,43,0.55,591,1 cup sliced,104
Taro Shoots Cooked Without Salt,Vegetables,14,0.08,0,2,3.2,NULL,NULL,0.73,0,14,0.41,344,1 cup slices,140
Tahitian Taro,Vegetables,44,0.97,0,50,6.91,NULL,NULL,2.79,0,129,1.3,606,1 cup slices,125
Artichokes (Globe Or French) Cooked Boiled Drained With Salt,Vegetables,51,0.34,0,296,11.39,5.7,0.99,2.89,0,21,0.61,286,1 artichoke medium,120
Artichokes (Globe Or French) Frozen Cooked Boiled Drained With Salt,Vegetables,45,0.5,0,289,9.18,4.6,0.84,3.11,0,21,0.56,264,1 cup,168
Asparagus Cooked Boiled Drained With Salt,Vegetables,22,0.22,0,240,4.11,2,1.3,2.4,0,23,0.91,224,1/2 cup,90
Asparagus Canned No Salt Added Solids And Liquids,Vegetables,15,0.18,0,26,2.48,1,1,1.8,0,15,0.6,172,1/2 cup,122
Beans Kidney Mature Seeds Sprouted Cooked Boiled Drained With Salt,Vegetables,33,0.58,0,243,4.72,NULL,NULL,4.83,0,19,0.89,194,,NULL
Lima Beans Immature Seeds Cooked Boiled Drained With Salt,Vegetables,123,0.32,0,253,23.64,5.3,1.63,6.81,0,32,2.45,570,1 cup,170
Canned Lima Beans,Vegetables,71,0.29,0,4,13.33,3.6,0.93,4.07,0,28,1.61,285,1 cup,248
Lima Beans Immature Seeds Frozen Baby Cooked Boiled Drained With Salt,Vegetables,105,0.3,0,265,19.45,4.8,1.37,6.65,0,28,1.96,411,1 cup,180
Beans Pinto Mature Seeds Sprouted Cooked Boiled Drained With Salt,Vegetables,20,0.32,0,287,3.5,NULL,NULL,1.86,0,15,0.66,98,,NULL
Yellow Snap Beans,Vegetables,31,0.12,0,6,7.13,3.4,3.27,1.82,0,37,1.04,209,1 cup 1/2 inch pieces,100
Beans Snap Green Cooked Boiled Drained With Salt,Vegetables,35,0.28,0,239,7.88,3.2,3.63,1.89,0,44,0.65,146,1 cup,125
Cooked Yellow Snap Beans,Vegetables,35,0.28,0,3,7.88,3.3,3.63,1.89,0,46,1.28,299,1 cup,125
Beans Snap Yellow Cooked Boiled Drained With Salt,Vegetables,35,0.28,0,239,7.88,3.3,3.63,1.89,0,46,1.28,299,1 cup,125
Beans Snap Yellow Frozen All Styles Unprepared,Vegetables,33,0.21,0,3,7.58,2.8,2.22,1.8,0,42,0.86,186,1 cup,121
Beans Snap Green Frozen Cooked Boiled Drained With Salt,Vegetables,28,0.17,0,245,6.45,3,1.88,1.49,0,42,0.66,159,1 cup,135
Beans Snap Yellow Frozen Cooked Boiled Drained Without Salt,Vegetables,28,0.17,0,9,6.45,3,1.88,1.49,0,49,0.88,126,1 cup,135
Beans Snap Yellow Frozen Cooked Boiled Drained With Salt,Vegetables,28,0.17,0,245,6.45,3,1.88,1.49,0,49,0.88,126,1 cup,135
Broadbeans Immature Seeds Cooked Boiled Drained With Salt,Vegetables,62,0.5,0,277,10.1,NULL,NULL,4.8,0,18,1.5,193,,NULL
Broccoli Leaves Raw,Vegetables,28,0.35,0,27,5.06,2.3,1.48,2.98,0,48,0.88,325,,NULL
Broccoli Flower Clusters Raw,Vegetables,28,0.35,0,27,5.06,2.3,1.48,2.98,0,48,0.88,325,1 cup flowerets,71
Broccoli Stalks Raw,Vegetables,28,0.35,0,27,5.24,NULL,NULL,2.98,0,48,0.88,325,1 stalk,114
Brussels Sprouts Frozen Cooked Boiled Drained With Salt,Vegetables,42,0.39,0,259,8.32,4.1,2.08,3.64,0,26,0.48,290,1 cup,155
Burdock Root Cooked Boiled Drained With Salt,Vegetables,88,0.14,0,240,21.15,1.8,3.55,2.09,0,49,0.77,360,1 cup (1 inch pieces),125
Butterbur Cooked Boiled Drained With Salt,Vegetables,8,0.02,0,240,2.16,NULL,NULL,0.23,0,59,0.1,354,,NULL
Cabbage Common (Danish Domestic And Pointed Types) Freshly Harvest Raw,Vegetables,24,0.18,0,18,5.37,2.3,NULL,1.21,0,47,0.56,246,1/2 cup shredded,35
Cabbage Common (Danish Domestic And Pointed Types) Stored Raw,Vegetables,24,0.18,0,18,5.37,2.3,NULL,1.21,0,47,0.56,246,1/2 cup shredded,35
Cabbage Chinese (Pe-Tsai) Cooked Boiled Drained With Salt,Vegetables,14,0.17,0,245,2.41,1.7,NULL,1.5,0,32,0.3,225,1 cup shredded,119
Cardoon Cooked Boiled Drained With Salt,Vegetables,20,0.11,0,412,4.74,1.7,NULL,0.76,0,72,0.73,392,,NULL
Carrots Cooked Boiled Drained With Salt,Vegetables,35,0.18,0,302,8.22,3,3.45,0.76,0,30,0.34,235,1 tbsp,9.7
Carrots Canned No Salt Added Solids And Liquids,Vegetables,23,0.14,0,34,5.36,1.8,2.46,0.59,0,31,0.52,158,1/2 cup slices,123
Celeriac Cooked Boiled Drained With Salt,Vegetables,27,0.19,0,297,5.9,NULL,NULL,0.96,0,26,0.43,173,1 cup pieces,155
Celery Cooked Boiled Drained With Salt,Vegetables,18,0.16,0,327,4,1.6,2.37,0.83,0,42,0.42,284,1 cup diced,150
Chard Swiss Cooked Boiled Drained With Salt,Vegetables,20,0.08,0,415,4.13,2.1,1.1,1.88,0,58,2.26,549,1 cup chopped,175
Chayote Fruit Cooked Boiled Drained With Salt,Vegetables,22,0.48,0,237,4.5,2.8,1.89,0.62,0,13,0.22,173,1 cup (1 inch pieces),160
Corn Sweet Yellow Canned No Salt Added Solids And Liquids,Vegetables,61,0.77,0,12,13.86,1.7,4.15,1.95,0,4,0.36,136,1 cup,256
Corn Sweet Yellow Canned Cream Style No Salt Added,Vegetables,72,0.42,0,3,18.13,1.2,3.23,1.74,0,3,0.38,134,1 cup,256
Corn Sweet Yellow Canned Vacuum Pack No Salt Added,Vegetables,79,0.5,0,3,19.44,2,5.59,2.41,0,5,0.42,186,1 cup,210
Corn Sweet Yellow Frozen Kernels Cut Off Cob Boiled Drained With Salt,Vegetables,79,0.67,0,245,18.71,2.4,3.07,2.55,0,3,0.47,233,1 cup,165
Corn Sweet Yellow Frozen Kernels On Cob Cooked Boiled Drained With Salt,Vegetables,94,0.74,0,240,22.33,2.8,3.59,3.11,0,3,0.61,251,1 cup kernels,165
Cress Garden Cooked Boiled Drained With Salt,Vegetables,23,0.6,0,244,3.8,0.7,3.11,1.9,0,61,0.8,353,1 cup,135
Dandelion Greens Cooked Boiled Drained With Salt,Vegetables,33,0.6,0,280,6.4,2.9,1.62,2,0,140,1.8,232,1 cup chopped,105
Eggplant Cooked Boiled Drained With Salt,Vegetables,33,0.23,0,239,8.14,2.5,3.2,0.83,0,6,0.25,123,1 cup (1 inch cubes),99
Gourd White-Flowered (Calabash) Cooked Boiled Drained With Salt,Vegetables,13,0.02,0,238,3.1,1.2,NULL,0.6,0,24,0.25,170,1 cup (1 inch cubes),146
Jute Potherb Cooked Boiled Drained With Salt,Vegetables,37,0.2,0,247,7.29,2,1,3.68,0,211,3.14,550,1 cup,87
Kale Cooked Boiled Drained With Salt,Vegetables,44,1.21,0,252,5.3,2.3,1.21,2.94,0,150,0.84,144,1 cup chopped,130
Kale Frozen Cooked Boiled Drained With Salt,Vegetables,36,1.21,0,252,5.3,2.3,1.21,2.94,0,150,0.84,144,1 cup chopped,130
Kohlrabi Cooked Boiled Drained With Salt,Vegetables,29,0.11,0,257,6.69,1.1,2.8,1.8,0,25,0.4,340,1 cup slices,165
Yambean (Jicama) Cooked Boiled Drained With Salt,Vegetables,36,0.09,0,242,8.23,NULL,NULL,0.72,0,11,0.57,135,,NULL
Yardlong Bean Cooked Boiled Drained With Salt,Vegetables,47,0.1,0,240,9.17,NULL,NULL,2.53,0,44,0.98,290,1 cup slices,104
Corn Sweet White Canned Whole Kernel No Salt Added Solids And Liquids,Vegetables,64,0.5,0,12,15.41,0.7,NULL,1.95,0,4,0.41,164,1 cup,256
Corn Sweet White Canned Whole Kernel Drained Solids,Vegetables,67,1.22,0,205,14.34,2,4.44,2.29,0,3,0.27,132,1 cup,164
Corn Sweet White Canned Cream Style Regular Pack,Vegetables,74,0.42,0,261,18.62,1.2,6.09,1.74,0,4,0.31,119,1 cup,256
Corn Sweet White Canned Cream Style No Salt Added,Vegetables,72,0.42,0,3,18.13,1.2,2.21,1.74,0,3,0.38,134,1 cup,256
Corn Sweet White Frozen Kernels Cut Off Cob Boiled Drained With Salt,Vegetables,80,0.43,0,245,19.56,2.4,3.12,2.75,0,4,0.35,147,1 cup,165
Corn Sweet White Frozen Kernels On Cob Unprepared,Vegetables,98,0.78,0,5,23.5,2.8,NULL,3.28,0,4,0.68,294,1 cup kernels,165
Corn Sweet White Frozen Kernels On Cob Cooked Boiled Drained Without Salt,Vegetables,94,0.74,0,4,22.33,2.1,NULL,3.11,0,3,0.61,251,1 cup kernels,165
Corn Sweet White Frozen Kernels On Cob Cooked Boiled Drained With Salt,Vegetables,94,0.74,0,240,22.33,2.8,NULL,3.11,0,3,0.61,251,1 cup kernels,165
Sesbania Flower Cooked Steamed With Salt,Vegetables,21,0.05,0,247,5.1,NULL,NULL,1.14,0,22,0.56,107,1 cup,104
Soybeans Mature Seeds Sprouted Cooked Steamed With Salt,Vegetables,81,4.45,0,246,6.53,0.8,0.43,8.47,0,59,1.31,355,1 cup,94
Soybeans Mature Seeds Sprouted Cooked Stir-Fried With Salt,Vegetables,125,7.1,0,250,9.4,0.8,NULL,13.1,0,82,0.4,567,,NULL
Dock Cooked Boiled Drained With Salt,Vegetables,20,0.64,0,239,2.93,NULL,NULL,1.83,0,38,2.08,321,,NULL
Potatoes Mashed Dehydrated Prepared From Flakes Without Milk Whole Milk And Margarine Added,Vegetables,113,5.6,4,332,15.02,2.3,NULL,1.9,0,49,0.22,233,1 cup,210
Peppers Sweet Red Freeze-Dried,Vegetables,314,3,0,193,68.7,21.3,40.77,17.9,0,134,10.4,3170,1 tbsp,0.4
Beans Snap Yellow Canned Regular Pack Drained Solids,Vegetables,20,0.1,0,251,4.5,1.3,0.78,1.15,0,26,0.9,109,1 cup,153
Beans Snap Yellow Canned No Salt Added Drained Solids,Vegetables,20,0.1,0,2,4.5,1.3,0.78,1.15,0,26,0.9,109,1 cup,153
Raw White Button Mushrooms (Exposed To Sunlight Or Uv),Vegetables,22,0.34,0,5,3.26,1,1.98,3.09,26.2,3,0.5,318,1 cup pieces or slices,70
Portobellos (Exposed To Sunlight Or Uv),Vegetables,29,0.58,NULL,11,4.44,2.2,2.26,3.28,13.1,3,0.4,437,1 cup sliced,121
Sweet Pickled Cucumbers,Vegetables,91,0.41,0,457,21.15,1,18.27,0.58,0,61,0.25,100,1 cup chopped,160
Sour Pickled Cucumber,Vegetables,11,0.2,0,1208,2.26,1.2,1.06,0.33,0,0,0.4,23,1 cup,155
Low Sodium Sweet Pickles,Vegetables,122,0.26,0,18,33.73,1.1,26.68,0.37,0,4,0.59,32,1 slice,6
Low Sodium Ketchup,Vegetables,101,0.1,0,20,27.4,0.3,21.27,1.04,0,15,0.35,281,1 tbsp,17
Enoki Mushrooms,Vegetables,37,0.29,0,3,7.81,2.7,0.22,2.66,0.1,0,1.15,359,1 large,5
Sweet Yellow Peppers,Vegetables,27,0.21,0,2,6.32,0.9,NULL,1,0,11,0.46,212,1 pepper large (3-3/4 inch long 3 inch dia),186
Tomatoes Sun-Dried Packed In Oil Drained,Vegetables,213,14.08,0,266,23.33,5.8,NULL,5.06,0,47,2.68,1565,1 cup,110
Fennel,Vegetables,31,0.2,0,52,7.3,3.1,3.93,1.24,0,49,0.73,414,1 cup sliced,87
Pickle Relish Hamburger,Vegetables,129,0.54,0,1096,34.48,3.2,NULL,0.63,0,4,1.14,76,1 tbsp,15
Arugula,Vegetables,25,0.66,0,27,3.65,1.6,2.05,2.58,0,160,1.46,369,1 leaf,2
Cooked Nopales,Vegetables,15,0.05,0,20,3.28,2,1.12,1.35,0,164,0.5,195,1 cup,149
Green Cauliflower,Vegetables,31,0.3,0,23,6.09,3.2,3.03,2.95,0,33,0.73,300,1 cup,64
Cooked Green Cauliflower,Vegetables,32,0.31,0,23,6.28,3.3,3.12,3.04,0,32,0.72,278,1/5 head,90
Cauliflower Green Cooked With Salt,Vegetables,32,0.31,0,259,6.28,3.3,NULL,3.04,0,32,0.72,278,1/2 cup (1 inch pieces),62
Cooked Chinese Broccoli,Vegetables,22,0.72,0,7,3.81,2.5,0.84,1.14,0,100,0.56,261,1 cup,88
Grape Leaves Canned,Vegetables,69,1.97,0,2853,11.71,9.9,NULL,4.27,0,289,2.98,29,1 leaf,4
Banana Peppers,Vegetables,27,0.45,0,13,5.35,3.4,1.95,1.66,0,14,0.46,256,1 cup,124
Serrano Peppers,Vegetables,32,0.44,0,10,6.7,3.7,3.83,1.74,0,11,0.86,305,1 cup chopped,105
Dried Ancho Peppers,Vegetables,281,8.2,0,43,51.42,21.6,NULL,11.86,0,61,10.93,2411,1 pepper,17
Pickles Chowchow With Cauliflower Onion Mustard Sweet,Vegetables,121,0.9,0,527,26.64,1.5,23.88,1.5,0,23,1.4,200,1 cup,245
Epazote Raw,Vegetables,32,0.52,0,43,7.44,3.8,NULL,0.33,0,275,1.88,633,1 tbsp,0.8
Fireweed Leaves Raw,Vegetables,103,2.75,0,34,19.22,10.6,NULL,4.71,0,429,2.4,494,1 cup chopped,23
Cooked Malabar Spinach,Vegetables,23,0.78,0,55,2.71,2.1,NULL,2.98,0,124,1.48,256,1 cup,44
Yautia,Vegetables,98,0.4,0,21,23.63,1.5,NULL,1.46,0,9,0.98,598,1 cup sliced,135
Mushrooms White Microwaved,Vegetables,35,0.46,0,17,6.04,2.5,0,3.91,0.3,6,0.33,488,,NULL
Maitake Mushrooms,Vegetables,31,0.19,0,1,6.97,2.7,2.07,1.94,28.1,1,0.3,204,1 cup diced,70
Chinese Broccoli,Vegetables,26,0.76,0,7,4.67,2.6,0.88,1.2,0,105,0.59,274,,NULL
Fiddlehead Ferns,Vegetables,34,0.4,0,1,5.54,NULL,NULL,4.55,0,32,1.31,370,,NULL
Seeds Sesame Butter Tahini From Unroasted Kernels (Non-Chemically Removed Seed Coat),Nuts and Seeds,607,56.44,0,1,17.89,9.3,NULL,17.95,0,141,6.35,459,1 tbsp,14
Seeds Watermelon Seed Kernels Dried,Nuts and Seeds,557,47.37,0,99,15.31,NULL,NULL,28.33,0,54,7.28,648,1 cup,108
Dried Japanese Chestnuts,Nuts and Seeds,360,1.24,0,34,81.43,NULL,NULL,5.25,0,72,3.38,768,1 cup,155
Nuts Coconut Milk Frozen (Liquid Expressed From Grated Meat And Water),Nuts and Seeds,202,20.8,0,12,5.58,NULL,NULL,1.61,0,4,0.81,232,1 cup,240
Raw Sesame Butter (Tahini),Nuts and Seeds,570,48,0,74,26.19,9.3,NULL,17.81,0,420,2.51,414,1 tbsp,15
Nuts Formulated Wheat-Based All Flavors Except Macadamia Without Salt,Nuts and Seeds,647,62.3,0,91,20.79,5.2,NULL,13.11,0,22,2.6,320,1 oz,28.4
Seeds Sesame Seed Kernels Dried (Decorticated),Nuts and Seeds,631,61.21,0,47,11.73,11.6,0.48,20.45,0,60,6.36,370,1 cup,150
Nuts Chestnuts Japanese Raw,Nuts and Seeds,154,0.53,0,14,34.91,NULL,NULL,2.25,0,31,1.45,329,1 oz,28.4
Flax Seeds,Nuts and Seeds,534,42.16,0,30,28.88,27.3,1.55,18.29,0,255,5.73,813,1 tbsp whole,10.3
Roasted Squash And Pumpkin Seeds (Salted),Nuts and Seeds,574,49.05,0,256,14.71,6.5,1.29,29.84,0,52,8.07,788,1 cup,118
Seeds Sesame Seed Kernels Toasted With Salt Added (Decorticated),Nuts and Seeds,567,48,0,588,26.04,16.9,0.48,16.96,0,131,7.78,406,1 cup,128
Dry Roasted Sunflower Seeds (With Salt),Nuts and Seeds,546,49.8,0,6008,15.31,9,2.73,19.33,0,70,3.8,850,1 cup,128
Seeds Sunflower Seed Kernels Dry Roasted With Salt Added,Nuts and Seeds,582,49.8,0,655,24.07,9,2.73,19.33,0,70,3.8,850,1 cup,128
Nuts Almonds Oil Roasted With Salt Added,Nuts and Seeds,607,55.17,0,339,17.68,10.5,4.55,21.23,0,291,3.68,699,1 cup whole kernels,157
Nuts Almonds Oil Roasted With Salt Added Smoke Flavor,Nuts and Seeds,607,55.89,0,548,17.86,10.7,3.57,21.43,NULL,286,3.86,679,1 oz (28 almonds),28
Nuts Cashew Nuts Dry Roasted With Salt Added,Nuts and Seeds,574,46.35,0,640,32.69,3,5.01,15.31,0,45,6,565,1 cup halves and whole,137
Nuts Cashew Nuts Oil Roasted With Salt Added,Nuts and Seeds,581,47.77,0,308,30.16,3.3,5.01,16.84,0,43,6.05,632,1 cup whole,129
Nuts Mixed Nuts Oil Roasted Without Peanuts With Salt Added,Nuts and Seeds,615,56.17,0,306,22.27,5.5,4.38,15.52,0,106,2.57,544,1 cup,144
Nuts Pecans Dry Roasted With Salt Added,Nuts and Seeds,710,74.27,0,383,13.55,9.4,4.06,9.5,0,72,2.8,424,1 oz,28.4
Nuts Pecans Oil Roasted With Salt Added,Nuts and Seeds,715,75.23,0,393,13.01,9.5,3.97,9.2,0,67,2.47,392,1 cup,110
Nuts Pistachio Nuts Dry Roasted With Salt Added,Nuts and Seeds,569,45.82,0,428,27.55,10.3,7.74,21.05,0,107,4.03,1007,1 cup,123
Nuts Mixed Nuts Oil Roasted With Peanuts Lightly Salted,Nuts and Seeds,607,53.95,0,161,21.05,7,4.15,20.04,0,117,2.61,632,1 oz,28.4
Nuts Mixed Nuts Oil Roasted Without Peanuts Lightly Salted,Nuts and Seeds,607,50,0,143,25,7.1,5.21,17.86,0,130,5.18,714,1 oz,28.4
Lean Grass Fed Beef Strip Steak,Meats,117,2.69,55,55,0,0,0,23.07,NULL,9,1.85,342,3 oz,85
Beef Carcass Separable Lean And Fat Choice Raw,Meats,291,24.05,74,59,0,0,NULL,17.32,NULL,8,1.83,267,1 oz,28.4
Beef Carcass Separable Lean And Fat Select Raw,Meats,278,22.55,74,59,0,0,NULL,17.48,NULL,8,1.85,271,1 oz,28.4
Beef Brisket Flat Half Separable Lean And Fat Trimmed To 1/8 Inch Fat Select Cooked Braised,Meats,280,17.37,107,49,0,0,0,28.97,0.3,17,2.4,237,3 oz,85
Beef Flank Steak Separable Lean And Fat Trimmed To 0 Inch Fat Choice Raw,Meats,165,8.29,68,54,0,0,0,21.22,0.1,27,1.55,330,1 oz,28.4
Beef Flank Steak Separable Lean And Fat Trimmed To 0 Inch Fat Choice Cooked Braised,Meats,263,16.44,72,70,0,0,0,26.98,NULL,6,3.33,337,3 oz,85
Beef Flank Steak Separable Lean And Fat Trimmed To 0 Inch Fat Choice Cooked Broiled,Meats,202,9.31,81,53,0,0,0,27.55,NULL,18,1.8,326,3 oz,85
Beef Rib Eye Small End (Ribs 10-12) Separable Lean And Fat Trimmed To 0 Inch Fat Choice Cooked Broiled,Meats,265,16.76,88,53,0,0,0,26.58,NULL,18,1.8,326,3 oz,85
Beef Rib Eye Small End (Ribs 10-12) Separable Lean Only Trimmed To 0 Inch Fat Choice Raw,Meats,161,8.3,59,63,0,0,NULL,20.13,NULL,10,2.18,373,1 oz,28.4
Beef Rib Eye Small End (Ribs 10-12) Separable Lean Only Trimmed To 0 Inch Fat Choice Cooked Broiled,Meats,205,9.01,90,60,0,0,0,28.88,NULL,16,1.98,363,3 oz,85
Beef Rib Shortribs Separable Lean And Fat Choice Raw,Meats,390,36.23,76,49,0.4,0,NULL,14.4,NULL,9,1.55,232,1 oz,28.4
Beef Brisket Flat Half Separable Lean And Fat Trimmed To 0 Inch Fat Choice Cooked Braised,Meats,221,9.24,92,52,0,0,0,32.21,NULL,17,2.75,254,3 oz,85
Beef Shank Crosscuts Separable Lean Only Trimmed To 1/4 Inch Fat Choice Raw,Meats,128,3.85,39,63,0,0,NULL,21.75,NULL,20,2.32,387,1 oz,28.4
Beef Shank Crosscuts Separable Lean Only Trimmed To 1/4 Inch Fat Choice Cooked Simmered,Meats,201,6.36,78,64,0,0,NULL,33.68,NULL,32,3.86,447,3 oz,85
Beef Short Loin Porterhouse Steak Separable Lean Only Trimmed To 1/8 Inch Fat Choice Raw,Meats,161,7.39,59,56,0,0,0,22.13,0.1,18,1.98,276,3 oz,85
Beef Chuck Under Blade Pot Roast Boneless Separable Lean Only Trimmed To 0 Inch Fat All Grades Cooked Braised,Meats,216,10.46,104,65,0,0,0,30.54,0.1,14,3.19,306,3 oz,85
Beef Chuck Under Blade Pot Roast Or Steak Boneless Separable Lean Only Trimmed To 0 Inch Fat All Grades Raw,Meats,140,6.07,66,81,0.31,0,0,21.13,0.1,12,2.34,369,3 oz,85
Beef Chuck Under Blade Pot Roast Or Steak Boneless Separable Lean Only Trimmed To 0 Inch Fat Choice Raw,Meats,145,6.51,65,80,0.39,0,0,21.19,0.1,12,2.27,361,3 oz,85
Beef Ground Patties Frozen Cooked Broiled,Meats,295,21.83,84,77,0,0,0,23.05,0.2,11,2.42,305,3 oz,85
Beef Variety Meats And By-Products Heart Cooked Simmered,Meats,165,4.73,212,59,0.15,0,0,28.48,0.1,5,6.38,219,3 oz,85
Beef Variety Meats And By-Products Kidneys Raw,Meats,99,3.09,411,182,0.29,0,0,17.4,1.1,13,4.6,262,1 oz,28.4
Beef Variety Meats And By-Products Kidneys Cooked Simmered,Meats,158,4.65,716,94,0,0,0,27.27,1.1,19,5.8,135,3 oz,85
Beef Variety Meats And By-Products Liver Raw,Meats,135,3.63,275,69,3.89,0,0,20.36,1.2,5,4.9,313,3 oz,85
Beef Variety Meats And By-Products Pancreas Raw,Meats,235,18.6,205,67,0,0,NULL,15.7,NULL,9,2.22,276,1 oz,28.4
Beef Variety Meats And By-Products Pancreas Cooked Braised,Meats,271,17.2,262,60,0,0,NULL,27.1,NULL,16,2.61,246,3 oz,85
Beef Variety Meats And By-Products Spleen Raw,Meats,105,3,263,85,0,0,NULL,18.3,NULL,9,44.55,429,1 oz,28.4
Beef Loin Top Loin Steak Boneless Lip Off Separable Lean Only Trimmed To 0 Inch Fat Choice Cooked Grilled,Meats,211,9.52,87,59,0,0,0,29.22,0.1,14,3.38,367,3 oz,85
Beef Loin Top Loin Steak Boneless Lip Off Separable Lean Only Trimmed To 0 Inch Fat Select Cooked Grilled,Meats,189,6.74,86,58,0,0,0,29.99,0.1,14,3.25,375,3 oz,85
Broiled Sirloin Strip Steak,Meats,212,9.67,88,61,0,0,0,29.33,0.2,22,1.89,368,3 oz,85
Beef Top Sirloin Steak Separable Lean And Fat Trimmed To 0 Inch Fat Choice Cooked Broiled,Meats,219,10.54,89,58,0,0,0,29.02,NULL,19,1.96,355,3 oz,85
Beef Short Loin Porterhouse Steak Separable Lean And Fat Trimmed To 0 Inch Fat All Grades Cooked Broiled,Meats,276,19.27,67,65,0,0,0,23.96,NULL,7,2.94,299,3 oz,85
Beef Short Loin Porterhouse Steak Separable Lean And Fat Trimmed To 0 Inch Fat USDA Choice Cooked Broiled,Meats,283,20.15,69,65,0,0,0,23.61,NULL,7,2.96,278,3 oz,85
Beef Short Loin Porterhouse Steak Separable Lean And Fat Trimmed To 0 Inch Fat USDA Select Cooked Broiled,Meats,267,17.98,64,65,0,0,0,24.47,NULL,7,2.91,330,3 oz ( 1serving ),85
Beef Short Loin Porterhouse Steak Separable Lean Only Trimmed To 1/8 Inch Fat All Grades Raw,Meats,155,6.6,58,51,0,0,0,22.32,0.1,18,2.07,274,3 oz,85
Beef Short Loin Porterhouse Steak Separable Lean Only Trimmed To 0 Inch Fat Select Cooked Broiled,Meats,194,8.81,84,69,0,0,0,26.89,NULL,6,3.24,367,3 oz,85
Beef Short Loin T-Bone Steak Separable Lean And Fat Trimmed To 0 Inch Fat All Grades Cooked Broiled,Meats,247,15.93,60,67,0,0,0,24.18,NULL,5,3.35,302,3 oz,85
Beef Short Loin T-Bone Steak Separable Lean And Fat Trimmed To 0 Inch Fat USDA Choice Cooked Broiled,Meats,258,17.26,61,67,0,0,0,24.05,NULL,5,3.33,300,3 oz,85
Beef Short Loin T-Bone Steak Separable Lean And Fat Trimmed To 0 Inch Fat USDA Select Cooked Broiled,Meats,230,14,59,68,0,0,0,24.38,NULL,5,3.38,305,3 oz,85
Beef Short Loin T-Bone Steak Bone-In Separable Lean Only Trimmed To 1/8 Inch Fat Select Cooked Grilled,Meats,206,9.35,83,66,0,0,0,28.45,0.1,18,3.65,304,3 oz,85
Beef Short Loin T-Bone Steak Separable Lean Only Trimmed To 0 Inch Fat Select Cooked Broiled,Meats,177,7.36,80,71,0,0,0,26,NULL,4,3.66,327,3 oz,85
Beef Brisket Flat Half Separable Lean Only Trimmed To 0 Inch Fat Select Cooked Braised,Meats,198,5.92,102,56,0,0,0,33.9,NULL,17,2.87,279,3 oz,85
Beef Round Tip Round Roast Separable Lean And Fat Trimmed To 0 Inch Fat All Grades Raw,Meats,151,7.01,62,55,0,0,0,20.48,NULL,19,1.69,318,3 oz,85
Beef Round Top Round Steak Boneless Separable Lean Only Trimmed To 0 Inch Fat Choice Cooked Grilled,Meats,166,4.11,85,78,0,0,0,30.24,0,18,3.27,429,3 oz,85
Beef Round Top Round Steak Boneless Separable Lean Only Trimmed To 0 Inch Fat Select Cooked Grilled,Meats,158,3.37,88,76,0,0,0,29.81,0,19,3.26,438,3 oz,85
Panfried Beef Hamburger,Meats,270,17.86,89,96,0,0,0,25.56,0,41,2.48,328,3 oz,85
Beef Ground 70% Lean Meat / 30% Fat Loaf Cooked Baked,Meats,241,15.37,88,73,0,0,0,23.87,0,33,2.27,241,3 oz,85
Beef Shoulder Top Blade Steak Boneless Separable Lean Only Trimmed To 0 Inch Fat Choice Cooked Grilled,Meats,202,9.83,93,85,0,0,0,28.28,0.1,14,3.23,389,3 oz,85
Beef Shoulder Top Blade Steak Boneless Separable Lean Only Trimmed To 0 Inch Fat Select Cooked Grilled,Meats,187,8.34,98,89,0,0,0,27.96,0.1,14,3.07,394,3 oz,85
Beef Shoulder Top Blade Steak Boneless Separable Lean Only Trimmed To 0 Inch Fat All Grades Raw,Meats,139,6.42,69,83,0,0,0,20.36,0.1,12,2.51,338,3 oz,85
Beef Shoulder Top Blade Steak Boneless Separable Lean Only Trimmed To 0 Inch Fat Choice Raw,Meats,143,6.88,68,82,0,0,0,20.35,0.1,12,2.52,340,3 oz,85
Beef Shoulder Top Blade Steak Boneless Separable Lean And Fat Trimmed To 0 Inch Fat All Grades Cooked Grilled,Meats,210,11.07,95,85,0,0,0,27.59,0.1,14,3.04,379,3 oz,85
Beef Shoulder Pot Roast Or Steak Boneless Separable Lean Only Trimmed To 0 Inch Fat All Grades Raw,Meats,123,4.09,65,73,0,0,0,21.64,0,12,2.64,399,3 oz,85
Beef Shoulder Pot Roast Or Steak Boneless Separable Lean Only Trimmed To 0 Inch Fat Choice Raw,Meats,125,4.35,64,74,0.11,0,0,21.45,0,12,2.69,408,3 oz,85
Beef Shoulder Pot Roast Or Steak Boneless Separable Lean Only Trimmed To 0 Inch Fat Select Raw,Meats,121,3.7,68,71,0,0,0,21.93,0,12,2.57,386,3 oz,85
Beef Composite Of Trimmed Retail Cuts Separable Lean And Fat Trimmed To 1/8 Inch Fat All Grades Raw,Meats,215,14.42,72,52,0,0,0,20.01,0.1,17,1.69,283,4 oz,114
Beef Composite Of Trimmed Retail Cuts Separable Lean And Fat Trimmed To 1/8 Inch Fat All Grades Cooked,Meats,259,16.59,87,50,0,0,0,26.11,0.2,13,2.2,271,3 oz,85
Beef Composite Of Trimmed Retail Cuts Separable Lean And Fat Trimmed To 1/8 Inch Fat Choice Raw,Meats,224,15.42,72,50,0,0,0,19.79,0.1,17,1.73,276,4 oz,114
Beef Composite Of Trimmed Retail Cuts Separable Lean And Fat Trimmed To 1/8 Inch Fat Choice Cooked,Meats,268,17.68,89,49,0,0,0,25.85,0.1,13,2.24,265,3 oz,85
Beef Composite Of Trimmed Retail Cuts Separable Lean And Fat Trimmed To 1/8 Inch Fat Select Raw,Meats,193,12.4,68,51,0,0,0,19.06,0,17,1.52,279,4 oz,114
Beef Brisket Flat Half Separable Lean And Fat Trimmed To 1/8 Inch Fat All Grades Cooked Braised,Meats,289,18.42,106,48,0,0,0,28.82,NULL,16,2.43,232,3 oz,85
Beef Brisket Point Half Separable Lean And Fat Trimmed To 1/8 Inch Fat All Grades Raw,Meats,267,20.98,71,72,0.59,0,0,17.65,NULL,6,1.69,264,1 oz,28.4
Beef Brisket Point Half Separable Lean And Fat Trimmed To 1/8 Inch Fat All Grades Cooked Braised,Meats,349,27.17,92,69,0,0,0,24.4,NULL,8,2.43,241,3 oz,85
Beef Chuck Arm Pot Roast Separable Lean And Fat Trimmed To 1/8 Inch Fat All Grades Raw,Meats,244,17.98,91,62,0,0,0,19.23,NULL,17,1.67,290,1 oz,28.4
Beef Chuck Arm Pot Roast Separable Lean And Fat Trimmed To 1/8 Inch Fat Select Cooked Braised,Meats,295,18.5,119,50,0,0,0,30.05,0.3,18,2.46,243,3 oz,85
Beef Chuck Blade Roast Separable Lean And Fat Trimmed To 1/8 Inch Fat All Grades Raw,Meats,248,19.41,71,68,0,0,0,17.16,NULL,10,2.04,271,1 oz,28.4
Beef Chuck Blade Roast Separable Lean And Fat Trimmed To 1/8 Inch Fat All Grades Cooked Braised,Meats,341,25.12,104,65,0,0,0,26.78,0.4,13,3.13,233,3 oz,85
Beef Chuck Blade Roast Separable Lean And Fat Trimmed To 1/8 Inch Fat Choice Raw,Meats,268,21.31,72,67,0.97,0,0,16.98,NULL,10,2.01,267,1 oz,28.4
Beef Chuck Eye Roast Boneless Americas Beef Roast Separable Lean Only Trimmed To 0 Inch Fat Choice Cooked Roasted,Meats,190,9.36,84,79,0,0,0,26.41,0.1,18,2.52,339,3 oz,85
Beef Chuck Eye Roast Boneless Americas Beef Roast Separable Lean Only Trimmed To 0 Inch Fat Select Cooked Roasted,Meats,172,7.12,81,81,0,0,0,27.02,0.1,20,2.42,351,3 oz,85
Beef Rib Whole (Ribs 6-12) Separable Lean And Fat Trimmed To 1/8 Inch Fat All Grades Raw,Meats,306,26.1,70,55,0,0,NULL,16.53,NULL,9,1.74,272,1 oz,28.4
Beef Rib Whole (Ribs 6-12) Separable Lean And Fat Trimmed To 1/8 Inch Fat All Grades Cooked Broiled,Meats,337,26.75,82,63,0,0,NULL,22.42,NULL,11,2.19,315,3 oz,85
Beef Rib Whole (Ribs 6-12) Separable Lean And Fat Trimmed To 1/8 Inch Fat All Grades Cooked Roasted,Meats,351,28.11,84,64,0,0,NULL,22.77,NULL,11,2.37,305,3 oz,85
Beef Rib Whole (Ribs 6-12) Separable Lean And Fat Trimmed To 1/8 Inch Fat Select Cooked Broiled,Meats,315,24.2,81,64,0,0,NULL,22.73,NULL,11,2.22,321,3 oz,85
Beef Rib Whole (Ribs 6-12) Separable Lean And Fat Trimmed To 1/8 Inch Fat Select Cooked Roasted,Meats,330,25.63,84,65,0,0,NULL,23.1,NULL,11,2.41,310,3 oz,85
Beef Rib Whole (Ribs 6-12) Separable Lean And Fat Trimmed To 1/8 Inch Fat Prime Raw,Meats,355,31.66,72,53,0,0,NULL,16.15,NULL,9,1.7,263,1 oz,28.4
Beef Rib Whole (Ribs 6-12) Separable Lean And Fat Trimmed To 1/8 Inch Fat Prime Cooked Broiled,Meats,386,32.38,85,62,0,0,NULL,21.95,NULL,11,2.13,310,3 oz,85
Beef Rib Large End (Ribs 6-9) Separable Lean And Fat Trimmed To 1/8 Inch Fat Choice Raw,Meats,333,29.34,72,54,0,0,NULL,16.03,NULL,8,1.68,254,1 oz,28.4
Beef Rib Large End (Ribs 6-9) Separable Lean And Fat Trimmed To 1/8 Inch Fat Choice Cooked Broiled,Meats,370,31.18,81,63,0,0,NULL,20.86,NULL,10,2.12,297,3 oz,85
Beef Rib Large End (Ribs 6-9) Separable Lean And Fat Trimmed To 1/8 Inch Fat Choice Cooked Roasted,Meats,378,31.28,85,63,0,0,NULL,22.5,NULL,10,2.3,286,3 oz,85
Beef Rib Large End (Ribs 6-9) Separable Lean And Fat Trimmed To 1/8 Inch Fat Select Raw,Meats,295,24.85,70,56,0,0,NULL,16.52,NULL,8,1.74,266,1 oz,28.4
Beef Rib Small End (Ribs 10-12) Separable Lean And Fat Trimmed To 1/8 Inch Fat All Grades Raw,Meats,254,19.06,81,49,0,0,0,19.33,NULL,23,1.39,295,1 oz,28.4
Beef Rib Small End (Ribs 10-12) Separable Lean And Fat Trimmed To 1/8 Inch Fat All Grades Cooked Broiled,Meats,291,20.04,97,53,0,0,0,25.85,0.3,19,1.66,323,3 oz,85
Prime Rib Steak,Meats,341,27.14,83,63,0,0,NULL,22.54,NULL,13,2.42,324,3 oz,85
Beef Rib Small End (Ribs 10-12) Separable Lean And Fat Trimmed To 1/8 Inch Fat Choice Raw,Meats,263,20.13,80,48,0,0,0,19.09,NULL,24,1.38,293,1 oz,28.4
Beef Rib Small End (Ribs 10-12) Separable Lean And Fat Trimmed To 1/8 Inch Fat Select Cooked Roasted,Meats,323,25.02,83,64,0,0,NULL,22.76,NULL,13,2.44,328,3 oz,85
Beef Rib Small End (Ribs 10-12) Separable Lean And Fat Trimmed To 1/8 Inch Fat Prime Raw,Meats,335,29.18,70,53,0.06,0,NULL,16.74,NULL,10,1.77,286,1 oz,28.4
Beef Rib Small End (Ribs 10-12) Separable Lean And Fat Trimmed To 1/8 Inch Fat Prime Cooked Broiled,Meats,354,27.86,83,63,0,0,NULL,24.13,NULL,13,2.23,332,3 oz,85
Beef Rib Small End (Ribs 10-12) Separable Lean And Fat Trimmed To 1/8 Inch Fat Prime Cooked Roasted,Meats,411,35.12,84,65,0,0,NULL,22.15,NULL,13,1.95,323,3 oz,85
Beef Round Full Cut Separable Lean And Fat Trimmed To 1/8 Inch Fat Select Raw,Meats,184,10.68,62,54,0,0,0,20.56,NULL,4,2,342,1 oz,28.4
Beef Round Full Cut Separable Lean And Fat Trimmed To 1/8 Inch Fat Select Cooked Broiled,Meats,218,11.08,79,62,0,0,0,27.58,NULL,6,2.56,395,3 oz,85
Beef Round Bottom Round Steak Separable Lean And Fat Trimmed To 1/8 Inch Fat All Grades Raw,Meats,192,11.54,73,56,0,0,0,20.7,NULL,20,1.74,327,1 oz,28.4
Beef Round Bottom Round Steak Separable Lean And Fat Trimmed To 1/8 Inch Fat All Grades Cooked Braised,Meats,247,11.87,100,43,0,0,0,32.76,0.2,8,2.67,266,3 oz,85
Beef Round Bottom Round Steak Separable Lean And Fat Trimmed To 1/8 Inch Fat Select Cooked Braised,Meats,240,11.19,98,43,0,0,0,32.67,NULL,8,2.64,269,3 oz,85
Beef Round Bottom Round Roast Separable Lean And Fat Trimmed To 1/8 Inch Fat Select Cooked Roasted,Meats,212,10.85,84,35,0,0,0,26.77,NULL,7,2.16,219,3 oz,85
Beef Round Eye Of Round Roast Separable Lean And Fat Trimmed To 1/8 Inch Fat All Grades Raw,Meats,166,8.24,68,58,0,0,0,21.49,NULL,20,1.81,340,1 oz,28.4
Beef Round Eye Of Round Roast Separable Lean And Fat Trimmed To 1/8 Inch Fat All Grades Cooked Roasted,Meats,208,9.65,84,37,0,0,0,28.31,0.2,7,2.29,227,3 oz,85
Beef Round Tip Round Separable Lean And Fat Trimmed To 1/8 Inch Fat All Grades Raw,Meats,189,11.67,65,58,0,0,NULL,19.6,NULL,5,2,329,1 oz,28.4
Beef Round Tip Round Roast Separable Lean And Fat Trimmed To 1/8 Inch Fat All Grades Cooked Roasted,Meats,219,11.34,82,63,0,0,0,27.45,0.2,6,2.81,367,3 oz,85
Beef Round Tip Round Separable Lean And Fat Trimmed To 1/8 Inch Fat Choice Raw,Meats,199,12.83,65,58,0,0,0,19.48,NULL,5,1.99,326,1 oz,28.4
Beef Round Tip Round Roast Separable Lean And Fat Trimmed To 1/8 Inch Fat Choice Cooked Roasted,Meats,228,12.34,82,63,0,0,0,27.27,0.2,6,2.79,365,3 oz,85
Beef Round Top Round Steak Separable Lean And Fat Trimmed To 1/8 Inch Fat All Grades Raw,Meats,166,7.93,69,60,0,0,0,22.06,NULL,21,1.85,349,1 oz,28.4
Beef Round Top Round Separable Lean And Fat Trimmed To 1/8 Inch Fat All Grades Cooked Braised,Meats,238,10.13,90,45,0,0,0,34.34,0.2,5,3.16,319,3 oz,85
London Broil,Meats,204,9,90,41,0,0,0,30.67,0.1,7,2.53,252,3 oz,85
Beef Round Top Round Steak Separable Lean And Fat Trimmed To 1/8 Inch Fat Choice Raw,Meats,168,8.19,69,57,0,0,0,21.94,NULL,17,1.97,341,1 oz,28.4
Beef Round Top Round Steak Separable Lean And Fat Trimmed To 1/8 Inch Fat Select Cooked Broiled,Meats,201,7.73,87,41,0,0,0,30.63,NULL,8,2.52,256,3 oz,85
Beef Round Top Round Separable Lean And Fat Trimmed To 1/8 Inch Fat Prime Raw,Meats,173,8.67,59,51,0,0,0,22.24,NULL,3,2.04,371,1 oz,28.4
Beef Round Top Round Steak Separable Lean And Fat Trimmed To 1/8 Inch Fat Prime Cooked Broiled,Meats,225,10.1,84,61,0,0,0,31.27,NULL,6,2.84,436,3 oz,85
Beef Shoulder Top Blade Steak Boneless Separable Lean And Fat Trimmed To 0 Inch Fat Select Raw,Meats,137,6.21,71,86,0,0,0,20.28,0.1,12,2.49,344,3 oz,85
Beef Short Loin T-Bone Steak Separable Lean And Fat Trimmed To 1/8 Inch Fat Choice Cooked Grilled,Meats,294,21.13,82,63,0,0,0,24.21,0.1,19,3.24,240,3 oz,85
Beef Short Loin Top Loin Steak Separable Lean And Fat Trimmed To 1/8 Inch Fat All Grades Raw,Meats,228,15.49,81,52,0,0,0,20.61,NULL,24,1.47,313,3 oz,85
Beef Loin Top Loin Separable Lean And Fat Trimmed To 1/8 Inch Fat All Grades Cooked Grilled,Meats,264,16.78,88,54,0,0,0,26.44,0.3,19,1.69,328,3 oz,85
Beef Loin Top Loin Separable Lean And Fat Trimmed To 1/8 Inch Fat Choice Raw,Meats,237,17.1,82,54,0,0,0,19.32,NULL,6,1.61,302,3 oz,85
Beef Short Loin Top Loin Separable Lean And Fat Trimmed To 1/8 Inch Fat Prime Cooked Broiled,Meats,310,22.12,79,64,0,0,0,25.92,NULL,9,2.26,354,3 oz,85
Beef Tenderloin Steak Separable Lean And Fat Trimmed To 1/8 Inch Fat All Grades Raw,Meats,247,18.16,85,50,0,0,0,19.61,NULL,23,1.42,302,3 oz,85
Beef Tenderloin Steak Separable Lean And Fat Trimmed To 1/8 Inch Fat All Grades Cooked Broiled,Meats,267,17.12,97,54,0,0,0,26.46,0.3,19,1.69,329,3 oz,85
Beef Tenderloin Roast Separable Lean And Fat Trimmed To 1/8 Inch Fat All Grades Cooked Roasted,Meats,324,24.6,85,57,0,0,0,23.9,NULL,9,3.11,331,3 oz,85
Beef Tenderloin Steak Separable Lean And Fat Trimmed To 1/8 Inch Fat Choice Raw,Meats,246,17.88,85,50,0,0,0,19.82,NULL,25,1.43,303,3 oz,85
Beef Tenderloin Roast Separable Lean And Fat Trimmed To 1/8 Inch Fat Select Cooked Roasted,Meats,316,23.7,85,57,0,0,0,23.9,NULL,9,3.11,331,3 oz,85
Beef Tenderloin Separable Lean And Fat Trimmed To 1/8 Inch Fat Prime Raw,Meats,274,21.83,70,49,0,0,0,18.15,NULL,7,2.35,304,1 oz,28.4
Beef Tenderloin Steak Separable Lean And Fat Trimmed To 1/8 Inch Fat Prime Cooked Broiled,Meats,308,22.21,86,59,0,0,0,25.26,NULL,8,3.15,368,3 oz,85
Beef Tenderloin Roast Separable Lean And Fat Trimmed To 1/8 Inch Fat Prime Cooked Roasted,Meats,343,26.67,88,55,0,0,0,24.04,0.4,8,3.12,336,3 oz,85
Beef Top Sirloin Steak Separable Lean And Fat Trimmed To 1/8 Inch Fat Choice Cooked Pan-Fried,Meats,313,21.06,98,71,0,0,0,28.77,0.3,12,3.42,406,3 oz,85
Beef Top Sirloin Steak Separable Lean And Fat Trimmed To 1/8 Inch Fat Select Raw,Meats,189,11.13,72,53,0,0,0,20.68,NULL,24,1.51,321,3 oz,85
Beef Top Sirloin Steak Separable Lean And Fat Trimmed To 1/8 Inch Fat Select Cooked Broiled,Meats,230,12.71,89,57,0,0,0,27.12,NULL,22,1.66,345,3 oz,85
Beef Chuck Clod Roast Separable Lean Only Trimmed To 0 Inch Fat Choice Cooked Roasted,Meats,171,6.69,87,74,0,0,0,25.95,0.1,7,3.2,386,3 oz,85
Beef Flank Steak Separable Lean And Fat Trimmed To 0 Inch Fat Select Cooked Broiled,Meats,183,7.15,78,58,0,0,0,27.78,NULL,22,1.68,351,3 oz,85
Beef Brisket Flat Half Separable Lean And Fat Trimmed To 0 Inch Fat Select Cooked Braised,Meats,205,6.77,93,57,0,0,0,33.59,NULL,20,2.78,275,3 oz,85
Beef Rib Eye Small End (Ribs 10-12) Separable Lean And Fat Trimmed To 0 Inch Fat Select Cooked Broiled,Meats,234,12.71,92,59,0,0,0,27.95,NULL,22,1.7,355,3 oz,85
Beef Rib Eye Small End (Ribs 10-12) Separable Lean And Fat Trimmed To 0 Inch Fat All Grades Cooked Broiled,Meats,249,14.74,89,56,0,0,0,27.27,NULL,20,1.75,340,3 oz,85
Beef Bottom Sirloin Tri-Tip Roast Separable Lean And Fat Trimmed To 0 Inch Fat All Grades Cooked Roasted,Meats,211,11.07,83,53,0,0,0,26.05,NULL,19,1.66,323,1 roast (yield from 690g raw meat),569
Beef Bottom Sirloin Tri-Tip Roast Separable Lean And Fat Trimmed To 0 Inch Fat Select Raw,Meats,157,7.68,65,53,0,0,0,20.64,NULL,24,1.51,321,3 oz,85
Beef Round Top Round Steak Boneless Separable Lean And Fat Trimmed To 0 Inch Fat All Grades Cooked Grilled,Meats,167,4.28,86,75,0,0,0,29.96,0,18,3.24,433,3 oz,85
Beef Chuck Mock Tender Steak Separable Lean Only Trimmed To 0 Inch Fat Choice Cooked Broiled,Meats,161,5.69,94,73,0,0,0,25.74,NULL,8,3.02,293,3 oz (1 serving),85
Beef Chuck Mock Tender Steak Separable Lean Only Trimmed To 0 Inch Fat Select Cooked Broiled,Meats,157,5.02,99,68,0,0,0,26.13,NULL,7,2.8,293,3 oz,85
Beef Flank Steak Separable Lean And Fat Trimmed To 0 Inch Fat All Grades Raw,Meats,155,7.17,65,54,0,0,0,21.22,NULL,25,1.55,328,3 oz,85
Beef Flank Steak Separable Lean And Fat Trimmed To 0 Inch Fat Select Raw,Meats,145,6.06,62,54,0,0,0,21.22,NULL,24,1.54,326,3 oz,85
Beef Chuck Eye Roast Boneless Americas Beef Roast Separable Lean Only Trimmed To 0 Inch Fat All Grades Raw,Meats,137,6.01,69,85,0,0,0,20.61,0.1,18,2.18,357,3 oz,85
Beef Chuck Eye Roast Boneless Americas Beef Roast Separable Lean Only Trimmed To 0 Inch Fat Choice Raw,Meats,139,6.21,67,85,0,0,0,20.67,0.1,17,2.18,332,3 oz,85
Beef Chuck Short Ribs Boneless Separable Lean Only Trimmed To 0 Inch Fat Choice Cooked Braised,Meats,250,14.95,102,75,0,0,0,28.84,0.2,14,3.19,264,3 oz,85
Beef Chuck Short Ribs Boneless Separable Lean Only Trimmed To 0 Inch Fat Select Cooked Braised,Meats,224,12.08,108,75,0,0,0,28.79,0.1,14,3.21,308,3 oz,85
Beef Chuck Short Ribs Boneless Separable Lean Only Trimmed To 0 Inch Fat All Grades Cooked Braised,Meats,240,13.8,105,75,0,0,0,28.82,0.1,14,3.2,276,3 oz,85
Beef Brisket Flat Half Boneless Separable Lean And Fat Trimmed To 0 Inch Fat Select Raw,Meats,158,8.45,69,82,0,0,0,20.57,0.1,12,2.02,336,3 oz,85
Beef Loin Bottom Sirloin Butt Tri-Tip Roast Separable Lean Only Trimmed To 0 Inch Fat All Grades Cooked Roasted,Meats,182,8.34,78,55,0,0,0,26.75,NULL,17,1.69,340,1 serving,85
Budweiser Light Beer,Beverages,29,0,0,3,1.3,0,NULL,0.25,NULL,3,0,26,1 fl oz,29.5
Daiquiri,Beverages,125,0,0,40,15.7,0,NULL,0,NULL,0,0.01,11,1 fl oz,30.5
Alcoholic Beverage Daiquiri Prepared-From-Recipe,Beverages,186,0.06,0,5,6.94,0.1,5.58,0.06,NULL,3,0.09,21,1 fl oz,30.2
Alcoholic Beverage Beer Light Low Carb,Beverages,27,0,0,3,0.73,0,0,0.17,0,4,0,17,1 fl oz,29.5
Milk Chocolate Coated Raisins,Sweets,390,14.8,3,36,68.4,3.1,62.22,4.1,0,86,1.71,514,,NULL
Syrups Table Blends Pancake Reduced-Calorie,Sweets,165,0,0,178,44.55,0,32.8,0,0,10,0.03,3,1 serving 1/4 cup,73
Syrups Table Blends Pancake,Sweets,234,0,0,82,61.47,0,21.47,0,0,3,0.03,15,1 cup,314
Hersheys Pot Of Gold Almond Bar,Sweets,577,38.46,13,64,44.89,3.8,38.46,12.82,NULL,192,1.85,NULL,1 bar 2.8 oz,78
Truffles Prepared-From-Recipe,Sweets,510,33.76,53,68,44.88,2.5,38.31,6.21,NULL,157,1.75,297,1 piece,12
Baking Chocolate Mars Snackfood Us M&Ms Semisweet Chocolate Mini Baking Bits,Sweets,517,26.15,3,2,65.96,6.7,53.07,4.44,NULL,34,2.91,NULL,1 serving 0.5 oz about 1 tbsp,14
Mars Snackfood Us M&Ms Peanut Chocolate,Sweets,515,26.13,8,50,60.48,3.7,50.75,9.57,0,102,1.16,347,1 serving 1 singles bag,54
Mars Snackfood Us M&Ms Milk Chocolate,Sweets,492,21.13,14,61,71.19,2.8,63.68,4.33,0,105,1.11,261,1 package (1.69 oz),48
Baking Chocolate Mars Snackfood Us M&Ms Milk Chocolate Mini Baking Bits,Sweets,502,23.36,15,68,68.4,2.7,62.54,4.78,NULL,116,1.23,NULL,1 serving 0.5 oz about 1 tbsp,14
Peanut Bar,Sweets,522,33.7,0,156,47.4,4.1,42.22,15.5,0,78,0.97,407,1 oz,28.4
Peanut Brittle Prepared-From-Recipe,Sweets,486,18.98,12,445,71.24,2.5,51.33,7.57,0,27,1.22,168,1 oz,28.4
Nestle Raisinets Chocolate Covered Raisins,Sweets,422,17,11,33,71,2.2,59,4.4,NULL,85,1.2,NULL,1 serving 1.58 oz bag,45
Sesame Crunch,Sweets,516,33.3,0,167,50.3,7.7,31.17,11.6,0,639,4.27,307,1 oz,28.4
Mars Snackfood Us Snickers Bar,Sweets,491,23.85,13,239,61.51,2.3,50.47,7.53,0,93,0.72,323,1 bar (2 oz),57
Mars Snackfood Us Starburst Fruit Chews Original Fruits,Sweets,408,8.21,0,2,82.57,0,58.12,0.41,0,0,0.01,2,1 serving fun size (8 chews),40
Mars Snackfood Us M&Ms Minis Milk Chocolate,Sweets,502,23.36,15,68,68.4,2.7,62.54,4.78,NULL,116,1.23,NULL,1 serving 1.0 oz tube,30
Special Dark Chocolate Bar,Sweets,556,32.4,5,6,60.49,6.5,47.56,5.54,NULL,30,2.13,502,1 bar 1.45 oz,41
Cocoa Powder,Sweets,228,13.7,0,21,57.9,37,1.75,19.6,0,128,13.86,1524,1 cup,86
Cocoa Powder With Alkali,Sweets,220,13.1,0,19,58.3,29.8,1.76,18.1,0,111,15.52,2509,1 cup,86
Desserts Egg Custard Baked Prepared-From-Recipe,Sweets,104,4.58,84,61,11,0,11,5.02,NULL,107,0.35,148,1/2 cup,141
Gelatin Desserts Dry Mix Prepared With Water,Sweets,60,0,0,75,14.19,0,13.49,1.22,0,3,0.02,1,1/2 cup,135
Gelatin Desserts Dry Mix Reduced Calorie With Aspartame,Sweets,198,0,0,862,80.21,0.1,0,15.67,0,8,0.06,14,1 serving,6.4
Gelatin Desserts Dry Mix Reduced Calorie With Aspartame Prepared With Water,Sweets,20,0,0,48,4.22,0,0,0.83,0,3,0.01,1,1/2 cup,117
Gelatin,Sweets,335,0.1,0,196,0,0,0,85.6,0,55,1.11,16,1 envelope (1 tbsp),7
Puddings Chocolate Dry Mix Instant Prepared With Whole Milk,Sweets,111,3.1,11,284,18.8,1,NULL,3.1,NULL,102,0.29,166,1/2 cup,147
Desserts Apple Crisp Prepared-From-Recipe,Sweets,161,3.43,0,351,30.84,1.4,19.68,1.75,NULL,35,0.82,78,1/2 cup,141
Flan Caramel Custard Dry Mix,Sweets,348,0,0,432,91.6,0,NULL,0,NULL,24,0.08,153,1 package (3 oz),85
Puddings Chocolate Dry Mix Regular,Sweets,362,2.1,0,479,89.3,4.5,42.88,2.6,0,53,1.82,209,1 package (3.5 oz),99
Puddings Chocolate Dry Mix Regular Prepared With Whole Milk,Sweets,120,3.15,9,98,19.64,0.8,11.96,3.16,1.1,106,0.34,150,1/2 cup,142
Puddings Rice Dry Mix Prepared With Whole Milk,Sweets,121,2.82,11,108,20.68,0.1,NULL,3.25,0.8,103,0.37,128,1/2 cup,128
Puddings Tapioca Dry Mix,Sweets,369,0.1,0,477,94.3,0.2,65,0.1,0,4,0.12,5,1 package (3.5 oz),92
Puddings Tapioca Dry Mix Prepared With Whole Milk,Sweets,115,2.89,12,120,19.43,0,NULL,2.84,0.9,103,0.06,131,1/2 cup,128
Puddings Vanilla Ready-To-Eat,Sweets,130,3.78,1,172,22.6,0,16.97,1.45,0,49,0.09,65,1 oz,28.4
Puddings Vanilla Dry Mix Regular,Sweets,379,0.4,0,613,93.5,0.6,79.34,0.3,0,5,0.08,20,1 package (3.12 oz),88
Puddings Vanilla Dry Mix Regular Prepared With Whole Milk,Sweets,113,2.9,9,156,18.92,0.1,17.09,2.8,1.1,99,0.04,119,1/2 cup,140
Puddings Rice Dry Mix Prepared With 2% Milk,Sweets,111,1.63,6,109,20.81,0.1,NULL,3.29,0.8,105,0.37,130,1/2 cup,128
Puddings Tapioca Dry Mix Prepared With 2% Milk,Sweets,105,1.67,6,121,19.56,0,NULL,2.88,0.9,105,0.06,133,1/2 cup,128
Frozen Novelties Ice Type Fruit No Sugar Added,Sweets,24,0.1,0,5,6.2,0,NULL,0.5,NULL,2,0.13,26,1 bar,51
Puddings Tapioca Ready-To-Eat,Sweets,130,3.88,1,145,21.69,0,14.91,1.95,0,71,0.11,92,1 oz,28.4
Puddings Coconut Cream Dry Mix Regular Prepared With 2% Milk,Sweets,104,2.5,7,163,17.8,0.2,NULL,3.1,NULL,113,0.2,159,1/2 cup,140
Desserts Rennin Chocolate Dry Mix,Sweets,363,3.3,0,187,91.5,5.1,NULL,2.4,NULL,166,2.55,430,1 tbsp,9
Rennin Chocolate Dry Mix Prepared With Whole Milk,Sweets,96,3.34,12,51,13.34,0.5,NULL,3.2,0.9,124,0.3,179,,NULL
Frostings Coconut-Nut Ready-To-Eat,Sweets,433,24,0,160,52.7,2.5,40,1.5,0,13,0.54,186,1/12 package,38
Frostings Cream Cheese-Flavor Ready-To-Eat,Sweets,415,17.3,0,191,67.32,0,63.54,0.1,NULL,3,0.16,35,2 tbsp creamy,33
Frostings Vanilla Creamy Ready-To-Eat,Sweets,418,16.23,0,184,67.89,0,63.1,0,0,3,0.16,34,1/12 package,38
Flan Caramel Custard Dry Mix Prepared With 2% Milk,Sweets,103,1.72,7,113,18.82,0,NULL,2.99,0.9,113,0.06,163,,NULL
Hersheys Milk Chocolate With Almond Bites,Sweets,568,35.73,19,74,51.72,3.6,44.59,9.76,NULL,NULL,1.5,471,17 pieces,39
Reeses Bites,Sweets,521,29.85,7,179,55.18,3.1,48.03,11.34,NULL,112,0.85,382,16 pieces,39
Reeses Nutrageous Candy Bar,Sweets,517,32.09,3,141,52.8,3.9,40.22,11.28,NULL,68,1.23,364,1 bar 1.92 oz,54
Frostings Chocolate Creamy Dry Mix,Sweets,389,5.2,0,76,92,2.4,NULL,1.3,NULL,11,1.19,180,1 package,388
Frostings White Fluffy Dry Mix Prepared With Water,Sweets,244,0,0,156,62.6,0,NULL,1.5,NULL,4,0.06,77,1 package yields,315
Hersheys Almond Joy Bites,Sweets,563,34.5,11,39,57.54,4.3,51.71,5.58,NULL,109,1.33,306,18 pieces,40
Hershey Reesesticks Crispy Wafers Peanut Butter Milk Chocolate,Sweets,521,31.34,6,264,55.38,3.3,40.33,9.53,0,70,1.3,295,1 serving 1.5 oz,42
Hershey Kit Kat Big Kat Bar,Sweets,520,27.84,9,64,63.64,1.9,53.96,6.24,NULL,138,0.84,294,1 bar 1.94 oz,55
Reeses Fast Break Milk Chocolate Peanut Butter And Soft Nougats,Sweets,474,23.42,4,330,61.6,2.9,53.08,8.66,NULL,61,0.96,284,2 oz bar,56
Ice Creams Vanilla Light No Sugar Added,Sweets,169,7.45,27,96,21.42,0,6.46,3.97,0.1,136,0.19,196,1 serving 1/2 cup,68
Frozen Novelties Fruit And Juice Bars,Sweets,87,0.1,0,4,20.2,1,17.48,1.2,0,5,0.19,53,1 bar (2.5 fl oz),77
Ice Creams Chocolate Light No Sugar Added,Sweets,173,5.74,16,75,26.79,0.9,5.65,3.54,0.1,121,0.48,196,1 serving 1/2 cup,72
Dark Chocolate Coated Coffee Beans,Sweets,540,30,13,25,59.95,7.5,42.5,7.5,NULL,100,2.7,342,1 serving 28 pieces,40
Snacks Sunkist Sunkist Fruit Roll Strawberry With Vitamins A C And E,Snacks,342,1,NULL,111,82.7,7.7,NULL,0.6,NULL,NULL,NULL,NULL,1 roll,21
Snacks Fruit Leather Pieces With Vitamin C,Snacks,373,3.5,0,317,85.2,3.5,NULL,0.1,NULL,18,0.75,164,1 serving,21
Milk Chocolate Coated Coffee Beans,Sweets,549,33.18,20,70,55.25,5.7,50.75,7.41,0,169,2.29,413,1 oz,28.4
Frozen Novelties Ice Type Lime,Sweets,128,0,0,22,32.6,0,32.6,0.4,0,2,0.16,3,1/2 cup (4 fl oz),99
Mars Snackfood Us Snickers Munch Bar,Sweets,536,36.22,24,358,43.64,4.7,30.87,15.25,NULL,54,1.02,NULL,1 serving 1.42 oz bar,40
Honey,Sweets,304,0,0,4,82.4,0.2,82.12,0.3,0,6,0.42,52,1 cup,339
Jams And Preserves,Sweets,278,0.07,0,32,68.86,1.1,48.5,0.37,0,20,0.49,77,1 tbsp,20
Jellies,Sweets,266,0.02,0,30,69.95,1,51.22,0.15,0,7,0.19,54,1 serving 1 tbsp,21
Mars Snackfood Us Popables Snickers Brand Bite Size,Sweets,480,24.32,13,224,61.07,2.3,51.69,7.15,NULL,96,0.72,NULL,1 serving 13 pieces,39
Mars Snackfood Us Popables Milky Way Brand Bite Size,Sweets,463,18,11,146,71.85,1,61.08,3.3,NULL,91,0.5,NULL,1 serving 13 pieces,39
Mars Snackfood Us Popables 3 Musketeers Brand Bite Size,Sweets,443,15.17,7,172,75.94,1.3,67,2.59,NULL,60,0.58,NULL,1 serving 15 pieces,41
Mars Snackfood Us Starburst Fruit Chews Fruit And Creme,Sweets,408,8.36,0,2,82.43,0,57.98,0.41,NULL,0,0.01,NULL,1 serving fun size (8 chews),40
Mars Snackfood Us Starburst Sour Fruit Chews,Sweets,400,7.78,0,89,79.73,0,56.1,0.39,NULL,0,0.01,NULL,1 serving 2.07 oz pack,59
Puddings Banana Dry Mix Instant,Sweets,367,0.6,0,1499,92.7,0,76.57,0,NULL,6,0.12,15,1 package (3.5 oz),99
Puddings Banana Dry Mix Instant Prepared With Whole Milk,Sweets,115,2.8,9,290,19.76,0,17.38,2.62,1.1,94,0.05,112,1/2 cup,127
Puddings Banana Dry Mix Regular,Sweets,366,0.4,0,788,93,0.3,74.32,0,NULL,20,0.05,17,1 package (3.12 oz),88
Mars Snackfood Us Cocoavia Chocolate Bar,Sweets,539,29.3,0,7,62.99,8.7,39.19,5.81,NULL,1164,3.47,NULL,1 serving 0.78 oz bar,22
Mars Snackfood Us Cocoavia Blueberry And Almond Chocolate Bar,Sweets,525,28.68,0,8,60.37,9.1,38.99,6.35,NULL,985,3.18,NULL,1 serving 0.78 oz bar,22
Mars Snackfood Us Cocoavia Crispy Chocolate Bar,Sweets,517,26.23,0,40,62.06,7.8,34.96,8.21,NULL,1070,3.45,NULL,1 serving 0.7 oz bar,20
Puddings Lemon Dry Mix Instant,Sweets,378,0.7,0,1332,95.4,0,NULL,0,NULL,2,0.08,8,1 package (3.5 oz),99
Sugar,Sweets,387,0,0,1,99.98,0,99.8,0,0,1,0.05,2,1 serving packet,2.8
Sugars Powdered,Sweets,389,0,0,2,99.77,0,97.81,0,0,1,0.06,2,1 cup unsifted,120
Sweeteners Tabletop Aspartame Equal Packets,Sweets,365,0,0,0,89.08,0,80.7,2.17,0,0,0.04,4,1 tsp,3.5
Sugars Maple,Sweets,354,0.2,0,11,90.9,0,84.87,0.1,0,90,1.61,274,1 tsp,3
Syrups Corn High-Fructose,Sweets,281,0,0,2,76,0,75.65,0,0,0,0.03,0,1 cup,310
Syrups Malt,Sweets,318,0,0,35,71.3,0,71.3,6.2,NULL,61,0.96,320,1 cup,332
Syrups Maple,Sweets,260,0.06,0,12,67.04,0,60.46,0.04,0,102,0.11,212,1 tbsp,20
Syrups Sorghum,Sweets,290,0,0,8,74.9,0,74.9,0,0,150,3.8,1000,1 cup,330
Mars Snackfood Us Snickers Cruncher,Sweets,488,24.38,9,189,62.85,1.9,46.54,6.86,NULL,90,0.68,NULL,1 serving 1.66 oz bar,47
Toppings Marshmallow Cream,Sweets,322,0.3,0,80,79,0.1,46.8,0.8,0,3,0.22,5,1 oz,28.4
Toppings Pineapple,Sweets,253,0.1,0,42,66.4,0.4,21.01,0.1,0,6,0.12,43,1 cup,340
Toppings Nuts In Syrup,Sweets,448,22,0,42,58.08,2.3,36.72,4.5,0,35,1.05,151,1 cup,328
Mars Snackfood Us Skittles Tropical Bite Size,Sweets,405,4.34,0,15,90.77,0,75.76,0.19,NULL,0,0,NULL,1 serving 2.1 oz bag,62
Frostings Glaze Prepared-From-Recipe,Sweets,341,0.53,1,6,83.65,0,80.44,0.44,NULL,17,0.03,30,1 recipe yield,327
Fudge Chocolate Marshmallow Prepared-From-Recipe,Sweets,453,17.48,25,85,71.34,1.7,64.06,2.26,NULL,45,0.96,147,1 piece,20
Taffy Prepared-From-Recipe,Sweets,397,3.33,9,52,91.56,0,68.48,0.03,NULL,8,0.01,3,1 piece,15
Toffee Prepared-From-Recipe,Sweets,560,32.75,104,135,64.72,0,63.47,1.07,NULL,34,0.03,51,1 piece,12
Snacks Cornnuts Barbecue-Flavor,Snacks,436,14.3,0,600,71.7,8.4,NULL,9,NULL,17,1.7,286,1 oz,28.4
Snacks Crisped Rice Bar Almond,Snacks,458,20.4,0,234,64.6,3.6,NULL,7,NULL,74,6.35,229,1 bar (1 oz),28
Snacks Granola Bars Soft Uncoated Chocolate Chip,Snacks,418,16.57,0,291,70.2,3.8,28.92,5.65,0,41,2.19,237,1 bar (1.5 oz),43
Snacks Granola Bars Soft Uncoated Chocolate Chip Graham And Marshmallow,Snacks,427,15.5,0,316,70.8,4,NULL,6.1,NULL,89,2.57,275,1 bar (1 oz),28
Snacks Granola Bars Soft Uncoated Nut And Raisin,Snacks,454,20.4,0,254,63.6,5.6,NULL,8,NULL,84,2.18,392,1 bar (1 oz),28
Snacks Potato Chips Plain Salted,Snacks,532,33.98,0,527,53.83,3.1,0.33,6.39,0,21,1.28,1196,1 oz,28
Snacks Potato Chips Made From Dried Potatoes Cheese-Flavor,Snacks,551,37,4,600,50.6,3.4,NULL,7,NULL,110,1.6,381,1 oz,28.4
Snacks Rice Cakes Brown Rice Corn,Snacks,385,3.2,0,167,81.2,2.9,NULL,8.4,NULL,9,1.17,275,1 cake,9
Snacks Rice Cakes Brown Rice Multigrain,Snacks,387,3.5,0,252,80.1,3,NULL,8.5,NULL,21,1.96,294,1 cake,9
Snacks Granola Bars Hard Peanut Butter,Snacks,483,23.8,0,283,62.3,2.9,NULL,9.8,NULL,41,2.4,291,1 oz,28.4
Snacks Potato Chips Cheese-Flavor,Snacks,496,27.2,4,458,57.7,5.2,NULL,8.5,NULL,72,1.84,1528,1 oz,28.4
Snacks Potato Chips Reduced Fat,Snacks,471,20.8,0,571,66.9,5.9,0.22,7.1,0,21,1.35,1744,1 oz,28.4
Snacks Potato Chips Fat-Free Made With Olestra,Snacks,274,0.7,0,554,65,6.8,0,7.74,0,35,2.4,1160,1 oz,28.4
Popcorn Sugar Syrup/caramel Fat-Free,Snacks,381,1.4,0,286,90.06,2.5,64.68,2,0,18,0.8,110,1 oz,28.4
Snacks Potato Chips Fat Free Salted,Snacks,379,0.6,0,643,83.76,7.5,3.69,9.64,0,35,3.57,1628,1 oz,28.4
Snacks Kellogg Kelloggs Rice Krispies Treats Squares,Snacks,417,9,0,351,80.5,0,19.36,3.4,0,3,2.2,39,1 serving,22
Snacks Kellogg Kelloggs Low Fat Granola Bar Crunchy Almond/brown Sugar,Snacks,390,7.4,0,291,78,6.2,NULL,8,NULL,35,8.6,249,1 bar,37
Snacks M&m Mars Kudos Whole Grain Bar Chocolate Chip,Snacks,420,13.02,0,246,72.31,2.6,38.78,4.47,NULL,1084,1.4,279,1 bar,28
Semisweet Chocolate Made With Butter,Sweets,477,29.7,18,11,63.4,5.9,NULL,4.2,NULL,32,3.13,365,1 cup chips (6 oz package),170
Gelatin Desserts Dry Mix With Added Ascorbic Acid Sodium-Citrate And Salt,Sweets,381,0,0,491,90.5,0,NULL,7.8,NULL,3,0.15,7,1 package (3 oz),85
Gelatin Desserts Dry Mix Reduced Calorie With Aspartame Added Phosphorus Potassium Sodium Vitamin C,Sweets,345,0,0,2751,33.3,0,NULL,55.3,NULL,2,0.02,1985,1 tbsp,9
Gelatin Desserts Dry Mix Reduced Calorie With Aspartame No Added Sodium,Sweets,345,0,0,158,33.3,0,NULL,55.3,NULL,2,0.02,14,1 tbsp,9
Corn Flour Masa Enriched White,Grains and Pasta,363,3.69,0,5,76.59,6.4,1.61,8.46,0,138,8.5,262,1 cup,114
Corn Flour Yellow Degermed Unenriched,Grains and Pasta,375,1.39,0,1,82.75,1.9,0.64,5.59,0,2,0.91,90,1 cup,126
Corn Flour Masa Unenriched White,Grains and Pasta,363,3.69,0,5,76.59,6.4,1.61,8.46,0,138,1.47,262,1 cup,114
Uncooked Yellow Cornmeal,Grains and Pasta,362,3.59,0,35,76.89,7.3,0.64,8.12,0,6,3.45,287,1 cup,122
Cornstarch,Grains and Pasta,381,0.05,0,9,91.27,0.9,0,0.26,0,2,0.47,3,1 cup,128
Couscous Dry,Grains and Pasta,376,0.64,0,10,77.43,5,NULL,12.76,0,24,1.08,166,1 cup,173
Cooked Couscous,Grains and Pasta,112,0.16,0,5,23.22,1.4,0.1,3.79,0,8,0.38,58,1 cup cooked,157
Canned Hominy,Grains and Pasta,72,0.88,0,267,14.26,2.5,1.51,1.48,0,10,0.62,9,1 cup,165
Millet Raw,Grains and Pasta,378,4.22,0,5,72.85,8.5,NULL,11.02,0,8,3.01,195,1 cup,200
Rice Brown Long-Grain Raw,Grains and Pasta,367,3.2,0,5,76.25,3.6,0.66,7.54,0,9,1.29,250,1 cup,185
Brown Rice,Grains and Pasta,123,0.97,0,4,25.58,1.6,0.24,2.74,0,3,0.56,86,1 cup,202
Uncooked Oats,Grains and Pasta,389,6.9,0,2,66.27,10.6,NULL,16.89,0,54,4.72,429,1 cup,156
Rice Brown Medium-Grain Raw,Grains and Pasta,362,2.68,0,4,76.17,3.4,NULL,7.5,0,33,1.8,268,1 cup,190
Rice White Long-Grain Parboiled Enriched Dry,Grains and Pasta,374,1.03,0,2,80.89,1.8,0.33,7.51,0,71,3.33,174,1 cup,185
Rice White Long-Grain Parboiled Enriched Cooked,Grains and Pasta,123,0.37,0,2,26.05,0.9,0.11,2.91,0,19,1.81,56,1 cup,158
Rice White Long-Grain Precooked Or Instant Enriched Dry,Grains and Pasta,380,0.94,0,10,82.32,1.9,0.05,7.82,0,22,6.3,27,1 cup,95
Rice White Long-Grain Precooked Or Instant Enriched Prepared,Grains and Pasta,124,0.5,0,4,26.76,0.6,0,2.18,0,8,1.77,9,1 cup,165
Rice White Glutinous Unenriched Cooked,Grains and Pasta,97,0.19,0,5,21.09,1,0.05,2.02,0,2,0.14,10,1 cup,174
Rice White Steamed Chinese Restaurant,Grains and Pasta,151,0.27,NULL,5,33.88,0.9,NULL,3.2,NULL,5,0.39,20,1 cup loosely packed,132
Rice Bran,Grains and Pasta,316,20.85,0,5,49.69,21,0.9,13.35,0,57,18.54,1485,1 cup,118
Rice Flour White Unenriched,Grains and Pasta,366,1.42,0,0,80.13,2.4,0.12,5.95,0,10,0.35,76,1 cup,158
Semolina Enriched,Grains and Pasta,360,1.05,0,1,72.83,3.9,NULL,12.68,0,17,4.36,186,1 cup,167
Sorghum Grain,Grains and Pasta,329,3.46,0,2,72.09,6.7,2.53,10.62,0,13,3.36,363,1 cup,192
Tapioca Pearl Dry,Grains and Pasta,358,0.02,0,1,88.69,0.9,3.35,0.19,0,20,1.58,11,1 cup,152
Triticale,Grains and Pasta,336,2.09,0,5,72.13,NULL,NULL,13.05,0,37,2.57,332,1 cup,192
Wheat Hard White,Grains and Pasta,342,1.71,0,2,75.9,12.2,0.41,11.31,0,32,4.56,432,1 cup,192
Wheat Soft White,Grains and Pasta,340,1.99,0,2,75.36,12.7,0.41,10.69,0,34,5.37,435,1 cup,168
Wheat Durum,Grains and Pasta,339,2.47,0,2,71.13,NULL,NULL,13.68,0,34,3.52,431,1 cup,192
Wheat Bran Crude,Grains and Pasta,216,4.25,0,2,64.51,42.8,0.41,15.55,0,73,10.57,1182,1 cup,58
Wheat Flour White Cake Enriched,Grains and Pasta,362,0.86,0,2,78.03,1.7,0.31,8.2,0,14,7.32,105,1 cup unsifted dipped,137
Wheat Flour White Tortilla Mix Enriched,Grains and Pasta,405,10.63,0,677,67.14,NULL,NULL,9.66,0,205,7.05,100,1 cup,111
Wheat Sprouted,Grains and Pasta,198,1.27,0,16,42.53,1.1,NULL,7.49,0,28,2.14,169,1 cup,108
Wild Rice Raw,Grains and Pasta,357,1.08,0,7,74.9,6.2,2.5,14.73,0,21,1.96,427,1 cup,160
Pasta Fresh-Refrigerated Plain As Purchased,Grains and Pasta,288,2.3,73,26,54.73,NULL,NULL,11.31,NULL,15,3.35,179,4  (1/2) oz,128
Pasta Fresh-Refrigerated Plain Cooked,Grains and Pasta,131,1.05,33,6,24.93,NULL,NULL,5.15,NULL,6,1.14,24,2 oz,128
Pasta Fresh-Refrigerated Spinach As Purchased,Grains and Pasta,289,2.1,73,27,55.72,NULL,NULL,11.26,NULL,43,3.3,272,4  (1/2) oz,128
Pasta Fresh-Refrigerated Spinach Cooked,Grains and Pasta,130,0.94,33,6,25.04,NULL,NULL,5.06,NULL,18,1.11,37,2 oz,57
Noodles Egg Dry Enriched,Grains and Pasta,384,4.44,84,21,71.27,3.3,1.88,14.16,0.3,35,4.01,244,1 cup,38
Egg Noodles (Cooked),Grains and Pasta,138,2.07,29,5,25.16,1.2,0.4,4.54,0.1,12,1.47,38,1 cup,160
Noodles Egg Spinach Enriched Dry,Grains and Pasta,382,4.55,95,72,70.32,6.8,NULL,14.61,NULL,56,4.2,355,1 cup,38
Spinach Egg Noodles (Cooked),Grains and Pasta,132,1.57,33,12,24.25,2.3,0.71,5.04,0.1,19,1.09,37,1 cup,160
Noodles Flat Crunchy Chinese Restaurant,Grains and Pasta,521,31.72,0,378,51.9,1.9,0.25,10.33,0,21,1.76,89,1 cup,45
Pasta Dry Enriched,Grains and Pasta,371,1.51,0,6,74.67,3.2,2.67,13.04,0,21,3.3,223,1 cup spaghetti,91
Pasta Cooked Enriched Without Added Salt,Grains and Pasta,158,0.93,0,1,30.86,1.8,0.56,5.8,0,7,1.28,44,1 cup spaghetti not packed,124
Pasta Whole-Wheat Dry,Grains and Pasta,352,2.93,0,6,73.37,9.2,2.74,13.87,0,29,3.62,434,1 cup spaghetti,91
Barley Flour Or Meal,Grains and Pasta,345,1.6,0,4,74.52,10.1,0.8,10.5,0,32,2.68,309,1 cup,148
Barley Malt Flour,Grains and Pasta,361,1.84,0,11,78.3,7.1,0.8,10.28,0,37,4.71,224,1 cup,162
Oat Flour Partially Debranned,Grains and Pasta,404,9.12,0,19,65.7,6.5,0.8,14.66,0,55,4,371,1 cup,104
Rice Noodles Dry,Grains and Pasta,364,0.56,0,182,80.18,1.6,0.12,5.95,0,18,0.7,30,2 oz,57
Wheat Kamut Khorasan Uncooked,Grains and Pasta,337,2.13,0,5,70.58,11.1,7.84,14.54,NULL,22,3.77,403,1 cup,186
Kamut Cooked,Grains and Pasta,132,0.83,0,8,27.6,4.3,3.07,5.71,NULL,9,1.76,164,1 cup,172
Spelt Uncooked,Grains and Pasta,338,2.43,0,8,70.19,10.7,6.82,14.57,NULL,27,4.44,388,1 cup,174
Cooked Spelt,Grains and Pasta,127,0.85,0,5,26.44,3.9,NULL,5.5,NULL,10,1.67,143,1 cup,194
Teff Uncooked,Grains and Pasta,367,2.38,NULL,12,73.13,8,1.84,13.3,NULL,180,7.63,427,1 cup,193
Corn Flour Whole-Grain White,Grains and Pasta,361,3.86,0,5,76.85,7.3,0.64,6.93,0,7,2.38,315,1 cup,117
Corn Flour Yellow Masa Enriched,Grains and Pasta,363,3.69,0,5,76.59,6.4,NULL,8.46,0,138,8.5,262,1 cup,114
Uncooked Whole-Grain Cornmeal,Grains and Pasta,362,3.59,0,35,76.89,7.3,0.64,8.12,0,6,3.45,287,1 cup,122
Pasta Cooked Enriched With Added Salt,Grains and Pasta,157,0.93,0,131,30.59,1.8,0.56,5.8,0,7,1.28,44,1 cup spaghetti not packed,124
Hominy Canned Yellow,Grains and Pasta,72,0.88,0,345,14.26,2.5,NULL,1.48,0,10,0.62,9,1 cup,160
Rice White Long-Grain Regular Cooked Enriched With Salt,Grains and Pasta,130,0.28,0,382,28.17,0.4,0.05,2.69,0,10,1.2,35,1 cup,158
Wheat Flour White All-Purpose Enriched Calcium-Fortified,Grains and Pasta,364,0.98,0,2,76.31,2.7,NULL,10.33,0,252,4.64,107,1 cup,125
Noodles Egg Dry Unenriched,Grains and Pasta,384,4.44,84,21,71.27,3.3,1.88,14.16,0.3,35,1.9,244,1 cup,38
Rice White Long-Grain Regular Raw Unenriched,Grains and Pasta,365,0.66,0,5,79.95,1.3,0.12,7.13,0,28,0.8,115,1 cup,185
Rice White Long-Grain Regular Unenriched Cooked Without Salt,Grains and Pasta,130,0.28,0,1,28.17,0.4,0.05,2.69,0,10,0.2,35,1 cup,158
Rice White Long-Grain Parboiled Unenriched Dry,Grains and Pasta,374,1.03,0,2,80.89,1.8,0.33,7.51,0,71,0.74,174,1 cup,185
Rice White Long-Grain Parboiled Unenriched Cooked,Grains and Pasta,123,0.37,0,2,26.05,0.9,0.11,2.91,0,19,0.24,56,1 cup,158
Rice White Medium-Grain Raw Unenriched,Grains and Pasta,360,0.58,0,1,79.34,NULL,NULL,6.61,0,9,0.8,86,1 cup,195
Wheat Flour White All-Purpose Unenriched,Grains and Pasta,364,0.98,0,2,76.31,2.7,0.27,10.33,0,15,1.17,107,1 cup,125
Noodles Egg Cooked Unenriched With Added Salt,Grains and Pasta,138,2.07,29,165,25.16,1.2,0.4,4.54,NULL,12,0.6,38,1 cup,160
Potatoes Yellow Fleshed Roasted Salt Added In Processing Frozen Unprepared,Vegetables,119,1.85,0,338,23.44,2.6,0.31,1.99,NULL,11,0.45,444,3 oz,85
Potatoes Yellow Fleshed French Fried Frozen Unprepared,Vegetables,162,5.84,0,300,25.01,2.2,0.37,2.47,NULL,9,0.48,447,3 oz,85
Ginger Root Pickled Canned With Artificial Sweetener,Vegetables,20,0.1,0,906,4.83,2.6,0,0.33,0,74,0.28,36,2 tablespoon,25
Peppers Hot Pickled Canned,Vegetables,22,0.4,0,1430,4.56,2.6,1.6,0.8,0,61,0.32,113,1/4 cup drained,34
Vegetable Juice Bolthouse Farms Daily Greens,Vegetables,31,0.04,0,15,8.13,1.9,5.37,0.49,0,110,3.85,224,1 cup,269
Potatoes Mashed Ready-To-Eat,Vegetables,106,5.01,13,298,13.29,1.9,1.76,1.97,0.1,34,0.27,274,1 cup,229
Macaroni And Cheese Box Mix With Cheese Sauce Unprepared,Prepared Meals,334,10.67,3,766,46.66,1.8,6.43,12.73,0,145,2.07,197,1 serving (3.5 oz),25
Macaroni And Cheese Box Mix With Cheese Sauce Prepared,Prepared Meals,164,4.99,8,460,23.1,1.2,1.57,6.68,NULL,85,1.17,80,1 cup prepared,189
Taquitos Frozen Chicken And Cheese Oven-Heated,Prepared Meals,284,12.54,13,453,33.63,2.9,1.3,9.21,0.1,104,2.47,155,1 piece,42
Taquitos Frozen Beef And Cheese Oven-Heated,Prepared Meals,287,12.79,11,456,33.46,2.8,1.66,9.4,0,97,2.67,174,1 piece,42
Potsticker Or Wonton Pork And Vegetable Frozen Unprepared,Prepared Meals,136,5.52,17,441,13.28,1.4,2.76,8.28,0.2,28,0.74,284,5 pieces 1 serving,145
Macaroni Or Noodles With Cheese Made From Reduced Fat Packaged Mix Unprepared,Prepared Meals,297,4.03,15,867,52.06,2,5.04,13.1,0,202,1.81,203,1 serving (3.5 oz),99
Turnover Cheese-Filled Tomato-Based Sauce Frozen Unprepared,Prepared Meals,235,9.45,20,598,27.29,1.6,7.87,10.24,0.1,276,1.85,179,1 serving 4.5 oz,127
Macaroni Or Noodles With Cheese Microwaveable Unprepared,Prepared Meals,388,6.56,8,902,70.75,1.6,8.2,11.48,0,328,2.36,348,1 serving 1 pouch,61
Spanish Rice Mix Dry Mix Prepared (With Canola/vegetable Oil Blend Or Diced Tomatoes And Margarine),Prepared Meals,125,2.38,NULL,349,22.74,1.5,1.79,3.27,NULL,18,1.02,185,1 cup,198
Rice Mix Cheese Flavor Dry Mix Unprepared,Prepared Meals,362,3.51,9,1193,73.88,1.8,5.26,8.77,0,140,4.74,351,1/4 cup dry rice mix,57
Dumpling Potato- Or Cheese-Filled Frozen,Prepared Meals,195,6.14,4,474,29.64,0.9,1.75,5.26,0,35,1.26,107,3 pieces pierogies,114
Turnover Chicken- Or Turkey- And Vegetable-Filled Reduced Fat Frozen,Prepared Meals,168,5.51,16,276,21.74,3.1,3.94,7.87,0.1,157,2.13,167,1 piece turnover 1 serving,127
Sausage Egg And Cheese Breakfast Biscuit,Prepared Meals,324,22.13,78,591,21.57,2,3.1,9.54,0.7,136,1.85,269,1 biscuit,126
Hungry Man Salisbury Steak With Gravy Frozen Unprepared,Prepared Meals,136,8.53,26,379,6.96,1.3,0.18,7.96,NULL,29,1.02,195,1 patty,64
Banquet Salisbury Steak With Gravy Family Size Frozen Unprepared,Prepared Meals,155,11.1,36,517,6.96,1,0.28,6.89,NULL,51,0.98,142,1 patty,72
Jimmy Dean Sausage Egg And Cheese Breakfast Biscuit Frozen Unprepared,Prepared Meals,328,22.9,85,589,21.07,2,3.1,9.29,NULL,137,1.84,292,1 biscuit,128
Infant Formula Gerber Good Start Protect Plus Powder,Baby Foods,512,26.1,0,138,57,0,57,11.3,7.7,343,7.7,553,1 scoop,9.4
Infant Formula Gerber Good Start 2 Gentle Plus Powder,Baby Foods,492,25.1,0,133,57.1,0,57.1,10.8,7.4,935,9.8,531,1 scoop,9.4
Infant Formula Gerber Good Start 2 Protect Plus Powder,Baby Foods,501,25.7,0,138,56.3,0,56.3,11.1,7.7,956,10,553,1 scoop,9.4
Infant Formula Mead Johnson Enfamil Enfagrow Soy Toddler Lipil Powder,Baby Foods,476,21,0,171,56,0,5.4,15.7,7,930,9.5,570,1 scoop,9.4
Infant Formula Mead Johnson Enfamil Premature 24 Calories Ready-To-Feed Low Iron,Baby Foods,67,3.34,0,38,7.19,0,7.21,1.97,3.9,108,0.33,64,5 fl oz,30
Infant Formula Mead Johnson Enfamil Premium Infant Ready-To-Feed,Baby Foods,66,3.48,0,18,7.39,0,7.39,1.38,1.2,51,1.18,71,1 fl oz,30.5
Infant Formula Mead Johnson Enfamil Premium Infant Powder,Baby Foods,510,27,0,138,57,0,57,10.8,7.5,390,9.2,550,1 scoop,8.7
Babyfood Gerber Banana With Orange Medley,Baby Foods,69,0,0,10,20.41,2.1,14.27,1.06,0,0,0.23,265,,NULL
Bear Black Meat (Alaska Native),American Indian,155,8.3,NULL,NULL,0,NULL,NULL,20.1,NULL,NULL,7.2,NULL,,NULL
Bear Polar Meat Raw (Alaska Native),American Indian,130,3.1,NULL,NULL,0,NULL,NULL,25.6,NULL,17,6.1,40,,NULL
Whale Beluga Meat Dried (Alaska Native),American Indian,327,5.34,122,220,0,0,0,69.86,NULL,22,72.35,800,1 strip,45
Whale Beluga Eyes (Alaska Native),American Indian,291,23.3,NULL,NULL,0,0,0,19.6,NULL,NULL,NULL,NULL,,NULL
Whale Beluga Meat Raw (Alaska Native),American Indian,111,0.5,80,78,0,0,0,26.5,NULL,7,25.9,283,,NULL
Fish Blackfish Whole (Alaska Native),American Indian,82,1.75,NULL,NULL,0,NULL,NULL,15.5,NULL,236,4.6,NULL,,NULL
Blueberries Wild Frozen (Alaska Native),American Indian,44,0,NULL,NULL,10.4,NULL,NULL,0.7,NULL,15,1.1,NULL,,NULL
Caribou Bone Marrow Raw (Alaska Native),American Indian,786,84.4,NULL,NULL,0,NULL,NULL,6.7,NULL,NULL,4.5,NULL,,NULL
Caribou Eye Raw (Alaska Native),American Indian,326,31.4,NULL,NULL,0,NULL,NULL,10.8,NULL,19,4.7,NULL,,NULL
Cloudberries Raw (Alaska Native),American Indian,51,0.8,NULL,NULL,8.6,NULL,NULL,2.4,NULL,18,0.7,NULL,,NULL
Cockles Raw (Alaska Native),American Indian,79,0.7,NULL,NULL,4.7,NULL,NULL,13.5,NULL,30,16.2,NULL,,NULL
Cranberries Wild Bush Raw (Alaska Native),American Indian,55,0.2,NULL,26,12.3,6.7,NULL,1.1,NULL,20,1,140,,NULL
Cranberry Low Bush Or Lingenberry Raw (Alaska Native),American Indian,55,0.5,NULL,NULL,12.2,NULL,NULL,0.4,NULL,26,0.4,NULL,,NULL
Fish Herring Eggs Pacific Plain (Alaska Native),American Indian,74,1.93,40,61,4.47,NULL,NULL,9.6,NULL,19,2.7,NULL,,NULL
Fish Herring Pacific Flesh Air-Dried Packed In Oil (Alaska Native),American Indian,489,34.6,NULL,NULL,0,NULL,NULL,44.5,NULL,NULL,NULL,NULL,,NULL
Huckleberries Raw (Alaska Native),American Indian,37,0.1,NULL,10,8.7,NULL,NULL,0.4,NULL,15,0.3,NULL,,NULL
Fish Lingcod Meat Raw (Alaska Native),American Indian,79,0.8,NULL,59,0,NULL,NULL,17.9,NULL,NULL,NULL,433,,NULL
Fish Lingcod Liver (Alaska Native),American Indian,424,42,NULL,NULL,6,NULL,NULL,5.6,NULL,5,1,NULL,,NULL
Tennis Bread Plain (Apache),American Indian,258,1.05,NULL,810,53.26,2.6,3.01,9,NULL,67,3.4,100,,NULL
Fish Halibut Cooked With Skin (Alaska Native),American Indian,113,2.73,75,86,0,0,0,22.13,NULL,33,0.36,501,,NULL
Salmon Red (Sockeye) Filets With Skin Smoked (Alaska Native),American Indian,345,11.43,155,51,0,0,0,60.62,NULL,58,1.06,960,1 filet,108
Agave Raw (Southwest),American Indian,68,0.15,0,14,16.23,6.6,2.58,0.52,0,417,1.8,127,,NULL
Lambsquarters Steamed (Northern Plains Indians),American Indian,48,0.16,NULL,4,7.47,5.2,NULL,4.06,NULL,349,1.15,1070,1 cup,65
Prickly Pears Raw (Northern Plains Indians),American Indian,42,0.11,NULL,4,10.17,5.3,1.02,0.12,NULL,180,0.2,130,1 pad peeled,19
Prickly Pears Broiled (Northern Plains Indians),American Indian,91,0.31,NULL,NULL,21.57,NULL,NULL,0.39,NULL,NULL,NULL,NULL,1 pad,7.5
Prairie Turnips Raw (Northern Plains Indians),American Indian,156,0.36,NULL,5,35.67,8,0.82,2.62,NULL,130,1.27,156,1 bulb peeled,12.6
Stinging Nettles Blanched (Northern Plains Indians),American Indian,42,0.11,NULL,4,7.49,6.9,0.25,2.71,NULL,481,1.64,334,1 cup,89
Plums Wild (Northern Plains Indians),American Indian,91,0.17,NULL,4,21.95,6,10.61,0.43,NULL,11,0.17,364,1 cup,161
Pinon Nuts Roasted (Navajo),American Indian,541,34.08,NULL,310,51.06,43.4,NULL,7.41,NULL,18,3.53,458,,NULL
Caribou Hind Quarter Meat Cooked (Alaska Native),American Indian,159,4.82,107,45,0,0,0,28.81,NULL,5,4.8,245,1/2 cup,66
Agutuk Fish With Shortening (Alaskan Ice Cream) (Alaska Native),American Indian,470,43.5,26,24,10.5,NULL,NULL,9,NULL,NULL,0.2,206,,NULL
Sea Lion Steller Meat With Fat (Alaska Native),American Indian,242,14.65,66,80,5.55,NULL,NULL,22.1,0,6,9.55,346,,NULL
Sea Lion Steller Fat (Alaska Native),American Indian,850,94,95,NULL,0,NULL,NULL,0.9,0,NULL,NULL,NULL,,NULL
Wocas Dried Seeds Oregon Yellow Pond Lily (Klamath),American Indian,361,1.07,0,25,80.02,19.2,0.43,7.9,NULL,27,1.47,553,1 oz,28.4
Hazelnuts Beaked (Northern Plains Indians),American Indian,628,52.99,NULL,2,22.98,9.8,NULL,14.89,NULL,441,3.12,738,1 nut,0.4
Tea Herbal Brewed Hohoysi (Hopi),American Indian,2,0.2,NULL,27,0,NULL,NULL,0.12,NULL,5,0.03,44,,NULL
Tortilla Blue Corn Sakwavikaviki (Hopi),American Indian,276,1.4,NULL,663,58.12,3.4,2.97,7.83,NULL,174,2.89,132,1 piece,57
Bread Blue Corn Somiviki (Hopi),American Indian,186,1.53,NULL,9,39.84,3.6,12.94,3.1,NULL,34,1.58,114,,NULL
Applebees 9 Oz House Sirloin Steak,Restaurant Foods,189,9.08,79,604,0,NULL,0,26.85,NULL,16,2.07,350,1 serving,157
TGI Fridays Fridays Shrimp Breaded,Restaurant Foods,302,19.02,89,1210,20.87,NULL,NULL,11.87,NULL,33,0.53,122,1 serving,175
TGI Fridays French Fries,Restaurant Foods,296,14.82,1,409,36.9,4.1,0,3.74,NULL,19,0.98,604,1 serving,184
TGI Fridays Fried Mozzarella,Restaurant Foods,333,18.76,43,738,25.33,2.2,1.45,15.82,NULL,351,0.59,97,1 piece,35
TGI Fridays Macaroni & Cheese From Kids Menu,Restaurant Foods,121,3.45,8,482,17.4,1,1.65,5.03,NULL,89,0.53,88,1 cup,144
Restaurant Family Style French Fries,Restaurant Foods,289,14.04,1,357,37.2,3.9,0.28,3.49,NULL,17,0.91,545,1 serving,170
Restaurant Family Style Chicken Fingers From Kids Menu,Restaurant Foods,307,17.45,46,809,18.77,1.1,0.33,18.68,NULL,21,0.76,322,1 serving,114
Restaurant Family Style Shrimp Breaded And Fried,Restaurant Foods,308,18.67,87,1125,22.29,1.5,0.91,12.67,0,42,1.16,108,1 serving,169
Restaurant Family Style Macaroni & Cheese From Kids Menu,Restaurant Foods,151,6.06,10,361,18.8,1.1,3.09,5.42,0.1,99,0.68,135,1 cup,136
Fried Onion Rings,Restaurant Foods,356,19.61,NULL,833,40.17,3.1,4.48,4.58,NULL,22,0.67,135,1 serving,350
Applebees Chicken Tenders Platter,Restaurant Foods,297,16.24,52,740,17.98,1,0.36,19.62,NULL,23,0.9,336,1 serving,209
Cracker Barrel Chicken Tenderloin Platter Fried,Restaurant Foods,293,15.48,40,874,20.29,0.7,0.09,18.06,NULL,12,0.59,319,1 serving,175
Cracker Barrel Coleslaw,Restaurant Foods,175,13.22,11,110,13.01,1.6,11.07,0.89,NULL,34,0.29,162,1 serving,167
Dennys Onion Rings,Restaurant Foods,385,22.23,NULL,780,41.05,2.4,4.76,5.29,NULL,22,0.74,150,1 serving,166
Dennys Spaghetti And Meatballs,Restaurant Foods,170,8.52,19,351,15.51,1.5,2.03,7.84,NULL,45,1.29,206,1 serving,565
Restaurant Family Style Fish Fillet Battered Or Breaded Fried,Restaurant Foods,219,10.79,36,561,16.89,0.9,0.45,13.49,0.4,14,0.38,251,1 serving,226
Restaurant Family Style Chicken Tenders,Restaurant Foods,302,16.63,46,800,19.29,0.9,0.24,18.88,NULL,18,0.74,324,1 serving,201
Restaurant Family Style Hash Browns,Restaurant Foods,197,8.99,NULL,468,26.59,2.7,1.38,2.49,NULL,17,0.56,416,1 cup,94
Cracker Barrel Macaroni N Cheese,Restaurant Foods,194,11.75,18,375,15.61,1.1,2.83,6.49,NULL,145,0.57,127,1 serving,175
Restaurant Italian Lasagna With Meat,Restaurant Foods,185,10.69,36,466,11.36,1.5,3.15,10.83,0,197,0.79,255,1 serving,457
Olive Garden Lasagna Classico,Restaurant Foods,184,10.84,40,450,10.33,1.6,3.53,11.28,NULL,211,0.75,258,1 serving,422
Olive Garden Spaghetti With Pomodoro Sauce,Restaurant Foods,102,1.85,0,183,17.14,1.7,1.77,4.26,NULL,11,0.98,124,1 serving,478
Carrabbas Italian Grill Spaghetti With Pomodoro Sauce,Restaurant Foods,104,1.75,0,218,18.63,1.7,1.87,3.42,NULL,17,0.74,143,1 serving,489
On The Border Cheese Enchilada,Restaurant Foods,271,17.74,41,561,16.2,1.8,2.89,11.67,NULL,293,0.71,176,1 serving serving size varied from 1 to 3 enchiladas,250
Restaurant Mexican Cheese Enchilada,Restaurant Foods,273,18.47,42,528,15.45,1.9,2.6,11.24,NULL,314,0.66,140,1 serving serving size varied from 1 to 3 enchiladas,244
Restaurant Mexican Cheese Tamales,Restaurant Foods,216,11.99,30,503,17.97,2.2,1.23,8.99,NULL,111,0.87,176,1 serving serving size varied from 1 to 3 tamales,302
Carrabbas Italian Grill Chicken Parmesan Without Cavatappi Pasta,Restaurant Foods,206,10.95,67,467,7.8,0.9,2.89,19,NULL,142,0.78,319,1 serving,339
Olive Garden Chicken Parmigiana Without Pasta,Restaurant Foods,211,11.23,40,625,12.28,0.9,2.68,15.33,NULL,95,0.58,277,1 serving,304
Post Honey Bunches Of Oats With Almonds,Breakfast Cereals,409,7.3,0,417,79.6,5.5,20,7.7,3.1,35,33.8,211,3/4 cup (1 nlea serving),32
Margarine-Like Vegetable Oil Spread Stick Or Tub Sweetened,Fats and Oils,534,52,0,542,16.7,0,16.7,0,0,0,0,30,1 tablespoon,14
Snacks Popcorn Home-Prepared Oil-Popped Unsalted,Snacks,500,28.1,0,3,58.1,10,0.54,9,0,10,2.78,225,1 cup,8
Post Great Grains Crunchy Pecan Cereal,Breakfast Cereals,403,10.5,0,287,73,9.7,15.4,9,1.9,39,17.3,337,3/4 cup (1 nlea serving),52
Snacks Granola Bar With Coconut Chocolate Coated,Snacks,531,32.2,0,152,55.2,6.2,34.27,5.2,0,42,1.75,254,1 oz,28.4
Babyfood Vegetable And Brown Rice Strained,Baby Foods,69,1.5,0,14,12.1,1.1,2.39,1.9,0,14,0.4,135,1 cup,230
Babyfood Peas And Brown Rice,Baby Foods,64,0.5,0,6,11.49,2.5,2.89,3.4,0,14,1.5,93,1 cup,230
Frankfurter Meat And Poultry Low Fat,Meats,121,2.8,44,983,8.4,0.1,0,15.5,0.1,12,0.91,261,1 cup sliced,143
Oil Corn And Canola,Fats and Oils,884,100,0,0,0,0,0,0,0,0,0,0,1 tbsp,14
Milk Fluid Nonfat Calcium Fortified (Fat Free Or Skim),Dairy and Egg Products,35,0.18,2,52,4.85,0,4.85,3.4,1.2,204,0.04,166,1 cup,247
Peanut Butter Reduced Sodium,Beans and Lentils,590,49.9,0,203,21.83,6.6,9.29,24,0,41,1.9,747,1 tbsp,16
Post Great Grains Banana Nut Crunch,Breakfast Cereals,390,8.8,0,238,70.9,11.2,17.5,9.8,1.7,44,28,349,1 cup (1 nlea serving),59
Babyfood Carrots Toddler,Baby Foods,21,0.3,0,48,5.23,2.3,2.5,0.6,0,19,0.2,129,1 oz,28.4
Babyfood Dessert Banana Pudding Strained,Baby Foods,68,0.8,29,54,14.14,0.8,10.55,1,0.1,11,0.3,90,1 tbsp,15
Babyfood Fruit Tutti Frutti Strained,Baby Foods,66,0.3,15,25,15.48,0.6,9.29,0.4,0,15,0.2,46,1 tbsp,15
Babyfood Fruit Tutti Frutti Junior,Baby Foods,69,0.4,15,17,16,0.4,9.41,0.4,0,14,0.3,47,1 tbsp,15
Salad Dressing Sweet And Sour,Fats and Oils,15,0,0,208,3.7,0,3.7,0.1,0,4,0.04,33,1 tbsp,16
Salad Dressing Blue Or Roquefort Cheese Low Calorie,Fats and Oils,99,7.2,1,939,2.9,0,2.82,5.1,0,89,0.5,5,1 tbsp,15
Salad Dressing Caesar Low Calorie,Fats and Oils,110,4.4,2,1148,18.6,0.1,16.32,0.3,0,24,0.18,29,1 tbsp,15
Syrups Sugar Free,Sweets,51,0,0,210,11.99,0.7,0.01,0.8,0,0,0,0,1 cup,240
Jellies No Sugar (With Sodium Saccharin) Any Flavors,Sweets,121,0,0,3,29.6,2.2,3.39,0.55,0,31,0.15,96,1 cup,300
Hard Dietetic Or Low Calorie (Sorbitol),Sweets,394,0,0,0,98.6,0,0,0,0,0,0,0,1 piece,3
Chocolate Covered Candy (Low Sugar Or Low Calorie),Sweets,590,43.27,22,111,37.68,3.5,14.63,12.39,0.1,285,1.45,606,,NULL
Chewing Gum Sugarless,Sweets,268,0.4,0,7,94.8,2.4,0,0,0,20,0,0,1 piece,2
Fluid Replacement Electrolyte Solution (Include Pedialyte),Baby Foods,10,0,0,101,2.45,0,2.45,0,0,10,0,77,1 fl oz,31.2
Vermicelli Made From Soy,Beans and Lentils,331,0.1,0,4,82.32,3.9,17.44,0.1,0,55,1.81,3,1 cup,140
Beans Liquid From Stewed Kidney Beans,Beans and Lentils,47,3.2,4,2,2.8,0.1,0,1.8,0,13,1.96,408,1 cup,240
Chicken Meatless,Beans and Lentils,224,12.73,0,709,3.64,3.6,0,23.64,0,35,3.27,54,1 cup,168
Frankfurter Meatless,Beans and Lentils,233,13.73,0,471,7.7,3.9,0,19.61,0,33,1.41,98,1 cup sliced,140
Vegetarian Meatloaf Or Patties,Beans and Lentils,197,9,0,550,8,4.6,1.2,21,0,29,2.1,180,1 slice,56
Radishes Hawaiian Style Pickled,Vegetables,28,0.3,0,789,5.2,2.2,2,1.1,0,28,0.23,333,1 cup,150
Cabbage Japanese Style Fresh Pickled,Vegetables,30,0.1,0,277,5.67,3.1,1.3,1.6,0,48,0.49,853,1 cup,150
Cabbage Mustard Salted,Vegetables,28,0.1,0,717,5.63,3.1,1.4,1.1,0,67,0.7,246,1 cup,128
Eggplant Pickled,Vegetables,49,0.7,0,1674,9.77,2.5,4.8,0.9,0,25,0.77,12,1 cup,136
Bacon Bits Meatless,Beans and Lentils,476,25.9,0,1770,28.6,10.2,0,32,0,101,0.72,145,1 tbsp,7
Butter Replacement Without Fat Powder,Fats and Oils,373,1,2,1200,89,0,5.3,2,0,23,2,2,1 cup,80
Salad Dressing Buttermilk Lite,Fats and Oils,202,12.42,16,1120,21.33,1.1,3.77,1.25,0,40,0.69,132,1 tablespoon,15
Sweeteners Tabletop Fructose Dry Powder,Sweets,368,0,0,12,100,0,92.7,0,0,0,0.1,0,1 cup,196
Beverage Instant Breakfast Powder Chocolate Sugar-Free Not Reconstituted,Dairy and Egg Products,358,5.1,44,717,41,2,39,35.8,0,500,2.3,1705,1 tbsp,5.6
Yogurt Fruit Variety Nonfat,Dairy and Egg Products,95,0.2,2,58,19,0,19,4.4,0,152,0.07,194,1 container (6 oz),170
Whipped Cream Substitute Dietetic Made From Powdered Mix,Dairy and Egg Products,100,6,0,106,10.6,0,10.6,0.9,0,3,0.01,26,1 cup,80
Frozen Novelties Ice Cream Type Sundae Prepackaged,Sweets,190,6,13,95,29.64,0.3,20.74,4.3,0.1,120,0.25,211,,NULL
Cheese American Cheddar Imitation,Dairy and Egg Products,239,14,36,1345,11.6,0,7.74,16.7,0,562,0.33,242,1 slice,21
Quail Cooked Total Edible,Meats,227,14.1,86,52,0,0,0,25.1,0.2,15,4.43,216,1 oz,28.4
Pheasant Cooked Total Edible,Meats,239,12.1,89,43,0,0,0,32.4,0.2,16,1.43,271,1 cup chopped or diced,140
Eggs Scrambled Frozen Mixture,Dairy and Egg Products,131,5.6,277,162,7.5,0,7.5,13.1,1.8,17,0.23,147,1 oz,28.4
Dove Cooked (Includes Squab),Meats,213,13,116,57,0,0,0,23.9,0.2,17,5.91,256,1 cup chopped or diced,140
Pork Cured Ham Boneless Low Sodium Extra Lean And Regular Roasted,Meats,165,7.7,57,969,0.5,0,0,22,0.8,8,1.4,362,1 oz boneless,28.4
Dried Longans,Fruits,286,0.4,0,48,74,NULL,NULL,4.9,NULL,45,5.4,658,1 fruit,1.7
Loquats,Fruits,47,0.2,0,1,12.14,1.7,NULL,0.43,NULL,16,0.28,266,1 cup cubed,149
Mammy Apple,Fruits,51,0.5,0,15,12.5,3,NULL,0.5,NULL,11,0.7,47,1 fruit without refuse,846
Mangos,Fruits,60,0.38,0,1,14.98,1.6,13.66,0.82,0,11,0.16,168,1 cup pieces,165
Honeydew Melon,Fruits,36,0.14,0,18,9.09,0.8,8.12,0.54,0,6,0.17,228,1 cup diced (approx 20 pieces per cup),170
Melon Balls,Fruits,33,0.25,0,31,7.94,0.7,NULL,0.84,0,10,0.29,280,1 cup unthawed,173
Mulberries,Fruits,43,0.39,0,10,9.8,1.7,8.1,1.44,0,39,1.85,194,1 cup,140
Nectarines,Fruits,44,0.32,0,0,10.55,1.7,7.89,1.06,0,6,0.28,201,1 cup slices,143
Oheloberries,Fruits,28,0.22,0,1,6.84,NULL,NULL,0.38,NULL,7,0.09,38,1 cup,140
California Valencia Oranges,Fruits,49,0.3,0,0,11.89,2.5,NULL,1.04,0,40,0.09,179,1 cup sections without membranes,180
Navel Oranges,Fruits,49,0.15,0,1,12.54,2.2,8.5,0.91,0,43,0.13,166,1 cup sections without membranes,165
Florida Oranges,Fruits,46,0.21,0,0,11.54,2.4,9.14,0.7,0,43,0.09,169,1 cup sections without membranes,185
Oranges Raw With Peel,Fruits,63,0.3,0,2,15.5,4.5,NULL,1.3,NULL,70,0.8,196,1 cup,170
Orange Juice With Added Calcium,Fruits,47,0.12,0,2,11.27,0.3,8.31,0.68,0,140,0.13,178,1 cup,249
Orange Juice Frozen Concentrate Unsweetened Diluted With 3 Volume Water With Added Calcium,Fruits,37,0.06,0,4,8.47,0.2,7.42,0.6,0,147,0.08,158,1 cup,249
Orange Juice Frozen Concentrate Unsweetened Undiluted With Added Calcium,Fruits,147,0.25,0,7,33.86,1,29.68,2.4,0,578,0.33,629,1 cup,262
Orange Juice Frozen Concentrate Unsweetened Undiluted,Fruits,148,0.25,0,7,35.19,1,29.68,2.4,0,38,0.33,629,1 cup,262
Tangerines (Mandarin Oranges) Canned Light Syrup Pack,Fruits,61,0.1,0,6,16.19,0.7,15.49,0.45,0,7,0.37,78,1 cup,252
Tangerine Juice,Fruits,43,0.2,0,1,10.1,0.2,9.9,0.5,0,18,0.2,178,1 cup,247
Papaya,Fruits,43,0.26,0,8,10.82,1.7,7.82,0.47,0,20,0.25,182,1 cup 1 inch pieces,145
Papaya Canned Heavy Syrup Drained,Fruits,206,0.55,NULL,9,55.83,1.5,52.2,0.14,NULL,21,0.29,67,1 piece,39
Yellow Peaches,Fruits,39,0.25,0,0,9.54,1.5,8.39,0.91,0,6,0.25,190,1 cup slices,154
Peaches Canned Water Pack Solids And Liquids,Fruits,24,0.06,0,3,6.11,1.3,4.81,0.44,0,2,0.32,99,1 cup halves or slices,244
Peaches Canned Juice Pack Solids And Liquids,Fruits,44,0.03,0,4,11.57,1.3,10.27,0.63,0,6,0.27,128,1 cup,250
Peaches Canned Extra Light Syrup Solids And Liquids,Fruits,42,0.1,0,5,11.1,1,NULL,0.4,0,5,0.3,74,1 cup halves or slices,247
Dried Peaches (Low-Moisture),Fruits,325,1.03,0,10,83.18,NULL,NULL,4.89,0,38,5.51,1351,1 cup,116
Peaches Dehydrated (Low-Moisture) Sulfured Stewed,Fruits,133,0.42,0,4,34.14,NULL,NULL,2.01,0,16,2.26,554,1 cup,242
Dried Peaches,Fruits,239,0.76,0,7,61.33,8.2,41.74,3.61,0,28,4.06,996,1 cup halves,160
Peaches Dried Sulfured Stewed Without Added Sugar,Fruits,77,0.25,0,2,19.69,2.7,16.99,1.16,0,9,1.31,320,1 cup,258
Pears Canned Juice Pack Solids And Liquids,Fruits,50,0.07,0,4,12.94,1.6,9.7,0.34,0,9,0.29,96,1 cup halves,248
Pears Canned Extra Light Syrup Pack Solids And Liquids,Fruits,47,0.1,0,2,12.2,1.6,NULL,0.3,0,7,0.2,45,1 cup halves,247
Pears Canned Light Syrup Pack Solids And Liquids,Fruits,57,0.03,0,5,15.17,1.6,12.1,0.19,0,5,0.28,66,1 cup halves,251
Pears Canned Heavy Syrup Pack Solids And Liquids,Fruits,74,0.13,0,5,19.17,1.6,15.2,0.2,0,5,0.22,65,1 cup,266
Pear Nectar Canned Without Added Ascorbic Acid,Fruits,60,0.01,0,4,15.76,0.6,15.16,0.11,0,5,0.26,13,1 cup,250
Fuyu Persimmon,Fruits,70,0.19,0,1,18.59,3.6,12.53,0.58,0,8,0.15,161,1 fruit (2-1/2 inch dia),168
Persimmons Japanese Dried,Fruits,274,0.59,0,2,73.43,14.5,NULL,1.38,0,25,0.74,802,1 fruit without refuse,34
Persimmons Native Raw,Fruits,127,0.4,0,1,33.5,NULL,NULL,0.8,NULL,27,2.5,310,1 fruit without refuse,25
Pineapple Canned Heavy Syrup Pack Solids And Liquids,Fruits,78,0.11,0,1,20.2,0.8,16.9,0.35,0,14,0.38,104,1 cup crushed sliced or chunks,254
Pineapple Canned Extra Heavy Syrup Pack Solids And Liquids,Fruits,83,0.11,0,1,21.5,0.8,NULL,0.34,0,14,0.38,102,1 cup crushed sliced or chunks,260
Pineapple Frozen Chunks Sweetened,Fruits,86,0.1,0,2,22.2,1.1,21.1,0.4,0,9,0.4,100,1 cup chunks,245
Pineapple Juice Canned Or Bottled Unsweetened Without Added Ascorbic Acid,Fruits,53,0.12,0,2,12.87,0.2,9.98,0.36,0,13,0.31,130,1 cup,250
Pineapple Juice Frozen Concentrate Unsweetened Undiluted,Fruits,179,0.1,0,3,44.3,0.7,43.6,1.3,0,39,0.9,472,1 can (6 fl oz),216
Plums,Fruits,46,0.28,0,0,11.42,1.4,9.92,0.7,0,6,0.17,157,1 cup sliced,165
Plums Canned Purple Water Pack Solids And Liquids,Fruits,41,0.01,0,1,11.03,0.9,10.1,0.39,0,7,0.16,126,1 cup pitted,249
Plums Canned Purple Juice Pack Solids And Liquids,Fruits,58,0.02,0,1,15.15,0.9,14.22,0.51,0,10,0.34,154,1 cup pitted,252
Plums Canned Purple Light Syrup Pack Solids And Liquids,Fruits,63,0.1,0,20,16.28,0.9,15.35,0.37,0,9,0.86,93,1 cup pitted,252
Lima Beans Immature Seeds Frozen Fordhook Unprepared,Vegetables,106,0.35,0,58,19.83,5.5,1.39,6.4,0,24,1.51,478,1 cup,160
Lima Beans Immature Seeds Frozen Fordhook Cooked Boiled Drained Without Salt,Vegetables,103,0.34,0,69,19.32,5.3,1.34,6.07,0,30,1.82,304,1 cup,170
Lima Beans Immature Seeds Frozen Baby Unprepared,Vegetables,132,0.44,0,52,25.14,6,NULL,7.59,0,35,2.21,452,1 cup,164
Lima Beans Immature Seeds Frozen Baby Cooked Boiled Drained Without Salt,Vegetables,105,0.3,0,29,19.45,4.8,1.37,6.65,0,28,1.96,411,1 cup,180
Mung Bean Sprouts,Vegetables,30,0.18,0,6,5.94,1.8,4.13,3.04,0,13,0.91,149,1 cup,104
Beans Pinto Immature Seeds Frozen Unprepared,Vegetables,170,0.5,0,92,32.5,5.7,NULL,9.8,0,58,3,756,1/ 3 package (10 oz),94
Beans Pinto Immature Seeds Frozen Cooked Boiled Drained Without Salt,Vegetables,162,0.48,0,83,30.87,5.4,NULL,9.31,0,52,2.71,646,1/ 3 package (10 oz) yields,94
Beans Shellie Canned Solids And Liquids,Vegetables,30,0.19,0,334,6.19,3.4,0.63,1.76,0,29,0.99,109,1 cup,245
Green Snap Beans (Raw),Vegetables,31,0.22,0,6,6.97,2.7,3.26,1.83,0,37,1.03,211,1 cup 1/2 inch pieces,100
Beans Snap Green Frozen All Styles Unprepared,Vegetables,33,0.21,0,3,7.54,2.6,2.21,1.79,0,42,0.85,186,1 cup,121
Cooked Green Beans (Previously Frozen),Vegetables,28,0.17,0,1,6.45,3,1.88,1.49,0,42,0.66,159,1 cup,135
Beans Snap Green Frozen All Styles Microwaved,Vegetables,33,0.41,NULL,3,6.98,3.4,2.6,1.98,NULL,61,0.8,237,1 cup,111
Beans Snap Green Microwaved,Vegetables,33,0.5,NULL,3,6.41,3.4,3.22,2.31,NULL,55,0.83,323,1 cup 1/2 inch pieces,116
Beets Canned Drained Solids,Vegetables,31,0.14,0,194,7.21,1.8,5.51,0.91,0,15,1.82,148,1 cup diced,157
Broccoli (Cooked),Vegetables,35,0.41,0,41,7.18,3.3,1.39,2.38,0,40,0.67,293,1/2 cup chopped,78
Broccoli Frozen Chopped Unprepared,Vegetables,26,0.29,0,24,4.78,3,1.35,2.81,0,56,0.81,212,1 cup,156
Broccoli Frozen Chopped Cooked Boiled Drained Without Salt,Vegetables,28,0.12,0,11,5.35,3,1.47,3.1,0,33,0.61,142,1 cup,184
Broccoli Frozen Spears Unprepared,Vegetables,29,0.34,0,17,5.35,3,1.47,3.06,0,41,0.72,250,1/3 package (10 oz),95
Brussels Sprouts (Cooked),Vegetables,36,0.5,0,21,7.1,2.6,1.74,2.55,0,36,1.2,317,1 sprout,21
Brussels Sprouts Frozen Unprepared,Vegetables,41,0.41,0,10,7.86,3.8,2.03,3.78,0,26,0.93,370,1/3 package (10 oz),95
Brussels Sprouts Frozen Cooked Boiled Drained Without Salt,Vegetables,42,0.39,0,15,8.32,4.1,2.08,3.64,0,26,0.48,290,1 cup,155
Burdock Root Raw,Vegetables,72,0.15,0,5,17.34,3.3,2.9,1.53,0,41,0.8,308,1 cup (1 inch pieces),118
Cabbage,Vegetables,25,0.1,0,18,5.8,2.5,3.2,1.28,0,40,0.47,170,1 cup chopped,89
Cooked Cabbage,Vegetables,23,0.06,0,8,5.51,1.9,2.79,1.27,0,48,0.17,196,1/2 cup shredded,75
Red Cabbage,Vegetables,31,0.16,0,27,7.37,2.1,3.83,1.43,0,45,0.8,243,1 cup chopped,89
Cooked Red Cabbage,Vegetables,29,0.09,0,28,6.94,2.6,3.32,1.51,0,42,0.66,262,1 leaf,22
Cabbage Chinese (Pe-Tsai) Raw,Vegetables,16,0.2,0,9,3.23,1.2,1.41,1.2,0,77,0.31,238,1 cup shredded,76
Cabbage Chinese (Pe-Tsai) Cooked Boiled Drained Without Salt,Vegetables,14,0.17,0,9,2.41,1.7,NULL,1.5,0,32,0.3,225,1 cup shredded,119
Cardoon Raw,Vegetables,17,0.1,0,170,4.07,1.6,NULL,0.7,0,70,0.7,400,1 cup shredded,178
Cardoon Cooked Boiled Drained Without Salt,Vegetables,22,0.11,0,176,5.33,1.7,NULL,0.76,0,72,0.73,392,,NULL
Carrots Frozen Unprepared,Vegetables,36,0.46,0,68,7.9,3.3,4.76,0.78,0,36,0.44,235,1/2 cup slices,64
Carrots Frozen Cooked Boiled Drained Without Salt,Vegetables,37,0.68,0,59,7.73,3.3,4.08,0.58,0,35,0.53,192,1 cup sliced,146
Cassava,Vegetables,160,0.28,0,14,38.06,1.8,1.7,1.36,0,16,0.27,271,1 cup,206
Cauliflower,Vegetables,25,0.28,0,30,4.97,2,1.91,1.92,0,22,0.42,299,1 cup chopped (1/2 inch pieces),107
Cooked Celeriac,Vegetables,27,0.19,0,61,5.9,1.2,NULL,0.96,0,26,0.43,173,1 cup pieces,155
Celery,Vegetables,14,0.17,0,80,2.97,1.6,1.34,0.69,0,40,0.2,260,1 cup chopped,101
Cooked Celery,Vegetables,18,0.16,0,91,4,1.6,2.37,0.83,0,42,0.42,284,1 cup diced,150
Celtuce,Vegetables,18,0.3,0,11,3.65,1.7,NULL,0.85,0,39,0.55,330,1 leaf,8
Swiss Chard,Vegetables,19,0.2,0,213,3.74,1.6,1.1,1.8,0,51,1.8,379,1 cup,36
Chicory Greens,Vegetables,23,0.3,0,45,4.7,4,0.7,1.7,0,100,0.9,420,1 cup chopped,29
Chicory Roots,Vegetables,72,0.2,0,50,17.51,1.5,8.73,1.4,0,41,0.8,290,1 root,60
Chives,Vegetables,30,0.73,0,3,4.35,2.5,1.85,3.27,0,92,1.6,296,1 tbsp chopped,3
Chrysanthemum,Vegetables,24,0.56,0,118,3.02,3,NULL,3.36,0,117,2.29,567,1 cup (1 inch pieces),25
Collards Frozen Chopped Cooked Boiled Drained Without Salt,Vegetables,36,0.41,0,50,7.1,2.8,0.57,2.97,0,210,1.12,251,1 cup chopped,170
Cilantro,Vegetables,23,0.52,0,46,3.67,2.8,0.87,2.13,0,67,1.77,521,1/4 cup,4
Yellow Sweet Corn,Vegetables,86,1.35,0,15,18.7,2,6.26,3.27,0,2,0.52,270,1 cup,145
Cooked Yellow Sweet Corn,Vegetables,96,1.5,0,1,20.98,2.4,4.54,3.41,0,3,0.45,218,1 ear small (5-1/2 inch to 6-1/2 inch long),89
Onions,Vegetables,40,0.1,0,4,9.34,1.7,4.24,1.1,0,23,0.21,146,1 cup chopped,160
Cooked Onions,Vegetables,44,0.19,0,3,10.15,1.4,4.73,1.36,0,22,0.24,166,1 cup,210
Onions Dehydrated Flakes,Vegetables,349,0.46,0,21,83.28,9.2,37.41,8.95,0,257,1.55,1622,1 tbsp,5
Onions Canned Solids And Liquids,Vegetables,19,0.09,0,371,4.02,1.2,2.2,0.85,0,45,0.13,111,1 onion,63
Yellow Onions,Vegetables,123,10.8,NULL,12,7.86,1.7,NULL,0.95,0,20,0.27,133,1 cup chopped,87
Spring Onions,Vegetables,32,0.19,0,16,7.34,2.6,2.33,1.83,0,72,1.48,276,1 cup chopped,100
Onions Young Green Tops Only,Vegetables,27,0.47,0,15,5.74,1.8,3.91,0.97,0,52,0.51,159,1 tbsp,6
Onions Welsh Raw,Vegetables,34,0.4,0,17,6.5,2.4,2.18,1.9,0,18,1.22,212,,NULL
Sweet Onions,Vegetables,32,0.08,0,8,7.55,0.9,5.02,0.8,0,20,0.26,119,1 nlea serving,148
Cooked Parsnips,Vegetables,71,0.3,0,10,17.01,3.6,4.8,1.32,0,37,0.58,367,1/2 cup slices,78
Snow Peas,Vegetables,42,0.2,0,4,7.55,2.6,4,2.8,0,43,2.08,200,1 cup chopped,98
Cooked Snow Peas,Vegetables,42,0.23,0,4,7.05,2.8,3.99,3.27,0,42,1.97,240,1 cup,160
Peas Edible-Podded Frozen Unprepared,Vegetables,42,0.3,0,4,7.2,3.1,NULL,2.8,0,50,2,192,1 cup,144
Peas Green (Includes Baby And Lesuer Types) Canned Drained Solids Unprepared,Vegetables,68,0.8,0,273,11.36,4.9,2.99,4.47,0,23,1.18,106,1 cup,175
Peas Green Canned Seasoned Solids And Liquids,Vegetables,50,0.27,0,254,9.25,2,NULL,3.09,0,15,1.2,122,1 cup,227
Peas Green Canned Drained Solids Rinsed In Tap Water,Vegetables,71,0.95,0,231,11.82,NULL,NULL,4.33,0,24,1.09,105,1 can,257
Peas Green Frozen Unprepared,Vegetables,77,0.4,0,108,13.62,4.5,5,5.22,0,22,1.53,153,1 cup,134
Peas Green Frozen Cooked Boiled Drained Without Salt,Vegetables,78,0.27,0,72,14.26,4.5,4.4,5.15,0,24,1.52,110,1/2 cup,80
Peas And Carrots Frozen Cooked Boiled Drained Without Salt,Vegetables,48,0.42,0,68,10.12,3.1,4.36,3.09,0,23,0.94,158,1 package (10 oz) yields,278
Peas And Onions Canned Solids And Liquids,Vegetables,51,0.38,0,442,8.57,2.3,NULL,3.28,0,17,0.87,96,1 cup,120
Peas And Onions Frozen Unprepared,Vegetables,70,0.32,0,61,13.51,3.5,NULL,3.98,0,23,1.54,203,1/2 cup,69
Peas And Onions Frozen Cooked Boiled Drained Without Salt,Vegetables,45,0.2,0,37,8.63,2.2,3.77,2.54,0,14,0.94,117,1 cup,180
Peppers Sweet Green Frozen Chopped Unprepared,Vegetables,20,0.21,0,5,4.45,1.6,NULL,1.08,0,9,0.62,91,1/3 package (10 oz),95
Peppers Sweet Green Frozen Chopped Boiled Drained Without Salt,Vegetables,18,0.18,0,4,3.9,0.9,NULL,0.95,0,8,0.52,72,,NULL
Sauteed Green Bell Peppers,Vegetables,116,11.85,0,17,4.22,1.8,2.17,0.78,0,8,0.3,134,1 cup chopped,115
Pigeonpeas Immature Seeds Raw,Vegetables,136,1.64,0,5,23.88,5.1,3,7.2,0,42,1.6,552,1 cup,154
Potatoes Flesh And Skin Raw,Vegetables,77,0.09,0,6,17.49,2.1,0.82,2.05,0,12,0.81,425,1/2 cup diced,75
Potatoes Russet Flesh And Skin Raw,Vegetables,79,0.08,0,5,18.07,1.3,0.62,2.14,0,13,0.86,417,1/2 cup diced,75
Potatoes White Flesh And Skin Raw,Vegetables,69,0.1,0,16,15.71,2.4,1.15,1.68,0,9,0.52,407,1/2 cup diced,75
Potatoes Red Flesh And Skin Raw,Vegetables,70,0.14,0,18,15.9,1.7,1.29,1.89,0,10,0.73,455,1/2 cup diced,75
Baked Russet Potatoes,Vegetables,95,0.13,0,14,21.44,2.3,1.08,2.63,0,18,1.07,550,1 potato large (3 inch to 4-1/4 inch dia.,299
Potatoes Roasted Salt Added In Processing Frozen Unprepared,Vegetables,127,1.81,0,298,26.15,2.6,0.69,2.22,NULL,15,0.5,450,3 oz,85
Potatoes Raw Skin,Vegetables,58,0.1,0,10,12.44,2.5,NULL,2.57,0,30,3.24,413,1 skin,38
Baked Potato (No Skin),Vegetables,93,0.1,0,5,21.55,1.5,1.7,1.96,0,5,0.35,391,1/2 cup,61
Potatoes Baked Skin Without Salt,Vegetables,198,0.1,0,21,46.06,7.9,1.4,4.29,0,34,7.04,573,1 skin,58
Potatoes Microwaved Cooked In Skin Skin Without Salt,Vegetables,132,0.1,0,16,29.63,5.5,NULL,4.39,0,46,5.94,650,1 skin,58
Hash Browns,Restaurant Foods,265,12.52,0,342,35.11,3.2,1.49,3,0,14,0.55,576,1 cup,156
Potatoes Mashed Home-Prepared Whole Milk And Margarine Added,Vegetables,113,4.2,1,333,16.94,1.5,1.41,1.96,0.2,21,0.26,326,1 cup,210
Potatoes Scalloped Home-Prepared With Butter,Vegetables,88,3.68,12,335,10.78,1.9,NULL,2.87,0,57,0.57,378,1 cup,245
Potatoes Mashed Dehydrated Granules Without Milk Dry Form,Vegetables,372,0.54,0,67,85.51,7.1,3.47,8.22,0,41,1.09,703,1 cup,200
Potatoes Mashed Dehydrated Prepared From Granules Without Milk Whole Milk And Butter Added,Vegetables,108,4.96,14,257,14.36,2.2,NULL,2.05,0,35,0.19,144,1 cup,210
Potatoes Mashed Dehydrated Granules With Milk Dry Form,Vegetables,357,1.1,2,82,77.7,6.6,3.37,10.9,0,142,3.5,1848,1 cup,200
Potatoes Mashed Dehydrated Prepared From Granules With Milk Water And Margarine Added,Vegetables,116,4.8,2,172,16.13,1.3,1.74,2.13,0.3,35,0.2,155,1 cup,210
Potatoes Hash Brown Frozen Plain Unprepared,Vegetables,82,0.62,NULL,22,17.72,1.4,NULL,2.06,0,10,0.98,285,1/2 cup,105
Potatoes Hash Brown Frozen Plain Prepared Pan Fried In Canola Oil,Vegetables,219,11.59,0,15,28.51,3.2,0.27,2.65,0,17,0.54,496,1 cup prepared,150
Potatoes Hash Brown Frozen With Butter Sauce Unprepared,Vegetables,135,6.66,NULL,77,18.28,2.9,NULL,1.87,0,25,0.75,248,1 package (6 oz),170
Potatoes Hash Brown Frozen With Butter Sauce Prepared,Vegetables,178,8.79,23,101,24.13,3.8,NULL,2.46,0,33,0.99,327,,NULL
Potato Puffs Frozen Unprepared,Vegetables,178,8.71,0,428,24.8,2.3,0.28,1.93,0,13,0.47,247,1 cup,120
Potato Puffs Frozen Oven-Heated,Vegetables,192,9.05,0,463,27.29,2,0.27,2.13,0,14,0.58,287,10 puffs,79
Potatoes Frozen Whole Cooked Boiled Drained Without Salt,Vegetables,65,0.13,0,20,14.52,1.4,NULL,1.98,0,7,0.84,287,,NULL
Cooked Tomatoes,Vegetables,18,0.11,0,11,4.01,0.7,2.49,0.95,0,11,0.68,218,1 cup,240
Tomatoes Red Ripe Canned Packed In Tomato Juice,Vegetables,16,0.25,0,115,3.47,1.9,2.55,0.79,0,33,0.57,191,1 cup,240
Tomatoes Red Ripe Canned Stewed,Vegetables,26,0.19,0,221,6.19,1,3.52,0.91,0,34,1.33,207,1 cup,255
Tomatoes Red Ripe Canned With Green Chilies,Vegetables,15,0.08,0,401,3.62,NULL,NULL,0.69,0,20,0.26,107,1 cup,241
Tomato Products Canned Sauce,Vegetables,24,0.3,0,474,5.31,1.5,3.56,1.2,0,14,0.96,297,1 cup,245
Tomato Products Canned Sauce With Mushrooms,Vegetables,35,0.13,0,452,8.43,1.5,5.77,1.45,NULL,13,0.89,380,1 cup,245
Tomato Products Canned Sauce With Onions,Vegetables,42,0.19,0,551,9.94,1.8,NULL,1.56,0,17,0.93,413,1 cup,245
Tomato Products Canned Sauce With Herbs And Cheese,Vegetables,59,1.93,3,543,10.24,2.2,NULL,2.13,0,37,0.87,356,1/2 cup,122
Cooked Turnips,Vegetables,22,0.08,0,16,5.06,2,2.99,0.71,0,33,0.18,177,1 cup cubes,156
Turnips Frozen Unprepared,Vegetables,16,0.16,0,25,2.94,1.8,NULL,1.04,0,23,0.7,137,1/ 3 package mashed (10 oz),94
Turnips Frozen Cooked Boiled Drained Without Salt,Vegetables,23,0.24,0,36,4.35,2,2.35,1.53,0,32,0.98,182,1 cup,156
Turnip Greens,Vegetables,32,0.3,0,40,7.13,3.2,0.81,1.5,0,190,1.1,296,1 cup chopped,55
Turnip Greens And Turnips Frozen Cooked Boiled Drained Without Salt,Vegetables,35,0.38,0,19,4.85,3.1,1.07,2.99,0,128,1.75,216,1 cup,163
Vegetable Juice Cocktail Canned,Vegetables,22,0.31,0,169,3.87,0.5,2.84,0.93,0,14,0.28,185,1 cup,253
Vegetables Mixed Canned Solids And Liquids,Vegetables,36,0.25,0,224,7.13,3.8,NULL,1.42,0,21,0.65,138,1 cup,245
Vegetables Mixed Canned Drained Solids,Vegetables,49,0.25,0,214,9.26,3,2.41,2.59,0,27,1.05,291,1 cup,163
Waterchestnuts Chinese (Matai) Raw,Vegetables,97,0.1,0,14,23.94,3,4.8,1.4,0,11,0.06,584,1/2 cup slices,62
Waterchestnuts Chinese Canned Solids And Liquids,Vegetables,50,0.06,0,8,12.3,2.5,2.46,0.88,0,4,0.87,118,1/2 cup slices,70
Watercress,Vegetables,11,0.1,0,41,1.29,0.5,0.2,2.3,0,120,0.2,330,1 cup chopped,34
Waxgourd (Chinese Preserving Melon) Raw,Vegetables,13,0.2,0,111,3,2.9,NULL,0.4,0,19,0.4,6,1 cup cubes,132
Winged Bean Tuber Raw,Vegetables,148,0.9,0,35,28.1,NULL,NULL,11.6,0,30,2,586,,NULL
Yam,Vegetables,118,0.17,0,9,27.88,4.1,0.5,1.53,0,17,0.54,816,1 cup cubes,150
Cooked Yam,Vegetables,116,0.14,0,8,27.48,3.9,0.49,1.49,0,14,0.52,670,1 cup cubes,136
Yambean (Jicama) Raw,Vegetables,38,0.09,0,4,8.82,4.9,1.8,0.72,0,12,0.6,150,1 cup slices,120
Yambean (Jicama) Cooked Boiled Drained Without Salt,Vegetables,38,0.09,0,4,8.82,NULL,NULL,0.72,0,11,0.57,135,,NULL
Dried Chives,Vegetables,311,3.5,0,70,64.29,26.2,NULL,21.2,0,813,20,2960,1 tbsp,0.2
Dock Raw,Vegetables,22,0.7,0,4,3.2,2.9,NULL,2,0,44,2.4,390,1 cup chopped,133
Dock Cooked Boiled Drained Without Salt,Vegetables,20,0.64,0,3,2.93,2.6,NULL,1.83,0,38,2.08,321,,NULL
Eppaw Raw,Vegetables,150,1.8,0,12,31.68,NULL,NULL,4.6,0,110,1.15,340,1 cup,100
Canned Mung Bean Sprouts,Vegetables,12,0.06,0,42,2.14,0.8,0.7,1.4,0,14,0.43,27,1 cup,125
Peppers Jalapeno Canned Solids And Liquids,Vegetables,27,0.94,0,1671,4.74,2.6,2.14,0.92,0,23,1.88,193,1 cup chopped,136
White Icicle Radishes (Daikon),Vegetables,14,0.1,0,16,2.63,1.4,NULL,1.1,0,27,0.8,280,1/2 cup slices,50
Shallots Freeze-Dried,Vegetables,348,0.5,0,59,80.7,15.7,38.16,12.3,0,183,6,1650,1 tbsp,0.9
Sweet Potato Canned Syrup Pack Solids And Liquids,Vegetables,89,0.2,0,29,20.93,2.5,15.4,0.98,0,15,0.8,185,1 cup,228
Sweet Potato Canned Syrup Pack Drained Solids,Vegetables,108,0.32,0,39,25.36,3,5.74,1.28,0,17,0.95,193,1 cup,196
Tomato Products Canned Sauce Spanish Style,Vegetables,33,0.27,0,472,7.24,1.4,NULL,1.44,0,17,3.48,369,1 cup,244
Beans Pinto Mature Seeds Sprouted Raw,Vegetables,62,0.9,0,153,11.6,NULL,NULL,5.25,0,43,1.97,307,,NULL
Beans Pinto Mature Seeds Sprouted Cooked Boiled Drained Without Salt,Vegetables,22,0.32,0,51,4.1,NULL,NULL,1.86,0,15,0.66,98,,NULL
Sweet Potato Cooked Candied Home-Prepared,Vegetables,164,3.54,9,119,32.12,2.1,27.25,0.89,0.1,26,0.79,178,1 piece (2-1/2 inch x 2 inch dia),105
Stewed Tomatoes,Vegetables,79,2.68,0,455,13.05,1.7,NULL,1.96,0,26,1.06,247,1 cup,101
Dried Agar Seaweed,Vegetables,306,0.3,0,102,80.88,7.7,2.97,6.21,0,625,21.4,1125,,NULL
Spirulina,Vegetables,26,0.39,0,98,2.42,0.4,0.3,5.92,0,12,2.79,127,,NULL
Potato Pancakes,Vegetables,268,14.76,95,764,27.81,3.3,1.79,6.08,0.3,32,1.67,622,1 small 2-3/4 in. dia. 5/8 in. thick.,22
Baked Potatoes (With Skin),Vegetables,93,0.13,0,10,21.15,2.2,1.18,2.5,0,15,1.08,535,1 nlea serving,148
Potatoes Microwaved Cooked In Skin Flesh And Skin Without Salt,Vegetables,105,0.1,0,8,24.24,2.3,NULL,2.44,0,11,1.24,447,1 potato (2-3/4 inch dia by 4-3/4 inch long),202
Radish Sprouts,Vegetables,43,2.53,0,6,3.6,NULL,NULL,3.81,0,51,0.86,86,1 cup,38
Yellow Tomatoes,Vegetables,15,0.26,0,23,2.98,0.7,NULL,0.98,0,11,0.49,258,1 cup chopped,139
Mushrooms Shiitake Cooked With Salt,Vegetables,56,0.22,0,240,14.39,2.1,3.84,1.56,0.7,3,0.44,117,1 cup pieces,145
Okra Cooked Boiled Drained With Salt,Vegetables,22,0.21,0,241,4.51,2.5,2.4,1.87,0,77,0.28,135,1/2 cup slices,80
Okra Frozen Cooked Boiled Drained With Salt,Vegetables,29,0.24,0,239,6.41,2.1,2.87,1.63,0,74,0.52,184,1/2 cup slices,92
Onions Cooked Boiled Drained With Salt,Vegetables,42,0.19,0,239,9.56,1.4,4.73,1.36,0,22,0.24,166,1 cup,210
Onions Frozen Chopped Cooked Boiled Drained With Salt,Vegetables,26,0.1,0,248,6,1.7,2.9,0.77,0,16,0.3,108,1 tbsp chopped,15
Cooked Green Peas (Salted),Vegetables,84,0.22,0,239,15.63,5.5,5.93,5.36,0,27,1.54,271,1 cup,160
Peas Green Canned No Salt Added Solids And Liquids,Vegetables,53,0.3,0,9,9.75,3.3,3.2,3.19,0,18,1.02,100,1/2 cup,124
Peas Green Canned No Salt Added Drained Solids,Vegetables,69,0.35,0,2,12.58,4.1,4.16,4.42,0,20,0.95,173,1/2 cup,85
Peas Green Frozen Cooked Boiled Drained With Salt,Vegetables,78,0.27,0,323,14.26,4.5,4.4,5.15,0,24,1.52,110,1/2 cup,80
Red Chili Peppers,Vegetables,40,0.44,0,9,8.81,1.5,5.3,1.87,0,14,1.03,322,1 pepper,45
Peppers Hot Chili Red Canned Excluding Seeds Solids And Liquids,Vegetables,21,0.1,0,1173,5.1,1.3,3.32,0.9,0,7,0.5,187,1 pepper,73
Sweet Red Bell Peppers,Vegetables,26,0.3,0,4,6.03,2.1,4.2,0.99,0,7,0.43,211,1 cup chopped,149
Peppers Sweet Green Cooked Boiled Drained With Salt,Vegetables,26,0.2,0,238,6.11,1.2,3.19,0.92,0,9,0.46,166,1 tbsp,11.6
Cooked Red Bell Peppers,Vegetables,28,0.2,0,2,6.7,1.2,4.39,0.92,0,9,0.46,166,1 cup strips,135
Potatoes Baked Flesh And Skin With Salt,Vegetables,93,0.13,0,10,21.15,2.2,1.18,2.5,0,15,1.08,535,1/2 cup,61
Potatoes Baked Flesh With Salt,Vegetables,93,0.1,0,241,21.55,1.5,1.7,1.96,0,5,0.35,391,1/2 cup,61
Potatoes Baked Skin Only With Salt,Vegetables,198,0.1,0,257,46.06,7.9,1.4,4.29,0,34,7.04,573,1 skin,58
Potatoes Boiled Cooked In Skin Flesh With Salt,Vegetables,87,0.1,0,240,20.13,2,0.91,1.87,0,5,0.31,379,1/2 cup,78
Potatoes Microwaved Cooked In Skin Skin With Salt,Vegetables,132,0.1,0,252,29.63,5.5,NULL,4.39,0,46,5.94,650,1 skin,58
Potatoes Frozen Whole Cooked Boiled Drained With Salt,Vegetables,63,0.13,0,256,13.93,1.4,NULL,1.98,0,7,0.84,287,,NULL
Potatoes Frozen French Fried Par Fried Cottage-Cut Prepared Heated In Oven With Salt,Vegetables,218,8.2,0,281,34.03,3.2,NULL,3.44,0,10,1.49,480,10 strips,50
Potatoes French Fried All Types Salt Not Added In Processing Frozen Oven-Heated,Vegetables,168,5.22,0,32,28.71,2.6,0.28,2.66,0,12,0.74,451,10 strip,74
Pumpkin Flowers Cooked Boiled Drained With Salt,Vegetables,15,0.08,0,242,3.18,0.9,2.4,1.09,0,37,0.88,106,1 cup,134
Pumpkin Leaves Cooked Boiled Drained With Salt,Vegetables,21,0.22,0,244,3.39,2.7,0.69,2.72,0,43,3.2,438,1 cup,71
Purslane Cooked Boiled Drained With Salt,Vegetables,18,0.19,0,280,3.55,NULL,NULL,1.49,0,78,0.77,488,1 cup,115
Radishes Oriental Cooked Boiled Drained With Salt,Vegetables,17,0.24,0,249,3.43,1.6,1.83,0.67,0,17,0.15,285,1 cup slices,147
Spinach Canned No Salt Added Solids And Liquids,Vegetables,19,0.37,0,75,2.92,2.2,0.33,2.11,0,83,1.58,230,1 cup,234
Spinach Frozen Chopped Or Leaf Cooked Boiled Drained With Salt,Vegetables,34,0.87,0,322,4.8,3.7,0.51,4.01,0,153,1.96,302,1/2 cup,95
Squash Summer All Varieties Cooked Boiled Drained With Salt,Vegetables,20,0.31,0,237,4.31,1.4,2.59,0.91,0,27,0.36,192,1 cup slices,180
Squash Summer Crookneck And Straightneck Cooked Boiled Drained With Salt,Vegetables,19,0.39,0,237,3.79,1.1,2.48,1.04,0,22,0.37,177,1 cup slices,180
Squash Winter All Varieties Cooked Baked With Salt,Vegetables,37,0.35,0,237,8.85,2.8,3.3,0.89,0,22,0.44,241,1 cup cubes,205
Squash Winter Acorn Cooked Baked With Salt,Vegetables,56,0.14,0,240,14.58,4.4,NULL,1.12,0,44,0.93,437,1 cup cubes,205
Squash Winter Acorn Cooked Boiled Mashed With Salt,Vegetables,34,0.08,0,239,8.79,2.6,NULL,0.67,0,26,0.56,263,1 cup mashed,245
Squash Winter Butternut Cooked Baked With Salt,Vegetables,40,0.09,0,240,10.49,3.2,1.97,0.9,0,41,0.6,284,1 cup cubes,205
Succotash (Corn And Limas) Frozen Cooked Boiled Drained With Salt,Vegetables,93,0.89,0,281,19.95,4.1,2.21,4.31,0,15,0.89,265,1 cup,170
Swamp Cabbage (Skunk Cabbage) Cooked Boiled Drained With Salt,Vegetables,20,0.24,0,358,3.7,1.9,NULL,2.08,0,54,1.32,284,1 cup chopped,98
Sweet Potato Leaves Cooked Steamed With Salt,Vegetables,35,0.34,0,249,7.38,1.9,5.48,2.18,0,33,0.63,312,1 cup,64
Sweet Potato Cooked Baked In Skin Flesh With Salt,Vegetables,90,0.15,0,246,20.71,3.3,6.48,2.01,0,38,0.69,475,1 medium (2 inch dia 5 inch long raw),114
Taro Shoots Cooked With Salt,Vegetables,14,0.08,0,238,3.19,NULL,NULL,0.73,0,14,0.41,344,1 cup slices,140
Taro Tahitian Cooked With Salt,Vegetables,44,0.68,0,290,6.85,NULL,NULL,4.16,0,149,1.56,623,1 cup slices,137
Tomatoes Red Ripe Cooked With Salt,Vegetables,18,0.11,0,247,4.01,0.7,2.49,0.95,0,11,0.68,218,1 cup,240
Tomatoes Red Ripe Canned Packed In Tomato Juice No Salt Added,Vegetables,16,0.25,0,10,3.47,1.9,2.55,0.79,0,33,0.57,191,1 cup,240
Turnip Greens Cooked Boiled Drained With Salt,Vegetables,20,0.23,0,265,4.36,3.5,0.53,1.14,0,137,0.8,203,1 cup chopped,144
Turnip Greens Frozen Cooked Boiled Drained With Salt,Vegetables,29,0.42,0,251,4.98,3.4,0.75,3.35,0,152,1.94,224,1/2 cup,82
Turnip Greens And Turnips Frozen Cooked Boiled Drained With Salt,Vegetables,34,0.38,0,255,4.74,3.1,0.95,2.99,0,128,1.75,216,1 cup,163
Vegetables Mixed Frozen Cooked Boiled Drained With Salt,Vegetables,60,0.15,0,271,13.09,4.4,3.12,2.86,0,25,0.82,169,1/2 cup,91
Raw Portobellos (Exposed To Sunlight Or Uv),Vegetables,22,0.35,0,9,3.87,1.3,2.5,2.11,28.4,3,0.31,364,1 cup diced,86
Seeds Breadfruit Seeds Raw,Nuts and Seeds,191,5.59,0,25,29.24,5.2,NULL,7.4,0,36,3.67,941,1 oz,28.4
Breadfruit Nuts (Seeds),Nuts and Seeds,168,2.3,0,23,32,4.8,NULL,5.3,0,61,0.6,875,1 oz,28.4
Seeds Cottonseed Flour Low Fat (Glandless),Nuts and Seeds,332,1.41,0,35,36.1,NULL,NULL,49.83,0,474,12.58,1761,1 oz,28.4
Seeds Cottonseed Meal Partially Defatted (Glandless),Nuts and Seeds,367,4.77,0,37,38.43,NULL,NULL,49.1,0,504,13.35,1869,1 oz,28.4
Hemp Seeds,Nuts and Seeds,553,48.75,0,5,8.67,4,1.5,31.56,NULL,70,7.95,1200,3 tbsp,30
Dried Lotus Seeds,Nuts and Seeds,332,1.97,0,5,64.47,NULL,NULL,15.41,0,163,3.53,1368,1 cup,32
Seeds Sesame Seeds Whole Dried,Nuts and Seeds,573,49.67,0,11,23.45,11.8,0.3,17.73,0,975,14.55,468,1 cup,144
Sesame Seeds (Toasted),Nuts and Seeds,565,48,0,11,25.74,14,NULL,16.96,0,989,14.76,475,1 oz,28.4
Seeds Sesame Seed Kernels Toasted Without Salt Added (Decorticated),Nuts and Seeds,567,48,0,39,26.04,16.9,0.48,16.96,0,131,7.78,406,1 cup,128
Seeds Sesame Flour Partially Defatted,Nuts and Seeds,382,11.89,0,41,35.14,NULL,NULL,40.32,0,150,14.3,425,1 oz,28.4
Seeds Sunflower Seed Kernels Toasted Without Salt,Nuts and Seeds,619,56.8,0,3,20.59,11.5,NULL,17.21,0,57,6.81,491,1 cup,134
Seeds Sunflower Seed Butter Without Salt,Nuts and Seeds,617,55.2,0,3,23.32,5.7,10.54,17.28,0,64,4.12,576,1 tbsp,16
Seeds Sunflower Seed Flour Partially Defatted,Nuts and Seeds,326,1.61,0,3,35.83,5.2,NULL,48.06,0,114,6.62,67,1 cup,64
Nuts Acorns Raw,Nuts and Seeds,387,23.86,0,0,40.75,NULL,NULL,6.15,NULL,41,0.79,539,1 oz,28.4
Dry Roasted Almonds,Nuts and Seeds,598,52.54,0,3,21.01,10.9,4.86,20.96,0,268,3.73,713,1 cup whole kernels,138
Nuts Almonds Oil Roasted Without Salt Added,Nuts and Seeds,607,55.17,0,1,17.68,10.5,4.55,21.23,0,291,3.68,699,1 cup whole kernels,157
Almond Paste,Nuts and Seeds,458,27.74,0,9,47.81,4.8,36.25,9,0,172,1.6,314,1 oz,28.4
Dried Beechnuts,Nuts and Seeds,576,50,0,38,33.5,NULL,NULL,6.2,NULL,1,2.46,1017,1 oz,28.4
Cashews (Raw),Nuts and Seeds,553,43.85,0,12,30.19,3.3,5.91,18.22,0,37,6.68,660,1 oz,28.4
Cashew Butter,Nuts and Seeds,587,49.41,0,15,27.57,2,NULL,17.56,0,43,5.03,546,1 tbsp,16
Chinese Chestnuts,Nuts and Seeds,224,1.11,0,3,49.07,NULL,NULL,4.2,0,18,1.41,447,1 oz,28.4
Dried Chinese Chestnuts,Nuts and Seeds,363,1.81,0,5,79.76,NULL,NULL,6.82,0,29,2.29,726,1 oz,28.4
Boiled Chinese Chestnuts,Nuts and Seeds,153,0.76,0,2,33.64,NULL,NULL,2.88,0,12,0.97,306,1 oz,28.4
Nuts Chestnuts European Dried Peeled,Nuts and Seeds,369,3.91,0,37,78.43,NULL,NULL,5.01,0,64,2.39,991,1 oz,28.4
Boiled Chestnuts,Nuts and Seeds,131,1.38,0,27,27.76,NULL,NULL,2,0,46,1.73,715,1 oz,28.4
Nuts Coconut Meat Raw,Nuts and Seeds,354,33.49,0,20,15.23,9,6.23,3.33,0,14,2.43,356,1 cup shredded,80
Dried Coconut (Unsweetened),Nuts and Seeds,660,64.53,0,37,23.65,16.3,7.35,6.88,0,26,3.32,543,1 oz,28.4
Nuts Coconut Cream Canned Sweetened,Nuts and Seeds,357,16.31,0,36,53.21,0.2,51.5,1.17,0,4,0.13,101,1 tbsp,19
Nuts Coconut Milk Raw (Liquid Expressed From Grated Meat And Water),Nuts and Seeds,230,23.84,0,15,5.54,2.2,3.34,2.29,0,16,1.64,263,1 cup,240
Coconut Milk,Nuts and Seeds,197,21.33,0,13,2.81,NULL,NULL,2.02,0,18,3.3,220,1 cup,226
Coconut Water,Nuts and Seeds,19,0.2,0,105,3.71,1.1,2.61,0.72,0,24,0.29,250,1 cup,240
Dried Ginkgo Nuts,Nuts and Seeds,348,2,0,13,72.45,NULL,NULL,10.35,0,20,1.6,998,1 oz,28.4
Nuts Ginkgo Nuts Canned,Nuts and Seeds,111,1.62,0,307,22.1,9.3,NULL,2.29,0,4,0.29,180,1 cup (78 kernels),155
Dried Hickorynuts,Nuts and Seeds,657,64.37,0,1,18.25,6.4,NULL,12.72,0,61,2.12,436,1 cup,120
Macadamia Nuts,Nuts and Seeds,718,75.77,0,5,13.82,8.6,4.57,7.91,0,85,3.69,368,1 cup whole or halves,134
Dry Roasted Macadamia Nuts,Nuts and Seeds,718,76.08,0,4,13.38,8,4.14,7.79,0,70,2.65,363,1 cup whole or halves,132
Nuts Formulated Wheat-Based Unflavored With Salt Added,Nuts and Seeds,622,57.7,0,505,23.68,5.2,NULL,13.82,0,26,2.4,318,1 oz,28.4
Nuts Mixed Nuts Dry Roasted With Peanuts Salt Added Chosen Roaster,Nuts and Seeds,608,53.2,NULL,113,24.62,7.1,3.9,18,NULL,106,3.22,585,1 cup,132
Pecans,Nuts and Seeds,691,71.97,0,0,13.86,9.6,3.97,9.17,0,70,2.53,410,1 cup chopped,109
Dry Roasted Pecans,Nuts and Seeds,710,74.27,0,1,13.55,9.4,4.06,9.5,0,72,2.8,424,1 oz,28.4
Pistachio Nuts,Nuts and Seeds,560,45.32,0,1,27.17,10.6,7.66,20.16,0,105,3.92,1025,1 cup,123
Dry Roasted Pistachio Nuts,Nuts and Seeds,572,45.82,0,6,28.28,10.3,7.74,21.05,0,107,4.03,1007,1 cup,123
Black Walnuts (Dried),Nuts and Seeds,619,59.33,0,2,9.58,6.8,1.1,24.06,0,61,3.12,523,1 cup chopped,125
Walnuts,Nuts and Seeds,654,65.21,0,2,13.71,6.7,2.61,15.23,0,98,2.91,441,1 cup chopped,117
Roasted Squash And Pumpkin Seeds (With Shells),Nuts and Seeds,446,19.4,0,18,53.75,18.4,NULL,18.55,0,55,3.31,919,1 cup,64
Sesame Butter (Tahini),Nuts and Seeds,595,53.76,0,115,21.19,9.3,0.49,17,0,426,8.95,414,1 tbsp,15
Roasted Chestnuts,Nuts and Seeds,245,2.2,0,2,52.96,5.1,10.6,3.17,0,29,0.91,592,1 cup,143
Seeds Sesame Butter Paste,Nuts and Seeds,586,50.87,0,12,24.05,5.5,NULL,18.08,0,960,19.2,582,1 tbsp,16
Seeds Sesame Flour High-Fat,Nuts and Seeds,526,37.1,0,41,26.62,NULL,NULL,30.78,0,159,15.17,423,1 oz,28.4
Beef Variety Meats And By-Products Suet Raw,Meats,854,94,68,7,0,0,0,1.5,NULL,2,0.17,16,1 oz,28.4
Beef Variety Meats And By-Products Thymus Raw,Meats,236,20.35,223,96,0,0,NULL,12.18,NULL,7,2.1,360,1 oz,28.4
Beef Variety Meats And By-Products Thymus Cooked Braised,Meats,319,24.98,294,116,0,0,NULL,21.85,NULL,10,1.49,433,3 oz,85
Beef Variety Meats And By-Products Tongue Raw,Meats,224,16.09,87,69,3.68,0,NULL,14.9,NULL,6,2.95,315,1 oz,28.4
Beef Cured Breakfast Strips Raw Or Unheated,Meats,406,38.8,82,955,0.7,0,NULL,12.5,NULL,4,1.23,153,3 slices,68
Beef Cured Breakfast Strips Cooked,Meats,449,34.4,119,2253,1.4,0,0,31.3,0.2,9,3.14,412,3 slices,34
Beef Cured Corned Beef Brisket Raw,Meats,198,14.9,54,1217,0.14,0,NULL,14.68,NULL,7,1.69,297,1 oz,28.4
Beef Cured Corned Beef Brisket Cooked,Meats,251,18.98,98,973,0.47,0,0,18.17,0.1,8,1.86,145,3 oz,85
Beef Chuck Under Blade Center Steak Boneless Denver Cut Separable Lean Only Trimmed To 0 Inch Fat Choice Cooked Grilled,Meats,228,13.42,89,73,0.28,0,0,26.49,0.1,12,3.32,318,3 oz,85
Beef Cured Luncheon Meat Jellied,Meats,111,3.3,34,1322,0,0,NULL,19,NULL,10,3.45,402,1 slice (1 oz) (4 inch x 4 inch x 3/32 inch thick),28
Beef Chuck Under Blade Center Steak Boneless Denver Cut Separable Lean Only Trimmed To 0 Inch Fat Select Cooked Grilled,Meats,209,11.46,98,74,0,0,0,26.53,0.1,16,3.37,306,3 oz,85
Beef Cured Pastrami,Meats,147,5.82,68,1078,0.36,0,0.1,21.8,0.1,10,2.22,210,1 package 2.5 oz,71
Beef Chuck Under Blade Center Steak Boneless Denver Cut Separable Lean Only Trimmed To 0 Inch Fat All Grades Raw,Meats,170,9.99,69,77,0.49,0,0,19.42,0.1,11,2.42,321,3 oz,85
Beef Composite Of Trimmed Retail Cuts Separable Lean And Fat Trimmed To 0 Inch Fat Choice Cooked,Meats,233,12.53,86,62,0,0,0,28.17,0.1,15,2.79,321,3 oz,85
Beef Composite Of Trimmed Retail Cuts Separable Lean And Fat Trimmed To 0 Inch Fat Select Cooked,Meats,203,9.18,85,62,0,0,0,28.61,0.1,15,2.69,333,3 oz,85
Beef Composite Of Trimmed Retail Cuts Separable Lean Only Trimmed To 0 Inch Fat All Grades Cooked,Meats,203,8.37,90,64,0,0,0,29.9,0.1,14,2.98,339,3 oz,85
Beef Composite Of Trimmed Retail Cuts Separable Lean Only Trimmed To 0 Inch Fat Choice Cooked,Meats,206,8.87,89,63,0,0,0,29.51,0.1,14,2.98,338,3 oz,85
Beef Brisket Flat Half Separable Lean Only Trimmed To 0 Inch Fat All Grades Cooked Braised,Meats,205,6.99,100,54,0,0,0,33.26,NULL,16,2.82,267,3 oz,85
Beef Brisket Point Half Separable Lean And Fat Trimmed To 0 Inch Fat All Grades Cooked Braised,Meats,358,28.5,92,68,0,0,0,23.53,NULL,8,2.34,233,3 oz,85
Beef Brisket Point Half Separable Lean Only Trimmed To 0 Inch Fat All Grades Cooked Braised,Meats,244,13.8,91,77,0,0,0,28.05,NULL,6,2.79,273,3 oz,85
Beef Chuck Arm Pot Roast Separable Lean And Fat Trimmed To 0 Inch Fat All Grades Cooked Braised,Meats,297,19.17,116,47,0,0,0,28.94,0.2,16,2.42,231,3 oz,85
Beef Chuck Under Blade Pot Roast Boneless Separable Lean And Fat Trimmed To 0 Inch Fat Select Cooked Braised,Meats,288,19.02,98,64,0,0,0,27.17,0.1,14,2.67,261,3 oz,85
Beef Chuck Blade Roast Separable Lean Only Trimmed To 0 Inch Fat All Grades Cooked Braised,Meats,253,13.3,106,71,0,0,0,31.06,0.2,13,3.68,263,3 oz,85
Beef Chuck Under Blade Pot Roast Boneless Separable Lean Only Trimmed To 0 Inch Fat Choice Cooked Braised,Meats,231,11.14,105,63,0,0,0,30.45,0.1,14,3.2,307,3 oz,85
Beef Chuck Under Blade Pot Roast Boneless Separable Lean Only Trimmed To 0 Inch Fat Select Cooked Braised,Meats,216,9.44,102,67,0,0,0,30.68,0.1,14,3.18,306,3 oz,85
Beef Rib Large End (Ribs 6-9) Separable Lean Only Trimmed To 0 Inch Fat Select Cooked Roasted,Meats,220,11.4,81,73,0,0,NULL,27.53,NULL,8,2.82,357,3 oz,85
Beef Rib Small End (Ribs 10-12) Separable Lean And Fat Trimmed To 0 Inch Fat All Grades Cooked Broiled,Meats,249,14.74,89,56,0,0,0,27.27,0.2,20,1.75,340,3 oz,85
Beef Rib Small End (Ribs 10-12) Separable Lean And Fat Trimmed To 0 Inch Fat Choice Cooked Broiled,Meats,312,22.84,83,64,0,0,NULL,24.73,NULL,13,2.28,342,3 oz,85
Beef Rib Small End (Ribs 10-12) Separable Lean And Fat Trimmed To 0 Inch Fat Select Cooked Broiled,Meats,285,19.79,83,64,0,0,NULL,24.91,NULL,13,2.3,344,3 oz,85
Beef Round Bottom Round Roast Separable Lean And Fat Trimmed To 0 Inch Fat All Grades Cooked Roasted,Meats,187,7.72,79,36,0,0,0,27.42,NULL,7,2.24,223,3 oz,85
Beef Round Bottom Round Steak Separable Lean And Fat Trimmed To 0 Inch Fat Choice Cooked Braised,Meats,230,10,96,42,0,0,0,32.73,NULL,7,2.71,264,3 oz,85
Beef Round Bottom Round Roast Separable Lean And Fat Trimmed To 0 Inch Fat Choice Cooked Roasted,Meats,199,9.37,81,35,0,0,0,26.76,NULL,6,2.2,215,3 oz,85
Beef Round Bottom Round Steak Separable Lean And Fat Trimmed To 0 Inch Fat Select Cooked Braised,Meats,217,7.72,93,45,0,0,0,34.39,NULL,9,2.74,279,3 oz,85
Beef Round Bottom Round Steak Separable Lean Only Trimmed To 0 Inch Fat Select Cooked Braised,Meats,206,6.3,91,46,0,0,0,34.93,NULL,7,2.85,289,3 oz,85
Beef Round Bottom Round Roast Separable Lean Only Trimmed To 0 Inch Fat Select Cooked Roasted,Meats,169,5.33,76,38,0,0,0,28.29,NULL,6,2.35,238,3 oz,85
Roasted Beef Eye Of Round Roast,Meats,167,4.46,76,67,0,0,0,29.66,0,16,1.84,401,3 oz,85
Beef Round Eye Of Round Roast Boneless Separable Lean And Fat Trimmed To 0 Inch Fat Choice Cooked Roasted,Meats,171,4.83,74,66,0,0,0,29.79,0,16,1.86,408,3 oz,85
Beef Round Tip Round Roast Separable Lean And Fat Trimmed To 0 Inch Fat All Grades Cooked Roasted,Meats,188,8.21,78,35,0,0,0,26.79,0.2,6,2.18,217,3 oz,85
Beef Round Tip Round Roast Separable Lean And Fat Trimmed To 0 Inch Fat Choice Cooked Roasted,Meats,196,8.9,80,35,0,0,0,27.01,NULL,6,2.22,216,3 oz,85
Beef Round Tip Round Roast Separable Lean And Fat Trimmed To 0 Inch Fat Select Cooked Roasted,Meats,181,7.53,76,35,0,0,0,26.57,NULL,7,2.15,218,3 oz,85
Beef Round Tip Round Roast Separable Lean Only Trimmed To 0 Inch Fat All Grades Cooked Roasted,Meats,174,6.2,74,36,0,0,0,27.53,0.1,6,2.3,226,3 oz,85
Beef Round Top Round Separable Lean And Fat Trimmed To 0 Inch Fat Select Cooked Braised,Meats,200,5.33,90,45,0,0,0,35.62,NULL,4,3.27,330,3 oz,85
Beef Round Top Round Separable Lean Only Trimmed To 0 Inch Fat Choice Cooked Braised,Meats,207,5.8,90,45,0,0,0,36.12,NULL,4,3.32,334,3 oz,85
Beef Round Top Round Separable Lean Only Trimmed To 0 Inch Fat Select Cooked Braised,Meats,190,4,90,45,0,0,0,36.12,NULL,4,3.32,334,3 oz,85
Beef Loin Tenderloin Steak Boneless Separable Lean And Fat Trimmed To 0 Inch Fat All Grades Cooked Grilled,Meats,211,8.91,93,57,0,0,0,30.5,0.1,13,3.24,350,3 oz,85
Beef Loin Tenderloin Steak Boneless Separable Lean And Fat Trimmed To 0 Inch Fat Choice Cooked Grilled,Meats,217,9.71,93,58,0,0,0,30.21,0.1,14,3.32,356,3 oz,85
Beef Loin Top Loin Steak Boneless Lip Off Separable Lean And Fat Trimmed To 0 Inch Fat All Grades Cooked Grilled,Meats,223,11.15,81,59,0,0,0,28.57,0.1,14,3.41,366,3 oz,85
Beef Loin Top Loin Steak Boneless Lip Off Separable Lean And Fat Trimmed To 0 Inch Fat Choice Cooked Grilled,Meats,233,12.51,88,59,0,0,0,28.19,0.1,14,3.37,361,3 oz,85
Puddings Banana Dry Mix Regular With Added Oil,Sweets,387,5,0,788,88.4,0.3,NULL,0,NULL,20,0.05,17,1 package (3.12 oz),88
Puddings Lemon Dry Mix Regular With Added Oil Potassium Sodium,Sweets,366,1.5,0,849,90.3,0.1,NULL,0.1,NULL,NULL,0.17,257,1 package (3 oz),85
Puddings Tapioca Dry Mix With No Added Salt,Sweets,369,0.1,0,8,94.3,0.2,NULL,0.1,NULL,4,0.12,5,1 package (3.5 oz),92
Snacks Corn-Based Extruded Puffs Or Twists Cheese-Flavor Unenriched,Snacks,558,35.76,4,896,54.1,2.2,2.76,5.76,0,58,1.1,197,1 oz,28.4
Snacks Corn-Based Extruded Chips Barbecue-Flavor Made With Enriched Masa Flour,Snacks,523,32.7,0,763,56.2,NULL,NULL,7,NULL,131,4.9,236,1 oz,28.4
Snacks Popcorn Air-Popped (Unsalted),Snacks,382,4.2,0,4,77.9,15.1,NULL,12,NULL,10,2.66,301,1 cup,8
Snacks Popcorn Oil-Popped White Popcorn Salt Added,Snacks,500,28.1,0,884,57.2,10,NULL,9,NULL,10,2.78,225,1 cup,11
Snacks Potato Chips Plain Made With Partially Hydrogenated Soybean Oil Salted,Snacks,536,34.6,0,594,52.9,4.8,NULL,7,NULL,24,1.63,1275,1 oz,28.4
Snacks Pretzels Hard Plain Made With Enriched Flour Unsalted,Snacks,381,3.5,0,250,79.2,2.8,2.21,9.1,0,36,4.32,146,1 oz,28.4
Snacks Rice Cakes Brown Rice Plain Unsalted,Snacks,387,2.8,0,26,81.5,4.2,0.88,8.2,0,11,1.49,290,1 cake,9
Snacks Rice Cakes Brown Rice Buckwheat Unsalted,Snacks,380,3.5,0,4,80.1,NULL,NULL,9,NULL,11,1.14,299,1 cake,9
Snacks Rice Cakes Brown Rice Multigrain Unsalted,Snacks,387,3.5,0,4,80.1,NULL,NULL,8.5,NULL,21,1.96,294,1 cake,9
Potato Chips Without Salt Reduced Fat,Snacks,487,20.8,0,8,67.8,6.1,0.22,7.1,0,21,1.35,1744,1 oz,28.4
Snacks Tortilla Chips Low Fat Unsalted,Snacks,416,5.7,0,15,80.1,5.3,0.85,11,0,159,1.6,272,1 oz,28.4
Frozen Novelties Juice Type Popsicle Scribblers,Sweets,81,0.24,NULL,13,19.68,0,14.57,0,NULL,5,0.3,23,1 serving 1.2 fl oz pop,33
Snacks Tortilla Chips Nacho-Flavor Made With Enriched Masa Flour,Snacks,511,25.6,3,708,62.3,5.3,NULL,7.8,NULL,147,3.7,216,1 oz,28.4
Sweeteners Tabletop Sucralose Splenda Packets,Sweets,336,0,0,0,91.17,0,80.33,0,0,0,0,4,1 serving 1 packet,1
Frozen Novelties No Sugar Added Fudgsicle Pops,Sweets,124,1.87,2,96,23.11,1.5,5.1,3.67,0,231,1.58,253,1 serving,84
Frozen Novelties Ice Type Sugar Free Orange Cherry And Grape Popsicle Pops,Sweets,21,0,0,10,5.14,0,1.52,0,NULL,0,0.67,11,1 serving 1.75 fl oz pop,55
Frozen Novelties Klondike Slim-A-Bear Fudge Bar 98% Fat Free No Sugar Added,Sweets,124,1.88,7,120,30.07,6,7.1,4.31,NULL,138,0.71,NULL,1 serving 3.5 fl oz bar,74
Ice Creams Breyers All Natural Light Vanilla,Sweets,162,4.59,15,71,25.3,0.2,22.78,4.84,NULL,169,0.06,NULL,1 serving 1/2 cup,68
Ice Creams Breyers No Sugar Added Butter Pecan,Sweets,180,10.3,18,164,21.3,0.9,5.9,3.99,NULL,130,0.19,NULL,1 serving 1/2 cup,68
Ice Creams Breyers No Sugar Added French Vanilla,Sweets,154,7.05,53,87,20.75,0.5,7.7,4.5,NULL,151,0.19,NULL,1 serving 1/2 cup,68
Ice Creams Breyers No Sugar Added Vanilla,Sweets,143,6.2,18,66,21.92,0.5,6.09,3.68,NULL,133,0.09,NULL,1 serving 1/2 cup,69
Ice Creams Breyers No Sugar Added Vanilla Fudge Twirl,Sweets,153,5.68,16,72,25.63,0.8,5.49,3.53,NULL,121,0.36,NULL,1 serving 1/2 cup,72
Frozen Novelties No Sugar Added Creamsicle Pops,Sweets,72,0.61,3,41,12.88,3.6,2.75,3.69,NULL,137,0.28,NULL,1 serving 1 pop,44
Frozen Novelties Sugar Free Creamsicle Pops,Sweets,49,2.33,0,6,11.95,7.5,0.43,1.37,NULL,23,0.03,NULL,1 serving 2 pops,80
Ice Creams Breyers All Natural Light French Chocolate,Sweets,201,7.28,41,75,29.68,1,24.04,5.3,NULL,158,0.85,NULL,1 serving 1/2 cup,68
Ice Creams Breyers 98% Fat Free Chocolate,Sweets,136,2.17,7,75,30.18,5.8,20.29,3.89,NULL,126,0.84,NULL,1 serving 1/2 cup,68
Ice Creams Regular Low Carbohydrate Chocolate,Sweets,237,12.7,34,76,26.8,4.8,6.35,3.8,0.2,109,0.93,249,1 individual (3.5 fl oz),58
Dark Chocolate (45-59% Cocoa),Sweets,546,31.28,8,24,61.17,7,47.9,4.88,NULL,56,8.02,559,1 oz,28.4
Dark Chocolate (60-69% Cocoa),Sweets,579,38.31,6,10,52.42,8,36.71,6.12,NULL,62,6.32,567,1 oz,28.4
Dark Chocolate (70-85% Cocoa),Sweets,598,42.63,3,20,45.9,10.9,23.99,7.79,NULL,73,11.9,715,1 oz,28.4
Chocolate Dark NFS (45-59% Cacao Solids 90%; 60-69% Cacao Solids 5%; 70-85% Cacao Solids 5%),Sweets,550,32.2,7,23,59.97,7.2,46.14,5.09,0,57,8.13,568,1 oz,28.4
Crispy Bar With Peanut Butter Filling,Sweets,542,31.34,5,264,55.53,3.3,40.33,9.53,0,70,1.3,295,1 serving 1.5 oz,42
Syrup Maple Canadian,Sweets,270,0,0,9,67.38,0,59.92,0,NULL,109,0.11,225,60 milliliter,80
Sweetener Syrup Agave,Sweets,310,0.45,0,4,76.37,0.2,68.03,0.09,0,1,0.09,4,1 tsp,6.9
Nestle Butterfinger Crisp,Sweets,465,18.33,0,13,68.45,1.7,48.33,6.67,0,33,0.6,429,1 piece,60
Fruit Snacks With High Vitamin C,Sweets,352,0,0,23,87.97,0,68.18,0.08,0,0,0,8,1 serving,44
Jams Preserves Marmalades Sweetened With Fruit Juice,Sweets,212,0,0,0,52.93,0.9,42,0,0,11,0.34,65,,NULL
Candied Tamarind,Sweets,331,0,0,1643,91.96,2.5,78.57,0,0,0,0,309,,NULL
Coconut Bar Not Chocolate Covered,Sweets,481,27.65,0,128,55.87,6.4,36.16,2.13,0,43,0.77,294,,NULL
Barley Hulled,Grains and Pasta,354,2.3,0,12,73.48,17.3,0.8,12.48,0,33,3.6,452,1 cup,184
Barley Pearled Raw,Grains and Pasta,352,1.16,0,9,77.72,15.6,0.8,9.91,0,29,2.5,280,1 cup,200
Cooked Pearled Barley,Grains and Pasta,123,0.44,0,3,28.22,3.8,0.28,2.26,0,11,1.33,93,1 cup,157
Buckwheat (Uncooked),Grains and Pasta,343,3.4,0,1,71.5,10,NULL,13.25,0,18,2.2,460,1 cup,170
Cooked Bulgur,Grains and Pasta,83,0.24,0,5,18.58,4.5,0.1,3.08,0,10,0.96,68,1 cup,182
Corn Grain Yellow,Grains and Pasta,365,4.74,0,35,74.26,7.3,0.64,9.42,0,7,2.71,287,1 cup,166
Corn Bran Crude,Grains and Pasta,224,0.92,0,7,85.64,79,0,8.36,0,42,2.79,44,1 cup,76
Corn Flour Whole-Grain Yellow,Grains and Pasta,361,3.86,0,5,76.85,7.3,0.64,6.93,0,7,2.38,315,1 cup,117
Nachos With Cheese,Fast Foods,343,21.5,3,313,34.91,3.2,2.17,4.32,0,63,0.75,362,1 serving,80
Nachos With Cheese Beans Ground Beef And Tomatoes,Fast Foods,219,12.48,14,348,21.39,3.7,1.63,6.21,0.1,47,1.01,298,1 serving,222
Cheeseburger Double Regular Patty And Bun With Condiments,Fast Foods,282,16.18,50,617,17.97,1,4.16,16.24,0.2,150,2.35,226,1 sandwich,155
Cheeseburger; Single Large Patty; Plain,Fast Foods,310,15.97,51,481,24.07,1.7,4.67,17.29,0.1,114,2.57,210,1 sandwich,182
Chicken Fillet Sandwich Plain With Pickles,Fast Foods,250,11.19,35,753,20.89,1.4,3.64,16.28,0.1,58,1.77,245,1 sandwich,187
Fish Sandwich With Tartar Sauce,Fast Foods,257,12.45,35,602,26.69,1,3.53,10.29,0.2,37,1.5,206,1 sandwich,220
Fish Sandwich With Tartar Sauce And Cheese,Fast Foods,279,14.64,37,434,26.39,0.8,3.67,11.26,0.9,120,1.56,220,1 sandwich,134
Submarine Sandwich Roast Beef On White Bread With Lettuce And Tomato,Fast Foods,156,2.73,18,329,20.34,0.7,3,12.17,0,164,2.09,188,6 inch sub,190
Submarine Sandwich Tuna On White Bread With Lettuce And Tomato,Fast Foods,218,12.04,28,329,15.95,0.7,1.93,12.33,0.5,136,1.57,177,6 inch sub,237
Coleslaw (Fast Food),Fast Foods,153,9.91,4,203,14.89,1.9,12.19,0.95,NULL,30,0.22,129,1 cup,191
Hush Puppies,Fast Foods,296,13.25,0,813,40.21,2.9,3.8,6.16,0,100,2.55,256,1 piece,22
Fast Food Biscuit,Fast Foods,370,18.92,2,979,42.82,2.5,3.88,7.08,0,70,2.76,131,1 biscuit,55
Chick-Fil-A Chick-N-Strips,Fast Foods,228,11.2,56,577,10.39,0.9,1.24,21.4,NULL,25,0.97,497,1 strip,50
Chick-Fil-A Hash Browns,Fast Foods,301,18.5,NULL,454,30.51,3.2,0.54,3,NULL,22,0.65,456,1 piece,5.5
School Lunch Pizza Big Daddys Ls 16 Inch 51% Whole Grain Rolled Edge Cheese Pizza Frozen,Fast Foods,243,8.81,18,400,27.1,2.7,4.77,13.89,NULL,183,2.5,288,1 slice 1/8 per pizza,155
Submarine Sandwich Sweet Onion Chicken Teriyaki On White Bread With Lettuce Tomato And Sweet Onion Sauce,Fast Foods,155,2.37,22,305,22.54,1.2,6.06,10.91,0,142,1.52,285,6 inch sub,228
Subway Subway Club Sub On White Bread With Lettuce And Tomato,Fast Foods,146,2.42,16,348,20.36,1.4,3.19,10.66,NULL,153,1.93,265,6 inch sub,207
Submarine Sandwich Turkey Roast Beef And Ham On White Bread With Lettuce And Tomato,Fast Foods,146,2.42,16,348,20.36,1.4,3.19,10.66,0.1,153,1.93,265,12 inch sub,413
Submarine Sandwich Oven Roasted Chicken On White Bread With Lettuce And Tomato,Fast Foods,157,3.15,23,268,21.35,1.2,2.99,10.84,0,154,1.72,198,6 inch sub,198
Subway Steak & Cheese Sub On White Bread With American Cheese Lettuce And Tomato,Fast Foods,183,5.34,24,444,21.49,1.2,3.41,12.29,NULL,183,2.02,183,6 inch sub,201
Submarine Sandwich Steak And Cheese On White Bread With Cheese Lettuce And Tomato,Fast Foods,183,5.34,24,444,21.49,1.2,3.41,12.29,0.2,183,2.02,183,6 inch sub,201
Subway B.l.t. Sub On White Bread With Bacon Lettuce And Tomato,Fast Foods,205,6.41,13,354,26.66,1.6,3.61,10.06,NULL,210,2.14,186,6 inch sub,148
Submarine Sandwich Bacon Lettuce And Tomato On White Bread,Fast Foods,205,6.41,13,354,26.66,1.6,3.61,10.06,0,210,2.14,186,6 inch sub,148
Subway Oven Roasted Chicken Sub On White Bread With Lettuce And Tomato,Fast Foods,157,3.15,23,268,21.35,1.2,2.99,10.84,NULL,154,1.72,198,6 inch sub,198
Subway Cold Cut Sub On White Bread With Lettuce And Tomato,Fast Foods,214,10.04,27,575,20.43,1.2,3.18,10.52,NULL,171,1.81,282,6 inch sub,196
Subway Tuna Sub,Fast Foods,221,12.04,28,329,15.95,0.7,1.93,12.33,NULL,136,1.57,177,6 inch sub,237
Pizza Cheese Topping Regular Crust Frozen Cooked,Fast Foods,268,12.28,14,447,29.02,2.2,3.57,10.36,0,179,2.27,152,1 serving 9 servings per 24 oz package,81
Fast Foods Crispy Chicken Filet Sandwich With Lettuce And Mayonnaise,Fast Foods,276,13.59,29,617,27.4,1.4,3.4,10.94,0.2,72,1.71,179,1 sandwich,152
McDonalds Filet-O-Fish,Fast Foods,282,14.64,32,434,26.39,1.4,3.67,11.26,NULL,120,1.56,220,1 sandwich,134
McDonalds Cheeseburger,Fast Foods,263,11.79,35,626,27.81,1.1,6.22,12.97,NULL,167,2.35,200,1 item 4 oz,119
McDonalds Quarter Pounder,Fast Foods,244,11.55,39,427,22.17,1.6,5.13,14.1,NULL,84,2.41,227,1 item,171
Wendys Classic Single Hamburger With Cheese,Fast Foods,221,11.6,38,476,14.2,1.4,NULL,14.87,NULL,75,2.34,187,1 item,236
Wendys Jr. Hamburger Without Cheese,Fast Foods,243,8.75,27,539,28.45,1.7,NULL,12.62,NULL,45,3.35,175,1 item,117
Wendys Jr. Hamburger With Cheese,Fast Foods,256,11.5,36,660,24.97,1.4,NULL,13.06,NULL,92,2.78,178,1 item,129
Wendys Classic Double With Cheese,Fast Foods,241,14.2,51,422,11.71,1.1,NULL,16.52,NULL,58,2.94,214,1 item,310
Wendys Frosty Dairy Dessert,Fast Foods,132,2.6,16,98,23.62,3.3,NULL,3.49,NULL,128,1.04,185,1 junior 6 oz. cup,113
Burger King French Fries,Fast Foods,280,12.48,NULL,279,38.7,2.9,0.51,3.23,NULL,17,0.73,467,1 small serving,74
Burger King Hamburger,Fast Foods,261,10.55,35,461,26.76,1,5.6,14.85,NULL,76,2.87,217,1 sandwich,99
Burger King Cheeseburger,Fast Foods,286,14.81,45,602,23.71,1,4.49,14.57,NULL,93,2.5,178,1 item,133
Burger King Premium Fish Sandwich,Fast Foods,260,12.45,31,602,26.69,0.9,3.53,10.29,NULL,37,1.5,206,1 sandwich,220
Burger King Original Chicken Sandwich,Fast Foods,286,14.69,31,638,26.22,2.4,3.02,12.14,NULL,46,1.79,196,1 sandwich,199
Taco Bell Original Taco With Beef Cheese And Lettuce,Fast Foods,229,12.7,28,397,19.85,3.9,0.9,8.86,NULL,89,1.19,209,1 each taco,69
Taco Bell Soft Taco With Beef Cheese And Lettuce,Fast Foods,206,9.75,25,560,20.23,2.9,1.57,9.25,NULL,123,1.67,161,1 each taco,102
Taco Bell Burrito Supreme With Chicken,Fast Foods,179,6.42,21,564,20.51,2.4,NULL,9.84,NULL,94,1.56,264,1 item,248
Taco Bell Burrito Supreme With Steak,Fast Foods,183,7.27,21,534,20.32,2.4,NULL,9.13,NULL,101,2,228,1 item,248
Taco Bell Nachos,Fast Foods,350,21.5,3,313,34.91,3.2,2.17,4.32,NULL,63,0.75,362,1 serving,80
Taco Bell Nachos Supreme,Fast Foods,223,12.48,14,348,21.39,3.7,1.63,6.21,NULL,47,1.01,298,1 serving,222
Popeyes Spicy Chicken Strips Analyzed 2006,Fast Foods,253,11.2,53,997,18.52,1.2,0,19.61,NULL,12,1.01,289,1 strip,53
Kfc Biscuit,Fast Foods,358,17.05,1,1070,43.55,2,4.04,7.5,NULL,55,2.86,115,1 biscuit,49
Kfc Coleslaw,Fast Foods,144,8.64,2,189,15.65,2,13.54,0.91,NULL,28,0.21,140,1 package,112
Kfc Crispy Chicken Strips,Fast Foods,274,15.42,51,948,13.66,1.4,0,20.25,NULL,25,0.69,333,1 strip,47
Kfc Fried Chicken Original Recipe Wing Meat Only Skin And Breading Removed,Fast Foods,216,10.49,141,738,1.76,NULL,NULL,28.65,NULL,40,0.98,286,1 wing wing without skin,39
Kfc Fried Chicken Extra Crispy Skin And Breading,Fast Foods,464,36.61,59,828,22.54,1.5,0,10.96,NULL,41,0.67,170,,NULL
Kfc Fried Chicken Extra Crispy Breast Meat Only Skin And Breading Removed,Fast Foods,153,4.82,87,477,0.25,NULL,NULL,27.25,NULL,20,0.51,309,1 breast without skin,140
Kfc Fried Chicken Extra Crispy Drumstick Meat Only Skin And Breading Removed,Fast Foods,170,7.43,137,526,0,NULL,NULL,25.9,NULL,16,1.05,273,1 drumstick bone and skin removed,41
Kfc Fried Chicken Original Recipe Thigh Meat And Skin With Breading,Fast Foods,269,17.73,104,781,8.46,0,0,18.9,NULL,64,0.88,237,1 thigh with skin,135
Kfc Fried Chicken Original Recipe Wing Meat And Skin With Breading,Fast Foods,297,18.9,113,884,9.93,0,0,21.7,NULL,77,0.93,266,1 wing with skin,60
Kfc Fried Chicken Breast,Fast Foods,268,16.55,76,607,8.47,NULL,NULL,21.24,NULL,27,0.57,258,1 breast with skin,212
Kfc Fried Chicken Extra Crispy Drumstick Meat And Skin With Breading,Fast Foods,274,17.73,109,632,7.96,NULL,NULL,20.62,NULL,25,0.91,237,1 drumstick with skin,81
Popeyes Fried Chicken Mild Skin And Breading,Fast Foods,433,32.32,82,769,21.54,1,0,13.96,NULL,26,1.73,192,,NULL
Popeyes Fried Chicken Mild Thigh Meat Only Skin And Breading Removed,Fast Foods,188,9.66,131,601,0.85,NULL,NULL,24.31,NULL,34,1.03,294,1 thigh thigh without skin,83
Popeyes Fried Chicken Mild Wing Meat Only Skin And Breading Removed,Fast Foods,212,9.42,156,814,2.9,NULL,NULL,28.94,NULL,38,0.92,314,1 wing without skin bone and breading,16
Popeyes Fried Chicken Mild Breast Meat And Skin With Breading,Fast Foods,274,16.47,98,540,9.83,0.4,0,21.67,NULL,23,0.74,283,1 breast with skin,194
Popeyes Fried Chicken Mild Drumstick Meat And Skin With Breading,Fast Foods,293,19.14,108,588,9.84,NULL,NULL,20.44,NULL,20,1.06,261,1 drumstick with skin,76
Yogurt Parfait Lowfat With Fruit And Granola,Fast Foods,84,1.01,3,49,15.86,1.1,11.68,3.36,0.1,105,0.49,189,1 item,149
Fast Foods Fried Chicken Breast Meat Only Skin And Breading Removed,Fast Foods,153,4.54,97,512,0,0,0,27.93,0.1,23,0.54,306,1 breast without skin,142
Fast Foods Fried Chicken Drumstick Meat Only Skin And Breading Removed,Fast Foods,172,7.41,133,492,0,0,0,26.24,0.1,16,1.03,291,1 drumstick bone and skin removed,40
Fast Foods Fried Chicken Thigh Meat Only Skin And Breading Removed,Fast Foods,178,9.41,125,577,0.24,0,0,23.21,0.2,24,0.91,248,1 thigh without skin,84
Fast Foods Fried Chicken Thigh Meat And Skin And Breading,Fast Foods,274,18.07,106,747,8.68,0.1,0,19.23,0.2,54,1,240,1 thigh with skin,136
Fast Foods Fried Chicken Wing Meat And Skin And Breading,Fast Foods,310,20.09,114,867,11.19,0.1,0,21.14,0.1,67,1.04,262,1 wing with skin,58
Digiorno Pizza Cheese Topping Cheese Stuffed Crust Frozen Baked,Fast Foods,279,11.68,28,806,29.86,1.9,NULL,13.48,NULL,235,2.35,185,1 slice 1/4 of pie,164
Digiorno Pizza Cheese Topping Rising Crust Frozen Baked,Fast Foods,256,8.6,15,696,31.78,2.4,5,12.8,NULL,192,0.77,196,1 slice 1/4 of pie,183
Digiorno Pizza Supreme Topping Rising Crust Frozen Baked,Fast Foods,255,10.68,19,712,27.93,2.3,4.71,11.74,NULL,139,1.01,210,1 slice 1/4 of pie,227
Digiorno Pizza Supreme Topping Thin Crispy Crust Frozen Baked,Fast Foods,255,10.8,20,555,28.05,2.8,NULL,11.41,NULL,161,0.92,278,1 slice 1/4 of pie,155
Fast Food Pizza Chain 14 Inch Pizza Sausage Topping Thick Crust,Fast Foods,282,12.94,23,637,30.36,2.3,2.82,11.06,0,143,2.45,190,1 slice,127
Fast Food Pizza Chain 14 Inch Pizza Sausage Topping Thin Crust,Fast Foods,321,17.71,36,782,27,2.5,3.02,13.36,0,213,1.73,225,1 slice,88
Sausage Pizza,Fast Foods,280,12.35,23,633,30.62,2.3,3.32,11.5,0,144,2.41,197,1 slice,116
Fast Foods Grilled Chicken Filet Sandwich With Lettuce Tomato And Spread,Fast Foods,182,4.57,40,427,16.78,0.9,3.08,17.34,0.1,62,1.58,197,1 sandwich,230
Pizza Hut 14 Inch Pepperoni Pizza Thin N Crispy Crust,Fast Foods,333,16.17,37,967,32.66,2.1,2.79,14.13,NULL,196,2.78,222,1 slice,80
Dominos 14 Inch Pepperoni Pizza Crunchy Thin Crust,Fast Foods,328,19.05,38,783,25.35,2.6,3.65,13.88,NULL,236,1.13,224,1 slice,79
Dominos 14 Inch Sausage Pizza Crunchy Thin Crust,Fast Foods,319,18.52,35,725,25.3,2.6,3.42,12.77,NULL,234,1.07,231,1 slice,78
Pizza Hut 14 Inch Sausage Pizza Pan Crust,Fast Foods,287,13.85,23,596,29.56,2,1.82,11.08,NULL,132,2.39,192,1 slice,125
Pizza Cheese Topping Thin Crust Frozen Cooked,Fast Foods,263,11.07,21,471,28.8,3,3.71,11.91,0,228,2.14,201,1 slice,69
Burger King Double Cheeseburger,Fast Foods,282,16.13,NULL,562,17.43,NULL,4.17,16.83,NULL,120,2.33,231,1 sandwich,162
Beet Greens (Raw),Vegetables,22,0.13,0,226,4.33,3.7,0.5,2.2,0,117,2.57,762,1 cup,38
Cooked Beet Greens,Vegetables,27,0.2,0,241,5.46,2.9,0.6,2.57,0,114,1.9,909,1 cup (1 inch pieces),144
Broadbeans Immature Seeds Raw,Vegetables,72,0.6,0,50,11.7,4.2,NULL,5.6,0,22,1.9,250,1 cup,109
Cooked Broadbeans,Beans and Lentils,62,0.5,0,41,10.1,3.6,NULL,4.8,0,18,1.5,193,,NULL
Broccoli,Vegetables,34,0.37,0,33,6.64,2.6,1.7,2.82,0,47,0.73,316,1 cup chopped,91
Broccoli Frozen Spears Cooked Boiled Drained Without Salt,Vegetables,28,0.11,0,24,5.36,3,1.47,3.1,0,51,0.61,180,1/2 cup,92
Broccoli Raab (Rapini),Vegetables,22,0.49,0,33,2.85,2.7,0.38,3.17,0,108,2.14,196,1 cup chopped,40
Cooked Broccoli Raab,Vegetables,25,0.52,0,56,3.12,2.8,0.62,3.83,0,118,1.27,343,1 nlea serving,85
Brussels Sprouts (Raw),Vegetables,43,0.3,0,25,8.95,3.8,2.2,3.38,0,42,1.4,389,1 cup,88
Cooked Burdock Root,Vegetables,88,0.14,0,4,21.15,1.8,3.55,2.09,0,49,0.77,360,1 cup (1 inch pieces),125
Butterbur (Fuki) Raw,Vegetables,14,0.04,0,7,3.61,NULL,NULL,0.39,0,103,0.1,655,1 cup,94
Butterbur Cooked Boiled Drained Without Salt,Vegetables,8,0.02,0,4,2.16,NULL,NULL,0.23,0,59,0.1,354,,NULL
Butterbur Canned,Vegetables,3,0.13,0,4,0.38,NULL,NULL,0.11,0,34,0.63,12,1 cup chopped,124
Savoy Cabbage,Vegetables,27,0.1,0,28,6.1,3.1,2.27,2,0,35,0.4,230,1 cup shredded,70
Cooked Savoy Cabbage,Vegetables,24,0.09,0,24,5.41,2.8,NULL,1.8,0,30,0.38,184,1 cup shredded,145
Bok Choy,Vegetables,13,0.2,0,65,2.18,1,1.18,1.5,0,105,0.8,252,1 cup shredded,70
Pak-Choi (Bok Choy) (Cooked),Vegetables,12,0.16,0,34,1.78,1,0.83,1.56,0,93,1.04,371,1 cup shredded,170
Kimchi,Vegetables,15,0.5,0,498,2.4,1.6,1.06,1.1,0,33,2.5,151,1 cup,150
Carrots,Vegetables,41,0.24,0,69,9.58,2.8,4.74,0.93,0,33,0.3,320,1 cup chopped,128
Cooked Carrots,Vegetables,35,0.18,0,58,8.22,3,3.45,0.76,0,30,0.34,235,1 tbsp,9.7
Carrots Canned Regular Pack Solids And Liquids,Vegetables,23,0.14,0,240,5.37,1.8,2.46,0.58,0,31,0.52,173,1/2 cup slices,123
Carrots Canned Regular Pack Drained Solids,Vegetables,25,0.19,0,242,5.54,1.5,2.48,0.64,0,25,0.64,179,1 cup sliced,146
Cooked Cauliflower,Vegetables,23,0.45,0,15,4.11,2.3,2.08,1.84,0,16,0.32,142,1/2 cup (1 inch pieces),62
Cauliflower Frozen Unprepared,Vegetables,24,0.27,0,24,4.68,2.3,2.22,2.01,0,22,0.54,193,1/2 cup (1 inch pieces),66
Cauliflower Frozen Cooked Boiled Drained Without Salt,Vegetables,19,0.22,0,18,3.75,2.7,1.05,1.61,0,17,0.41,139,1 cup (1 inch pieces),180
Celeriac,Vegetables,42,0.3,0,100,9.2,1.8,1.6,1.5,0,43,0.7,300,1 cup,156
Cooked Swiss Chard,Vegetables,20,0.08,0,179,4.13,2.1,1.1,1.88,0,58,2.26,549,1 cup chopped,175
Chayote Fruit Raw,Vegetables,19,0.13,0,2,4.51,1.7,1.66,0.82,0,17,0.34,125,1 cup (1 inch pieces),132
Cooked Chayote,Vegetables,24,0.48,0,1,5.09,2.8,1.89,0.62,0,13,0.22,173,1 cup (1 inch pieces),160
Witloof Chicory,Vegetables,17,0.1,0,2,4,3.1,NULL,0.9,0,19,0.24,211,1 head,53
Cooked Chrysanthemum,Vegetables,20,0.09,0,53,4.31,2.3,2.01,1.64,0,69,3.74,569,1 cup (1 inch pieces),100
Collards,Vegetables,32,0.61,0,17,5.42,4,0.46,3.02,0,232,0.47,213,1 cup chopped,36
Cooked Collards,Vegetables,33,0.72,0,15,5.65,4,0.4,2.71,0,141,1.13,117,1 cup chopped,190
Collards Frozen Chopped Unprepared,Vegetables,33,0.37,0,48,6.46,3.6,NULL,2.69,0,201,1.07,253,1/3 package (10 oz),95
Corn Sweet Yellow Canned Brine Pack Regular Pack Solids And Liquids,Vegetables,61,0.77,0,195,13.86,1.7,4.15,1.95,0,4,0.36,136,1 cup,256
Onions Frozen Chopped Unprepared,Vegetables,29,0.1,0,12,6.82,1.8,NULL,0.79,0,17,0.33,124,1/3 package (10 oz),95
Onions Frozen Chopped Cooked Boiled Drained Without Salt,Vegetables,28,0.1,0,12,6.59,1.8,2.9,0.77,0,16,0.3,108,1 tbsp chopped,15
Onions Frozen Whole Unprepared,Vegetables,35,0.06,0,10,8.45,1.7,3.81,0.89,0,36,0.46,142,1/3 package (10 oz),95
Onions Frozen Whole Cooked Boiled Drained Without Salt,Vegetables,28,0.05,0,8,6.7,1.4,2.9,0.71,0,27,0.34,101,1 cup,210
Onion Rings Breaded Par Fried Frozen Unprepared,Vegetables,258,14.1,0,246,30.53,1.8,NULL,3.15,0,46,0.93,190,6 rings,85
Onion Rings,Restaurant Foods,276,14.3,0,370,33.79,2.2,5.1,4.14,0,31,1.25,123,1 cup,48
Parsley,Vegetables,36,0.79,0,56,6.33,3.3,0.85,2.97,0,138,6.2,554,1 cup chopped,60
Parsnips,Vegetables,75,0.3,0,10,17.99,4.9,4.8,1.2,0,36,0.59,375,1 cup slices,133
Cooked Podded Peas,Vegetables,52,0.38,0,5,9.02,3.1,4.82,3.5,0,59,2.4,217,1 cup,160
Peas,Vegetables,81,0.4,0,5,14.45,5.7,5.67,5.42,0,25,1.47,244,1 cup,145
Cooked Green Peas,Vegetables,84,0.22,0,3,15.63,5.5,5.93,5.36,0,27,1.54,271,1 cup,160
Peas Green Canned Regular Pack Solids And Liquids,Vegetables,58,0.48,0,185,10.6,3.3,3.2,3.01,0,20,1.29,106,1/2 cup,124
Pea Sprouts,Vegetables,124,0.68,0,20,27.11,NULL,NULL,8.8,0,36,2.26,381,1 cup,120
Peas Mature Seeds Sprouted Cooked Boiled Drained Without Salt,Vegetables,98,0.51,0,3,17.08,NULL,NULL,7.05,0,26,1.67,268,,NULL
Peas And Carrots Canned Regular Pack Solids And Liquids,Vegetables,38,0.27,0,260,8.48,2,NULL,2.17,0,23,0.75,100,1 cup,255
Peas And Carrots Frozen Unprepared,Vegetables,53,0.47,0,79,11.15,3.4,NULL,3.4,0,27,1.09,194,1/2 cup,70
Peppers Hot Chili Green Canned Pods Excluding Seeds Solids And Liquids,Vegetables,21,0.1,0,1173,5.1,1.3,3.12,0.9,0,7,0.5,187,1 pepper,73
Green Bell Peppers,Vegetables,20,0.17,0,3,4.64,1.7,2.4,0.86,0,10,0.34,175,1 cup chopped,149
Cooked Green Bell Peppers,Vegetables,28,0.2,0,2,6.7,1.2,3.19,0.92,0,9,0.46,166,1 cup chopped or strips,135
Peppers Sweet Green Canned Solids And Liquids,Vegetables,18,0.3,0,1369,3.9,1.2,NULL,0.8,0,41,0.8,146,1 cup halves,140
Pigeonpeas Immature Seeds Cooked Boiled Drained Without Salt,Vegetables,111,1.36,0,5,19.49,4.2,2.48,5.96,0,41,1.57,456,1 cup,153
Poi,Vegetables,112,0.14,0,12,27.23,0.4,0.39,0.38,0,16,0.88,183,1 cup,240
Pokeberry Shoots (Poke) Raw,Vegetables,23,0.4,0,23,3.7,1.7,NULL,2.6,0,53,1.7,242,1 cup,160
Pokeberry Shoots (Poke) Cooked Boiled Drained Without Salt,Vegetables,20,0.4,0,18,3.1,1.5,1.6,2.3,0,53,1.2,184,1 cup,165
Baked Potatoes,Vegetables,92,0.15,0,7,21.08,2.1,1.53,2.1,0,10,0.64,544,1 potato large (3 inch to 4-1/4 inch dia),299
Baked Red Potatoes,Vegetables,87,0.15,0,12,19.59,1.8,1.43,2.3,0,9,0.7,545,1 potato large (3 inch to 4-1/4 inch dia.,299
Potatoes French Fried Crinkle Or Regular Cut Salt Added In Processing Frozen As Purchased,Vegetables,146,4.99,0,349,23.96,2,0.21,2.34,0,13,0.62,380,10 strip,82
French Fries,Restaurant Foods,161,5.13,0,391,27.5,2.3,0.29,2.51,0,13,0.75,471,10 strip,69
Boiled Potatoes,Vegetables,87,0.1,0,4,20.13,1.8,0.91,1.87,0,5,0.31,379,1/2 cup,78
Potatoes Boiled Cooked In Skin Skin Without Salt,Vegetables,78,0.1,0,14,17.21,3.3,NULL,2.86,0,45,6.07,407,1 skin,34
Potatoes Boiled Cooked Without Skin Flesh Without Salt,Vegetables,86,0.1,0,5,20.01,1.8,0.89,1.71,0,8,0.31,328,1/2 cup,78
Potatoes Microwaved Cooked In Skin Flesh Without Salt,Vegetables,100,0.1,0,7,23.28,1.6,NULL,2.1,0,5,0.41,411,1/2 cup,78
Potatoes Au Gratin Home-Prepared From Recipe Using Butter,Vegetables,134,7.59,23,433,11.26,1.8,NULL,5.06,0,119,0.64,396,1 cup,245
Potatoes Canned Solids And Liquids,Vegetables,44,0.11,0,217,9.89,1.4,NULL,1.2,0,39,0.72,205,1 cup whole,300
Potatoes Canned Drained Solids,Vegetables,60,0.21,0,219,13.61,2.3,NULL,1.41,0,5,1.26,229,1 cup,180
Potatoes Mashed Dehydrated Flakes Without Milk Dry Form,Vegetables,354,0.41,0,77,81.17,6.6,3.36,8.34,0,27,1.21,1098,1 cup,60
Potatoes Mashed Dehydrated Prepared From Flakes Without Milk Whole Milk And Butter Added,Vegetables,97,5.13,14,164,10.87,0.8,1.61,1.77,0.3,32,0.16,164,1 cup,210
Potatoes Au Gratin Dry Mix Unprepared,Vegetables,314,3.7,NULL,2095,74.31,4.1,NULL,8.9,0,311,1.63,990,1/6 package (5.5 oz),26
Potatoes Au Gratin Dry Mix Prepared With Water Whole Milk And Butter,Vegetables,93,4.12,15,439,12.84,0.9,NULL,2.3,0,83,0.32,219,1/6 package (5.5 oz) yields,137
Potatoes Scalloped Dry Mix Unprepared,Vegetables,358,4.59,5,1578,73.93,8.6,NULL,7.77,0,62,2.01,905,1/6 package (5.5 oz),26
Potatoes Scalloped Dry Mix Prepared With Water Whole Milk And Butter,Vegetables,93,4.3,11,341,12.77,1.1,NULL,2.12,0,36,0.38,203,1 cup (unprepared),245
Potatoes French Fried Shoestring Salt Added In Processing Frozen As Purchased,Vegetables,163,6.24,0,323,25.59,2.3,0.2,2.16,0,11,0.72,379,10 strip,30
Potatoes French Fried Shoestring Salt Added In Processing Frozen Oven-Heated,Vegetables,194,6.76,0,400,31.66,2.8,0.31,2.9,0,12,0.8,505,10 strip,21
Potatoes Obrien Frozen Unprepared,Vegetables,76,0.14,NULL,33,17.47,1.9,NULL,1.83,0,13,1.03,249,,NULL
Potatoes Obrien Frozen Prepared,Vegetables,204,13.21,0,43,21.86,1.7,NULL,2.22,0,20,0.96,473,,NULL
Cooked Tahitian Taro,Vegetables,44,0.68,0,54,6.85,NULL,NULL,4.16,0,149,1.56,623,1 cup slices,137
Green Tomatoes,Vegetables,23,0.2,0,13,5.1,1.1,4,1.2,0,13,0.51,204,1 cup,180
Tomatoes,Vegetables,18,0.2,0,5,3.89,1.2,2.63,0.88,0,10,0.27,237,1 cup cherry tomatoes,149
Tomato Juice Canned With Salt Added,Vegetables,17,0.29,0,253,3.53,0.4,2.58,0.85,0,10,0.39,217,1 cup,243
Canned Tomato Paste,Vegetables,82,0.47,0,59,18.91,4.1,12.18,4.32,0,36,2.98,1014,1/4 cup,66
Canned Tomato Puree,Vegetables,38,0.21,0,28,8.98,1.9,4.83,1.65,0,18,1.78,439,1 cup,250
Tomato Powder,Vegetables,302,0.44,0,134,74.68,16.5,43.9,12.91,0,166,4.56,1927,,NULL
Tomato Products Canned Sauce With Onions Green Peppers And Celery,Vegetables,41,0.74,0,368,8.77,1.4,7.36,0.94,0,13,0.76,398,1 cup,250
Tomato Products Canned Sauce With Tomato Tidbits,Vegetables,32,0.39,0,15,7.09,1.4,NULL,1.32,0,10,0.68,373,1 cup,244
Tree Fern Cooked Without Salt,Vegetables,40,0.07,0,5,10.98,3.7,NULL,0.29,0,8,0.16,5,1/2 cup chopped,71
Turnips,Vegetables,28,0.1,0,67,6.43,1.8,3.8,0.9,0,30,0.3,191,1 cup cubes,130
Cooked Turnip Greens,Vegetables,20,0.23,0,29,4.36,3.5,0.53,1.14,0,137,0.8,203,1 cup chopped,144
Turnip Greens Canned Solids And Liquids,Vegetables,14,0.3,0,277,2.42,1.7,NULL,1.36,0,118,1.51,141,1/2 cup,117
Turnip Greens Frozen Unprepared,Vegetables,22,0.31,0,12,3.67,2.5,NULL,2.47,0,118,1.51,184,1/2 cup chopped or diced,82
Turnip Greens Frozen Cooked Boiled Drained Without Salt,Vegetables,29,0.42,0,15,4.98,3.4,0.75,3.35,0,152,1.94,224,1 cup,164
Turnip Greens And Turnips Frozen Unprepared,Vegetables,21,0.19,0,18,3.39,2.4,NULL,2.46,0,114,1.63,82,1/3 package (10 oz),95
Vegetables Mixed Frozen Unprepared,Vegetables,72,0.52,0,47,13.47,4,NULL,3.33,0,25,0.95,212,1/3 package (10 oz),95
Vegetables Mixed Frozen Cooked Boiled Drained Without Salt,Vegetables,65,0.15,0,35,13.09,4.4,3.12,2.86,0,25,0.82,169,1/2 cup,91
Vegetable Juice Cocktail Low Sodium Canned,Vegetables,19,0.32,0,55,3.83,0.5,2.78,0.91,0,15,0.29,204,1 cup,254
Vinespinach,Vegetables,19,0.3,0,24,3.4,NULL,NULL,1.8,0,109,1.2,510,,NULL
Waxgourd (Chinese Preserving Melon) Cooked Boiled Drained Without Salt,Vegetables,14,0.2,0,107,3.04,1,1.18,0.4,0,18,0.38,5,1 cup cubes,175
Winged Beans Immature Seeds Raw,Vegetables,49,0.87,0,4,4.31,NULL,NULL,6.95,0,84,1.5,223,1 cup slices,44
Winged Beans Immature Seeds Cooked Boiled Drained Without Salt,Vegetables,38,0.66,0,4,3.21,NULL,NULL,5.31,0,61,1.09,274,1 cup,62
Winged Bean Leaves Raw,Vegetables,74,1.1,0,9,14.1,NULL,NULL,5.85,0,224,4,176,,NULL
Beets Harvard Canned Solids And Liquids,Vegetables,73,0.06,0,162,18.18,2.5,NULL,0.84,0,11,0.36,164,1 cup slices,246
Pickled Beets,Vegetables,65,0.08,0,149,16.28,0.8,11.05,0.8,0,11,0.41,115,1 cup slices,227
Borage Raw,Vegetables,21,0.7,0,80,3.06,NULL,NULL,1.8,0,93,3.3,470,1 cup (1 inch pieces),89
Borage Cooked Boiled Drained Without Salt,Vegetables,25,0.81,0,88,3.55,NULL,NULL,2.09,0,102,3.64,491,,NULL
Drumstick Pods Raw,Vegetables,37,0.2,0,42,8.53,3.2,NULL,2.1,0,30,0.36,461,1 cup slices,100
Drumstick Pods Cooked Boiled Drained Without Salt,Vegetables,36,0.19,0,43,8.18,4.2,NULL,2.09,0,20,0.45,457,1 cup slices,118
Leeks (Bulb And Lower-Leaf Portion) Freeze-Dried,Vegetables,321,2.1,0,35,74.65,10.4,NULL,15.2,0,360,7.6,2400,1 tbsp,0.2
Freeze-Dried Parsley,Vegetables,271,5.2,0,391,42.38,32.7,NULL,31.3,0,176,53.9,6300,1 tbsp,0.4
Summer Squash,Vegetables,16,0.18,0,2,3.35,1.1,2.2,1.21,0,15,0.35,262,1 cup sliced,113
Cooked Summer Squash,Vegetables,20,0.31,0,1,4.31,1.4,2.59,0.91,0,27,0.36,192,1 cup sliced,180
Winter Squash,Vegetables,34,0.13,0,4,8.59,1.5,2.2,0.95,0,28,0.58,350,1 cup cubes,116
Cooked Winter Squash,Vegetables,37,0.35,0,1,8.85,2.8,3.3,0.89,0,22,0.44,241,1 cup cubes,205
Carrot Juice Canned,Vegetables,40,0.15,0,66,9.28,0.8,3.91,0.95,0,24,0.46,292,1 cup,236
Corn Pudding Home Prepared,Vegetables,131,5.04,72,282,16.97,1.2,6.59,4.42,0.5,39,0.53,176,1 cup,250
Potatoes Mashed Home-Prepared Whole Milk Added,Vegetables,83,0.57,2,302,17.57,1.5,1.48,1.91,0.2,24,0.27,296,1 cup,210
Spinach Souffle,Vegetables,172,12.95,118,566,5.9,0.7,1.85,7.89,0.8,165,1.19,231,1 cup,136
Dried Spirulina Seaweed,Vegetables,290,7.72,0,1048,23.9,3.6,3.1,57.47,0,120,28.5,1363,1 cup,112
Wakame,Vegetables,45,0.64,0,872,9.14,0.5,0.65,3.03,0,150,2.18,50,2 tbsp (1/8 cup),10
Hot Green Chili Peppers,Vegetables,40,0.2,0,7,9.46,1.5,5.1,2,0,18,1.2,340,1 pepper,45
Potatoes Obrien Home-Prepared,Vegetables,81,1.28,4,217,15.47,NULL,NULL,2.35,0,36,0.47,266,1 cup,194
Shallots,Vegetables,72,0.1,0,12,16.8,3.2,7.87,2.5,0,37,1.2,334,1 tbsp chopped,10
Carrot Dehydrated,Vegetables,341,1.49,0,275,79.57,23.6,38.82,8.1,0,212,3.93,2540,1 cup,74
Tomatoes Crushed Canned,Vegetables,32,0.28,0,186,7.29,1.9,4.4,1.64,0,34,1.3,293,1/2 cup,121
Tomatoes Orange Raw,Vegetables,16,0.19,0,42,3.18,0.9,NULL,1.16,0,5,0.47,212,1 cup chopped,158
Mustard Greens Cooked Boiled Drained With Salt,Vegetables,26,0.47,0,252,4.51,2,1.41,2.56,0,118,0.87,162,1 cup chopped,140
Mustard Greens Frozen Cooked Boiled Drained With Salt,Vegetables,19,0.25,0,261,3.11,2.8,0.32,2.27,0,101,1.12,139,1 cup chopped or diced,150
Mustard Spinach (Tendergreen) Cooked Boiled Drained With Salt,Vegetables,16,0.2,0,250,2.8,2,NULL,1.7,0,158,0.8,285,1 cup chopped,180
New Zealand Spinach Cooked Boiled Drained With Salt,Vegetables,12,0.17,0,343,2.13,1.4,0.25,1.3,0,48,0.66,102,1 cup chopped,180
Onions Frozen Whole Cooked Boiled Drained With Salt,Vegetables,26,0.05,0,244,6.11,1.4,2.9,0.71,0,27,0.34,101,1 cup,210
Parsnips Cooked Boiled Drained With Salt,Vegetables,71,0.3,0,246,17.01,4,4.8,1.32,0,37,0.58,367,1/2 cup slices,78
Peas Edible-Podded Cooked Boiled Drained With Salt,Vegetables,40,0.23,0,240,6.46,2.8,3.99,3.27,0,42,1.97,240,1 cup,160
Peas Edible-Podded Frozen Cooked Boiled Drained With Salt,Vegetables,50,0.38,0,241,8.43,3.1,4.82,3.5,0,59,2.4,217,1 cup,160
Peas Mature Seeds Sprouted Cooked Boiled Drained With Salt,Vegetables,98,0.51,0,239,17.08,NULL,NULL,7.05,0,26,1.67,268,,NULL
Peas And Carrots Canned No Salt Added Solids And Liquids,Vegetables,38,0.27,0,4,8.48,3.3,2.83,2.17,0,23,0.75,100,1 cup,255
Peas And Carrots Frozen Cooked Boiled Drained With Salt,Vegetables,48,0.42,0,304,10.12,3.1,4.36,3.09,0,23,0.94,158,1/2 cup,80
Peas And Onions Frozen Cooked Boiled Drained With Salt,Vegetables,45,0.2,0,273,8.63,2.2,3.77,2.54,0,14,0.94,117,1 cup,180
Peppers Sweet Red Cooked Boiled Drained With Salt,Vegetables,26,0.2,0,238,6.11,1.2,4.39,0.92,0,9,0.46,166,1 tbsp,12
Peppers Sweet Green Frozen Chopped Cooked Boiled Drained With Salt,Vegetables,16,0.18,0,240,3.31,0.9,NULL,0.95,0,8,0.52,72,1 cup chopped or strips,135
Pigeonpeas Immature Seeds Cooked Boiled Drained With Salt,Vegetables,111,1.36,0,240,19.49,4.2,2.48,5.96,0,41,1.57,456,1 cup,153
Pokeberry Shoots (Poke) Cooked Boiled Drained With Salt,Vegetables,20,0.4,0,254,3.1,1.5,1.6,2.3,0,53,1.2,184,1 cup,165
Potatoes Boiled Cooked In Skin Skin With Salt,Vegetables,78,0.1,0,250,17.2,3.3,NULL,2.86,0,45,6.07,407,1 skin,34
Potatoes Boiled Cooked Without Skin Flesh With Salt,Vegetables,86,0.1,0,241,20.01,2,0.89,1.71,0,8,0.31,328,1/2 cup,78
Potatoes Microwaved Cooked In Skin Flesh And Skin With Salt,Vegetables,105,0.1,0,244,24.24,2.3,NULL,2.44,0,11,1.24,447,1 potato (2-1/3 inch x 4-3/4 inch),202
Potatoes Microwaved Cooked In Skin Flesh With Salt,Vegetables,100,0.1,0,243,23.28,1.6,NULL,2.1,0,5,0.41,411,1/2 cup,78
Potatoes French Fried All Types Salt Not Added In Processing Frozen As Purchased,Vegetables,147,4.66,0,23,24.81,1.9,0.2,2.24,0,9,0.62,408,10 strips,65
Potatoes Au Gratin Home-Prepared From Recipe Using Margarine,Vegetables,132,7.59,15,433,11.27,1.8,NULL,5.06,0,119,0.64,396,1 cup,245
Potatoes Scalloped Home-Prepared With Margarine,Vegetables,88,3.68,6,335,10.78,1.9,NULL,2.87,0,57,0.57,378,1 cup,245
Pumpkin Cooked Boiled Drained With Salt,Vegetables,18,0.07,0,237,4.31,1.1,2.08,0.72,0,15,0.57,230,1 cup mashed,245
Pumpkin Canned With Salt,Vegetables,34,0.28,0,241,8.09,2.9,3.3,1.1,0,26,1.39,206,1 cup,245
Rutabagas Cooked Boiled Drained With Salt,Vegetables,30,0.18,0,254,6.84,1.8,3.95,0.93,0,18,0.18,216,1/2 cup mashed,120
Salsify Cooked Boiled Drained With Salt,Vegetables,68,0.17,0,252,15.36,3.1,2.9,2.73,0,47,0.55,283,1 cup slices,135
Soybeans Green Cooked Boiled Drained With Salt,Vegetables,141,6.4,0,250,11.05,4.2,NULL,12.35,0,145,2.5,539,1 cup,180
Spinach Cooked Boiled Drained With Salt,Vegetables,23,0.26,0,306,3.75,2.4,0.43,2.97,0,136,3.57,466,1 cup,180
Squash Summer Crookneck And Straightneck Frozen Cooked Boiled Drained With Salt,Vegetables,25,0.2,0,242,5.54,1.4,2.33,1.28,0,20,0.52,253,1 cup slices,192
Squash Summer Scallop Cooked Boiled Drained With Salt,Vegetables,16,0.17,0,237,3.3,1.9,1.5,1.03,0,15,0.33,140,1/2 cup slices,90
Squash Summer Zucchini Includes Skin Cooked Boiled Drained With Salt,Vegetables,15,0.36,0,239,2.69,1,1.71,1.14,0,18,0.37,264,1/2 cup slices,90
Squash Summer Zucchini Includes Skin Frozen Cooked Boiled Drained With Salt,Vegetables,14,0.13,0,238,2.97,1.3,1.69,1.15,0,17,0.48,194,1 cup,223
Squash Winter Butternut Frozen Cooked Boiled With Salt,Vegetables,39,0.07,0,238,10.04,NULL,NULL,1.23,0,19,0.58,133,1 cup mashed,240
Squash Winter Hubbard Baked With Salt,Vegetables,50,0.62,0,244,10.81,4.9,4.9,2.48,0,17,0.47,358,1 cup cubes,205
Squash Winter Hubbard Cooked Boiled Mashed With Salt,Vegetables,30,0.37,0,241,6.46,2.9,2.93,1.48,0,10,0.28,214,1 cup mashed,236
Squash Winter Spaghetti Cooked Boiled Drained Or Baked With Salt,Vegetables,27,0.26,0,254,6.46,1.4,2.53,0.66,0,21,0.34,117,1 cup,155
Succotash (Corn And Limas) Cooked Boiled Drained With Salt,Vegetables,111,0.8,0,253,24.37,NULL,NULL,5.07,0,17,1.52,410,1 cup,192
Sweet Potato Cooked Boiled Without Skin With Salt,Vegetables,76,0.14,0,263,17.72,2.5,5.74,1.37,0,27,0.72,230,1 cup mashed,328
Sweet Potato Frozen Cooked Baked With Salt,Vegetables,100,0.12,0,244,23.4,1.8,NULL,1.71,0,35,0.54,377,1 cup cubes,176
Taro Cooked With Salt,Vegetables,142,0.11,0,251,34.6,5.1,0.49,0.52,0,18,0.72,484,1 cup slices,132
Taro Leaves Cooked Steamed With Salt,Vegetables,24,0.41,0,238,3.89,2,NULL,2.72,0,86,1.18,460,1 cup,145
Tomato Juice Canned Without Salt Added,Vegetables,17,0.29,0,10,3.53,0.4,2.58,0.85,0,10,0.39,217,1 cup,243
Tomato Products Canned Puree With Salt Added,Vegetables,38,0.21,0,202,8.98,1.9,4.83,1.65,0,18,1.78,439,1 cup,250
Turnips Cooked Boiled Drained With Salt,Vegetables,22,0.08,0,286,5.06,2,2.99,0.71,0,22,0.22,135,1 cup cubes,156
Turnips Frozen Cooked Boiled Drained With Salt,Vegetables,21,0.24,0,272,3.73,2,1.73,1.53,0,32,0.98,182,1 cup,156
Waxgourd (Chinese Preserving Melon) Cooked Boiled Drained With Salt,Vegetables,11,0.2,0,343,2.45,1,1.18,0.4,0,18,0.38,5,1 cup cubes,175
Winged Bean Immature Seeds Cooked Boiled Drained With Salt,Vegetables,37,0.66,0,240,3.21,NULL,NULL,5.31,0,61,1.09,274,1 cup,62
Yam Cooked Boiled Drained Or Baked With Salt,Vegetables,114,0.14,0,244,26.99,3.9,0.49,1.49,0,14,0.52,670,1 cup cubes,136
Seeds Breadnut Tree Seeds Raw,Nuts and Seeds,217,0.99,0,31,46.28,NULL,NULL,5.97,0,98,2.09,1183,1 oz (8-14 seeds),28.4
Seeds Breadnut Tree Seeds Dried,Nuts and Seeds,367,1.68,0,53,79.39,14.9,NULL,8.62,0,94,4.6,2011,1 cup,160
Chia Seeds,Nuts and Seeds,486,30.74,0,16,42.12,34.4,NULL,16.54,NULL,631,7.72,407,1 oz,28.4
Seeds Cottonseed Flour Partially Defatted (Glandless),Nuts and Seeds,359,6.2,0,35,40.54,3,NULL,40.96,0,478,12.66,1772,1 cup,94
Dried Pumpkin And Squash Seeds,Nuts and Seeds,559,49.05,0,7,10.71,6,1.4,30.23,0,46,8.82,809,1 cup,129
Roasted Squash And Pumpkin Seeds (Unsalted),Nuts and Seeds,574,49.05,0,18,14.71,6.5,1.29,29.84,0,52,8.07,788,1 cup,118
Safflower Seeds,Nuts and Seeds,517,38.45,0,3,34.29,NULL,NULL,16.18,0,78,4.9,687,1 oz,28.4
Seeds Safflower Seed Meal Partially Defatted,Nuts and Seeds,342,2.39,0,3,48.73,NULL,NULL,35.62,0,77,4.86,68,1 oz,28.4
Seeds Sesame Flour Low-Fat,Nuts and Seeds,333,1.75,0,39,35.51,NULL,NULL,50.14,0,149,14.22,397,1 oz,28.4
Seeds Sesame Meal Partially Defatted,Nuts and Seeds,567,48,0,39,26.04,NULL,NULL,16.96,0,153,14.55,406,1 oz,28.4
Dried Sunflower Seeds,Nuts and Seeds,584,51.46,0,9,20,8.6,2.62,20.78,0,78,5.25,645,1 cup with hulls edible yield,46
Dry Roasted Sunflower Seeds,Nuts and Seeds,582,49.8,0,3,24.07,11.1,2.73,19.33,0,70,3.8,850,1 cup,128
Seeds Sunflower Seed Kernels Oil Roasted Without Salt,Nuts and Seeds,592,51.3,0,3,22.89,10.6,3.11,20.06,0,87,4.28,483,1 cup,135
Acorns (Dried),Nuts and Seeds,509,31.41,0,0,53.66,NULL,NULL,8.1,NULL,54,1.04,709,1 oz,28.4
Nuts Acorn Flour Full Fat,Nuts and Seeds,501,30.17,0,0,54.65,NULL,NULL,7.49,NULL,43,1.21,712,1 oz,28.4
Almonds,Nuts and Seeds,579,49.93,0,1,21.55,12.5,4.35,21.15,0,269,3.71,733,1 cup whole,143
Nuts Almonds Blanched,Nuts and Seeds,590,52.52,0,19,18.67,9.9,4.63,21.4,0,236,3.28,659,1 cup whole kernels,145
Brazilnuts,Nuts and Seeds,659,67.1,0,3,11.74,7.5,2.33,14.32,0,160,2.43,659,1 cup whole,133
Butternuts (Dried),Nuts and Seeds,612,56.98,0,1,12.05,4.7,NULL,24.9,0,53,4.02,421,1 cup,120
Dry-Roasted Cashews,Nuts and Seeds,574,46.35,0,16,32.69,3,5.01,15.31,0,45,6,565,1 cup halves and whole,137
Oil Roasted Cashews,Nuts and Seeds,580,47.77,0,13,29.87,3.3,5.01,16.84,0,43,6.05,632,1 cup whole,129
Roasted Chinese Chestnuts,Nuts and Seeds,239,1.19,0,4,52.36,NULL,NULL,4.48,0,19,1.5,477,1 oz,28.4
Nuts Chestnuts European Raw Unpeeled,Nuts and Seeds,213,2.26,0,3,45.54,8.1,NULL,2.42,0,27,1.01,518,1 cup,145
Chestnuts,Nuts and Seeds,196,1.25,0,2,44.17,NULL,NULL,1.63,0,19,0.94,484,1 oz,28.4
Nuts Chestnuts European Dried Unpeeled,Nuts and Seeds,374,4.45,0,37,77.31,11.7,NULL,6.39,0,67,2.38,986,1 oz,28.4
Nuts Coconut Meat Dried (Desiccated) Sweetened Flaked Packaged,Nuts and Seeds,456,27.99,0,285,51.85,9.9,36.75,3.13,0,11,1.51,361,1 cup,85
Nuts Coconut Meat Dried (Desiccated) Sweetened Flaked Canned,Nuts and Seeds,443,31.69,0,20,40.91,4.5,NULL,3.35,0,14,1.84,324,1 cup,77
Dried Coconut,Nuts and Seeds,592,47,0,37,44.4,NULL,NULL,5.3,0,27,3.39,554,1 oz,28.4
Nuts Coconut Cream Raw (Liquid Expressed From Grated Meat),Nuts and Seeds,330,34.68,0,4,6.65,2.2,NULL,3.63,0,11,2.28,325,1 tbsp,15
Hazelnuts,Nuts and Seeds,628,60.75,0,0,16.7,9.7,4.34,14.95,0,114,4.7,680,1 cup chopped,115
Nuts Hazelnuts Or Filberts Blanched,Nuts and Seeds,629,61.15,0,0,17,11,3.49,13.7,0,149,3.3,658,1 oz,28.4
Dry Roasted Hazelnuts,Nuts and Seeds,646,62.4,0,0,17.6,9.4,4.89,15.03,0,123,4.38,755,1 oz,28.4
Ginko Nuts,Nuts and Seeds,182,1.68,0,7,37.6,NULL,NULL,4.32,0,2,1,510,1 oz,28.4
Dry-Roasted Mixed Nuts (Salted),Nuts and Seeds,607,53.5,0,4,22.42,6.4,5,19.5,0,87,3.73,643,1 cup,131
Nuts Mixed Nuts Dry Roasted With Peanuts Salt Added Planters Pistachio Blend,Nuts and Seeds,572,47.52,NULL,232,23.07,8.1,4.45,23.28,NULL,129,3.43,758,1 cup,147
Nuts Mixed Nuts Oil Roasted With Peanuts Without Salt Added,Nuts and Seeds,607,53.95,0,5,21.05,7,4.15,20.04,0,117,2.61,632,1 cup,134
Nuts Mixed Nuts Oil Roasted Without Peanuts Without Salt Added,Nuts and Seeds,615,56.17,0,11,22.27,5.5,NULL,15.52,0,106,2.57,544,1 cup,144
Nuts Pecans Oil Roasted Without Salt Added,Nuts and Seeds,715,75.23,0,1,13.01,9.5,3.97,9.2,0,67,2.47,392,1 cup,110
Dried Pilinuts,Nuts and Seeds,719,79.55,0,3,3.98,NULL,NULL,10.8,NULL,145,3.53,507,1 cup,120
Pine Nuts (Dried),Nuts and Seeds,673,68.37,0,2,13.08,3.7,3.59,13.69,0,16,5.53,597,1 cup,135
Dried Pine Nuts,Nuts and Seeds,629,60.98,0,72,19.3,10.7,NULL,11.57,0,8,3.06,628,1 oz,28.4
Nuts Walnuts Glazed,Nuts and Seeds,500,35.71,0,446,47.59,3.6,32.14,8.28,NULL,71,1.29,232,1 oz,28
Nuts Walnuts Dry Roasted With Salt Added,Nuts and Seeds,643,60.71,0,643,17.86,7.1,3.57,14.29,0,71,2.57,459,1 oz,28
Seeds Breadfruit Seeds Roasted,Nuts and Seeds,207,2.7,0,28,40.1,6,NULL,6.2,0,86,0.9,1082,1 oz,28.4
Seeds Cottonseed Kernels Roasted (Glandless),Nuts and Seeds,506,36.29,0,25,21.9,5.5,NULL,32.59,0,100,5.4,1350,1 cup,149
Beef Variety Meats And By-Products Spleen Cooked Braised,Meats,145,4.2,347,57,0,0,NULL,25.1,NULL,12,39.36,284,3 oz,85
Beef Variety Meats And By-Products Tongue Cooked Simmered,Meats,284,22.3,132,65,0,0,0,19.29,0.4,5,2.61,184,3 oz,85
Beef Variety Meats And By-Products Tripe Raw,Meats,85,3.69,122,97,0,0,0,12.07,0,69,0.59,67,1 oz,28.4
Beef Sandwich Steaks Flaked Chopped Formed And Thinly Sliced Raw,Meats,309,27,71,68,0,0,0,16.5,0.4,12,1.86,233,3 oz,85
Beef Brisket Flat Half Separable Lean Only Trimmed To 0 Inch Fat Choice Cooked Braised,Meats,212,8.07,99,52,0,0,0,32.62,NULL,14,2.83,256,3 oz,85
Beef Cured Corned Beef Canned,Meats,250,14.93,86,897,0,0,0,27.1,0.2,12,2.08,136,1 oz,28.4
Beef Chuck Under Blade Pot Roast Or Steak Boneless Separable Lean Only Trimmed To 0 Inch Fat Select Raw,Meats,134,5.41,66,81,0.19,0,0,21.03,0.1,12,2.43,380,3 oz,85
Beef Cured Dried,Meats,153,1.94,79,2790,2.76,0,2.7,31.1,0,8,2.42,235,10 slices,28
Beef Chuck Under Blade Center Steak Boneless Denver Cut Separable Lean Only Trimmed To 0 Inch Fat All Grades Cooked Grilled,Meats,220,12.64,93,73,0.14,0,0,26.5,0.1,14,3.31,314,3 oz,85
Beef Cured Sausage Cooked Smoked,Meats,312,26.91,67,1131,2.42,0,NULL,14.11,NULL,7,1.76,176,1 sausage,43
Cured Smoked Beef,Meats,133,4.42,46,1258,1.86,0,NULL,20.19,NULL,8,2.85,377,1 slice (1 oz),28
Beef Chuck Under Blade Center Steak Boneless Denver Cut Separable Lean Only Trimmed To 0 Inch Fat Choice Raw,Meats,178,10.96,70,76,0.67,0,0,19.23,0.1,12,2.4,317,3 oz,85
Beef Composite Of Trimmed Retail Cuts Separable Lean And Fat Trimmed To 0 Inch Fat All Grades Cooked,Meats,230,12.42,89,62,0,0,0,28.4,0.1,14,2.82,323,3 oz,85
Beef Composite Of Trimmed Retail Cuts Separable Lean Only Trimmed To 0 Inch Fat Select Cooked,Meats,188,7.12,89,64,0,0,0,29.88,0.1,14,2.88,346,3 oz,85
Beef Brisket Whole Separable Lean And Fat Trimmed To 0 Inch Fat All Grades Cooked Braised,Meats,291,19.52,93,65,0,0,0,26.79,0.3,7,2.53,259,3 oz,85
Beef Brisket Whole Separable Lean Only Trimmed To 0 Inch Fat All Grades Cooked Braised,Meats,218,10.08,93,70,0,0,0,29.75,0.2,6,2.81,285,3 oz,85
Beef Brisket Flat Half Separable Lean And Fat Trimmed To 0 Inch Fat All Grades Cooked Braised,Meats,213,8.01,92,54,0,0,0,32.9,NULL,19,2.76,264,3 oz,85
Beef Chuck Arm Pot Roast Separable Lean And Fat Trimmed To 0 Inch Fat Select Cooked Braised,Meats,283,17.56,115,48,0,0,0,29.23,NULL,17,2.38,235,3 oz,85
Beef Chuck Pot Roast,Meats,212,7.67,100,54,0,0,0,33.36,NULL,14,2.89,262,3 oz,85
Beef Chuck Arm Pot Roast Separable Lean Only Trimmed To 0 Inch Fat Select Cooked Braised,Meats,195,5.8,98,55,0,0,0,33.37,NULL,17,2.77,270,3 oz,85
Beef Chuck Blade Roast Separable Lean And Fat Trimmed To 0 Inch Fat All Grades Cooked Braised,Meats,334,24.14,104,65,0,0,0,27.18,0.4,13,3.18,236,1 piece cooked excluding refuse (yield from 1 lb raw meat with refuse),235
Beef Chuck Under Blade Pot Roast Boneless Separable Lean And Fat Trimmed To 0 Inch Fat Choice Cooked Braised,Meats,306,21.48,100,61,0,0,0,26.39,0.2,14,2.68,262,3 oz,85
Beef Rib Large End (Ribs 6-9) Separable Lean And Fat Trimmed To 0 Inch Fat Choice Cooked Roasted,Meats,372,30.49,85,64,0,0,NULL,22.8,NULL,10,2.33,290,3 oz,85
Beef Rib Large End (Ribs 6-9) Separable Lean And Fat Trimmed To 0 Inch Fat Select Cooked Roasted,Meats,331,25.54,84,65,0,0,NULL,23.48,NULL,9,2.4,300,3 oz,85
Beef Rib Large End (Ribs 6-9) Separable Lean Only Trimmed To 0 Inch Fat All Grades Cooked Roasted,Meats,238,13.4,81,73,0,0,0,27.53,0.2,8,2.82,357,3 oz,85
Beef Rib Large End (Ribs 6-9) Separable Lean Only Trimmed To 0 Inch Fat Choice Cooked Roasted,Meats,253,15,81,73,0,0,NULL,27.53,NULL,8,2.82,357,3 oz,85
Beef Rib Small End (Ribs 10-12) Separable Lean Only Trimmed To 0 Inch Fat All Grades Cooked Broiled,Meats,193,7.53,91,61,0,0,0,29.41,0.1,19,1.87,376,3 oz,85
Beef Rib Small End (Ribs 10-12) Separable Lean Only Trimmed To 0 Inch Fat Choice Cooked Broiled,Meats,225,11.7,80,69,0,0,NULL,28.04,NULL,13,2.57,394,3 oz,85
Beef Rib Small End (Ribs 10-12) Separable Lean Only Trimmed To 0 Inch Fat Select Cooked Broiled,Meats,198,8.7,80,69,0,0,NULL,28.04,NULL,13,2.57,394,3 oz,85
Braised Cube Steak,Meats,223,8.86,95,44,0,0,0,33.56,0.2,8,2.72,271,3 oz,85
Beef Round Bottom Round Roast Separable Lean And Fat Trimmed To 0 Inch Fat Select Cooked Roasted,Meats,175,6.06,77,37,0,0,0,28.08,NULL,7,2.28,232,3 oz,85
Beef Round Bottom Round Steak Separable Lean Only Trimmed To 0 Inch Fat All Grades Cooked Braised,Meats,214,7.67,93,44,0,0,0,34,0.1,7,2.83,278,3 oz,85
Beef Round Bottom Round Roast Separable Lean Only Trimmed To 0 Inch Fat All Grades Cooked Roasted,Meats,177,6.48,77,36,0,0,0,27.76,NULL,6,2.33,228,3 oz,85
Beef Round Bottom Round Steak Separable Lean Only Trimmed To 0 Inch Fat Choice Cooked Braised,Meats,223,9.03,95,43,0,0,0,33.08,NULL,7,2.93,271,3 oz,85
Beef Round Bottom Round Roast Separable Lean Only Trimmed To 0 Inch Fat Choice Cooked Roasted,Meats,185,7.63,78,36,0,0,0,27.23,NULL,6,2.4,222,3 oz,85
Beef Round Eye Of Round Roast Boneless Separable Lean And Fat Trimmed To 0 Inch Fat Select Cooked Roasted,Meats,162,3.97,79,63,0,0,0,29.45,0,16,1.74,392,3 oz,85
Beef Round Eye Of Round Roast Boneless Separable Lean Only Trimmed To 0 Inch Fat All Grades Cooked Roasted,Meats,163,3.9,76,67,0,0,0,29.85,0,16,1.84,404,3 oz,85
Beef Round Eye Of Round Roast Boneless Separable Lean Only Trimmed To 0 Inch Fat Choice Cooked Roasted,Meats,166,4.26,74,66,0,0,0,29.94,0,16,1.86,411,3 oz,85
Beef Round Eye Of Round Roast Boneless Separable Lean Only Trimmed To 0 Inch Fat Select Cooked Roasted,Meats,157,3.43,79,63,0,0,0,29.52,0,16,1.74,394,3 oz,85
Beef Round Tip Round Roast Separable Lean Only Trimmed To 0 Inch Fat Choice Cooked Roasted,Meats,176,6.42,76,36,0,0,0,27.68,NULL,6,2.43,225,3 oz,85
Beef Round Tip Round Roast Separable Lean Only Trimmed To 0 Inch Fat Select Cooked Roasted,Meats,149,4.38,71,36,0,0,0,27.37,NULL,6,2.26,230,3 oz,85
Beef Round Top Round Separable Lean And Fat Trimmed To 0 Inch Fat All Grades Cooked Braised,Meats,209,6.31,90,45,0,0,0,35.62,0.1,4,3.27,330,3 oz,85
Beef Round Top Round Separable Lean And Fat Trimmed To 0 Inch Fat Choice Cooked Braised,Meats,216,7.09,90,45,0,0,0,35.62,NULL,4,3.27,330,3 oz,85
Beef Loin Tenderloin Steak Boneless Separable Lean And Fat Trimmed To 0 Inch Fat Select Cooked Grilled,Meats,202,7.7,93,54,0,0,0,30.93,0.1,13,3.02,348,3 oz,85
Grilled Beef Tenderloin Steak,Meats,198,8.32,93,59,0,0,0,30.7,0.1,15,3.59,390,3 oz,85
Beef Loin Tenderloin Steak Boneless Separable Lean Only Trimmed To 0 Inch Fat Choice Cooked Grilled,Meats,211,9.03,93,71,0,0,0,30.45,0.1,17,4.12,443,3 oz,85
Beef Loin Tenderloin Steak Boneless Separable Lean Only Trimmed To 0 Inch Fat Select Cooked Grilled,Meats,198,7.25,93,55,0,0,0,31.09,0.1,13,3.11,359,3 oz,85
Puddings Vanilla Dry Mix Regular With Added Oil,Sweets,369,1.1,0,754,92.4,0,NULL,0.3,NULL,15,0.05,20,1 package (3.12 oz),88
Jams And Preserves Apricot,Sweets,242,0.2,0,40,64.4,0.3,43.4,0.7,0,20,0.49,77,1 tbsp,20
Syrups Table Blends Pancake With 2% Maple With Added Potassium,Sweets,265,0.1,0,61,69.6,0,NULL,0,NULL,5,0.07,22,1 cup,315
Snacks Corn Cakes Very Low Sodium,Snacks,387,2.4,0,28,83.4,NULL,NULL,8.1,NULL,19,1.4,157,1 cake,9
Snacks Potato Chips Plain Made With Partially Hydrogenated Soybean Oil Unsalted,Snacks,536,34.6,0,8,52.9,4.8,NULL,7,NULL,24,1.63,1275,1 oz,28.4
Snacks Potato Chips Plain Unsalted,Snacks,536,34.6,0,8,52.9,4.8,0.22,7,0,24,1.63,1275,1 oz,28.4
Snacks Pretzels Hard Plain Made With Unenriched Flour Salted,Snacks,381,3.5,0,1715,79.2,2.8,NULL,9.1,NULL,36,1.67,146,1 oz,28.4
Snacks Pretzels Hard Plain Made With Unenriched Flour Unsalted,Snacks,381,3.5,0,289,79.2,2.8,NULL,9.1,NULL,36,1.67,146,1 oz,28.4
Snacks Rice Cakes Brown Rice Sesame Seed Unsalted,Snacks,392,3.8,0,4,81.5,NULL,NULL,7.6,NULL,12,1.58,290,1 cake,9
Snacks Sesame Sticks Wheat-Based Unsalted,Snacks,541,36.7,0,29,46.5,NULL,NULL,10.9,NULL,170,0.74,177,1 oz,28.4
Snacks Trail Mix Regular Unsalted,Snacks,462,29.4,0,10,44.9,NULL,NULL,13.8,NULL,78,3.05,685,1 cup,150
Snacks Trail Mix Regular With Chocolate Chips Unsalted Nuts And Seeds,Snacks,484,31.9,0,27,44.9,NULL,NULL,14.2,NULL,109,3.39,648,1 cup,146
Sugar-Coated Almonds,Sweets,465,17.93,0,13,68.26,2.5,62.5,10,0,100,1.9,255,1 piece,3.5
Cocoa Dry Powder Hi-Fat Or Breakfast Processed With Alkali,Sweets,479,23.71,0,20,49.71,33.9,1.53,16.8,0,122,14.5,2509,1 tablespoon ghirardelli label 2011,6
Soft Fruit And Nut Squares,Sweets,390,9.52,0,131,73.81,2.4,45.95,2.31,0,17,0.93,82,3 pieces,42
Ice Creams Vanilla Fat Free,Sweets,138,0,0,97,30.06,1,6.3,4.48,0,149,0,302,1/2 cup,67
Ice Creams Breyers All Natural Light French Vanilla,Sweets,173,5.56,53,73,26.03,0.2,21.11,4.82,NULL,155,0.21,NULL,1 serving 1/2 cup,68
Ice Creams Breyers 98% Fat Free Vanilla,Sweets,137,2.2,8,73,30.51,5.4,20.93,3.3,NULL,122,0.09,NULL,1 serving 1/2 cup,68
Ice Creams Breyers All Natural Light Vanilla Chocolate Strawberry,Sweets,161,4.35,14,69,26.06,0.4,22.47,4.69,NULL,158,0.31,NULL,1 serving 1/2 cup,68
Ice Creams Breyers All Natural Light Mint Chocolate Chip,Sweets,196,7.09,15,67,28.39,0.6,25.38,4.69,NULL,160,0.52,NULL,1 serving 1/2 cup,68
Ice Creams Breyers No Sugar Added Vanilla Chocolate Strawberry,Sweets,143,6.26,18,68,21.7,0.7,6.15,3.71,NULL,132,0.27,NULL,1 serving 1/2 cup,68
Frozen Novelties Klondike Slim-A-Bear Chocolate Cone,Sweets,224,4.1,2,159,45.32,4.3,24.62,4.09,NULL,125,0.75,NULL,1 serving 1 cone,79
Frozen Novelties Klondike Slim-A-Bear Vanilla Sandwich,Sweets,239,5.85,4,191,42.75,4.3,21.82,3.9,NULL,142,0.38,NULL,1 serving 1 sandwich,64
Frozen Novelties Klondike Slim-A-Bear No Sugar Added Stickless Bar,Sweets,242,13,8,86,25.98,3.9,8.64,5.2,NULL,289,0.41,NULL,1 serving 1 bar,78
Ice Creams Breyers No Sugar Added Chocolate Caramel,Sweets,151,5.8,16,77,25.17,1,5.81,3.54,NULL,121,0.59,NULL,1 serving 1/2 cup,71
Reeses Fast Break Milk Chocolate Peanut Butter Soft Nougats Candy Bar,Sweets,495,23.21,9,321,63.9,3.6,53.57,8.93,0,36,0.64,257,1 serving 1 bar,56
Mars Snackfood Us Cocoavia Chocolate Covered Almonds,Sweets,573,37.07,0,9,50.22,10.4,26.92,9.51,NULL,840,3.56,NULL,1 serving 1oz pack,28
Ice Creams Regular Low Carbohydrate Vanilla,Sweets,216,12.7,32,48,22.23,4.8,6.35,3.17,0.2,128,0.09,199,1 individual (3.5 fl oz),58
Sweeteners For Baking Brown Contains Sugar And Sucralose,Sweets,388,0,NULL,11,97.11,NULL,45.66,0,NULL,63,1.64,130,1 tbsp,12.9
Sweeteners For Baking Contains Sugar And Sucralose,Sweets,398,0,NULL,2,99.53,NULL,47.05,0,NULL,1,0.06,2,1 tbsp,14.5
Sugar Turbinado,Sweets,399,0,NULL,3,99.8,NULL,99.19,0,NULL,12,0.37,29,1 tsp,4.6
Sweeteners Sugar Substitute Granulated Brown,Sweets,347,0,NULL,572,84.77,0.6,4.03,2.06,NULL,879,0.16,39,1 tsp,0.5
M&m Mars 3 Musketeers Truffle Crisp,Sweets,538,28.85,18,63,63.15,0,57.69,6.41,0,150,1.88,296,1 serving,31
Syrups Chocolate Hersheys Sugar Free Genuine Chocolate Flavored Lite Syrup,Sweets,43,2.03,0,343,14.2,2.9,0.27,2.87,0,0,2.06,388,2 tbsp,35
M&m Mars Pretzel Chocolate,Sweets,447,15,13,475,72.94,2.5,50,5,0,50,0.9,253,1/4 cup,40
Sweetener Herbal Extract Powder From Stevia Leaf,Sweets,0,0,0,0,100,0,0,0,0,0,0,0,1 package,1
Hersheys Payday Bar,Sweets,490,25,0,231,52.88,3.8,40.32,13.44,0,94,1.92,725,,NULL
Syrup Nestle Chocolate,Sweets,269,0,0,150,67.21,0,60,0,0,0,0,122,1 tablespoon,20
Amaranth Grain Uncooked,Grains and Pasta,371,7.02,0,4,65.25,6.7,1.69,13.56,0,159,7.61,508,1 cup,193
Cooked Amaranth,Grains and Pasta,102,1.58,NULL,6,18.69,2.1,NULL,3.8,NULL,47,2.1,135,1 cup,246
Arrowroot Flour,Grains and Pasta,357,0.1,0,2,88.15,3.4,NULL,0.3,0,40,0.33,11,1 cup,128
Buckwheat Groats Roasted Dry,Grains and Pasta,346,2.71,0,11,74.95,10.3,NULL,11.73,0,17,2.47,320,1 cup,164
Roasted Buckwheat Groats,Grains and Pasta,92,0.62,0,4,19.94,2.7,0.9,3.38,0,7,0.8,88,1 cup,168
Buckwheat Flour Whole-Groat,Grains and Pasta,335,3.1,0,11,70.59,10,2.6,12.62,0,41,4.06,577,1 cup,120
Bulgur Dry,Grains and Pasta,342,1.33,0,17,75.87,12.5,0.41,12.29,0,35,2.46,410,1 cup,140
Taco With Beef Cheese And Lettuce Hard Shell,Fast Foods,226,12.7,28,397,19.85,3.9,0.9,8.86,0.1,89,1.19,209,1 each taco,69
Cheeseburger; Single Regular Patty; Plain,Fast Foods,308,14.72,43,515,28.03,2,4.88,16.51,0.1,119,2.71,196,1 sandwich,91
Cheeseburger; Single Regular Patty With Condiments,Fast Foods,270,12.9,39,628,25.46,1.9,5.24,13.49,0.1,123,2.25,184,1 item,127
Cheeseburger; Single Regular Patty With Condiments And Vegetables,Fast Foods,254,11.5,36,546,24.97,1.4,5.11,13.06,0.1,92,2.78,178,1 sandwich,115
Hamburger; Single Regular Patty; Plain,Fast Foods,297,12.01,33,331,31.5,1.7,4.88,16.52,0.1,62,3.06,197,1 sandwich,78
Hamburger; Single Regular Patty; With Condiments,Fast Foods,263,10.18,29,487,29.57,1.8,5.95,13.3,0.1,116,2.87,197,1 sandwich,97
Roast Beef Sandwich Plain,Fast Foods,244,10.3,30,653,22.21,1.3,3.84,15.17,0,55,2.64,224,1 sandwich,149
Submarine Sandwich Cold Cut On White Bread With Lettuce And Tomato,Fast Foods,213,10.04,27,575,20.43,1.2,3.18,10.52,0.2,171,1.81,282,6 inch sub,196
Onion Rings Breaded And Fried,Fast Foods,411,25.23,0,776,43.58,2.7,5.43,3.86,0,115,0.78,167,1 package (18 onion rings),117
Potato French Fried In Vegetable Oil,Fast Foods,312,14.73,0,210,41.44,3.8,0.3,3.43,0,18,0.81,579,1 serving small,71
Potato Mashed,Fast Foods,89,2.82,0,306,14.65,1.3,0.5,1.65,0,18,0.31,286,1 cup,242
Burger King Vanilla Shake,Fast Foods,168,8.74,31,100,19.03,0,11.67,3.19,NULL,104,0.42,153,1 fl oz,24.8
School Lunch Pizza Big Daddys Ls 16 Inch 51% Whole Grain Rolled Edge Turkey Pepperoni Pizza Frozen,Fast Foods,248,9.33,NULL,450,27.35,4.1,3.83,13.63,NULL,147,2.4,293,1 slice 1/8 per pizza,156
School Lunch Pizza Tonys Smartpizza Whole Grain 4x6 Cheese Pizza 50/50 Cheese Frozen,Fast Foods,233,7.51,12,400,29.27,3.8,6.76,12.08,NULL,207,2.4,331,1 piece 4 inch x 6 inch,130
School Lunch Pizza Tonys Smartpizza Whole Grain 4x6 Pepperoni Pizza 50/50 Cheese Frozen,Fast Foods,238,8.19,12,470,28.84,4.1,7.24,12.14,NULL,192,2.6,363,1 piece 4 inchx6 inch,127
School Lunch Pizza Tonys Breakfast Pizza Sausage Frozen,Fast Foods,240,10.04,20,600,26.99,2,5.87,10.39,NULL,176,2.1,229,1 piece 3.2 oz,91
Subway Sweet Onion Chicken Teriyaki Sub On White Bread With Lettuce Tomato And Sweet Onion Sauce,Fast Foods,155,2.37,22,305,22.54,1.2,6.06,10.91,NULL,142,1.52,285,6 inch sub,228
Submarine Sandwich Turkey Breast On White Bread With Lettuce And Tomato,Fast Foods,147,2.31,10,317,22.42,1.3,3.09,9.12,0,169,1.84,253,6 inch sub,184
Submarine Sandwich Ham On White Bread With Lettuce And Tomato,Fast Foods,151,2.53,12,396,22.91,1.3,3.54,9.12,0.2,169,1.78,367,6 inch sub,184
Subway Meatball Marinara Sub On White Bread (No Toppings),Fast Foods,219,8.45,15,437,26.01,2.1,4.98,9.77,NULL,176,2.32,275,6 inch sub,209
Submarine Sandwich Meatball Marinara On White Bread,Fast Foods,219,8.45,15,437,26.01,2.1,4.98,9.77,0,176,2.32,275,6 inch sub,209
Hamburger Large Single Patty With Condiments,Fast Foods,256,11.6,40,374,22.14,1.1,3.67,15.68,0.1,87,1.73,225,1 item,171
Subway Turkey Breast Sub On White Bread With Lettuce And Tomato,Fast Foods,147,2.31,10,317,22.42,1.3,3.09,9.12,NULL,169,1.84,253,6 inch sub,184
Subway Black Forest Ham Sub On White Bread With Lettuce And Tomato,Fast Foods,151,2.53,12,396,22.91,1.3,3.54,9.12,NULL,169,1.78,367,6 inch sub,184
Subway Roast Beef Sub On White Bread With Lettuce And Tomato,Fast Foods,155,2.73,18,329,20.34,0.7,3,12.17,NULL,164,2.09,188,6 inch sub,190
Pizza Cheese Topping Rising Crust Frozen Cooked,Fast Foods,260,8.78,16,556,32.91,2.5,5.09,12.37,0,177,1.77,175,1 serving 6 servings per 29.25 oz package,139
Pizza Meat And Vegetable Topping Regular Crust Frozen Cooked,Fast Foods,276,14.43,16,555,25.14,2.2,4.85,11.28,0,152,1.36,209,1 serving 5 servings per 24.2 oz package,143
Pizza Meat And Vegetable Topping Rising Crust Frozen Cooked,Fast Foods,271,11.75,19,640,28.78,2.3,7.26,12.63,0,155,1.36,189,1 serving 6 servings per 34.98 oz package,170
McDonalds Hamburger,Fast Foods,264,10.09,27,494,30.28,1.3,6.03,12.92,NULL,127,2.87,192,1 sandwich,95
Chicken Breaded And Fried Boneless Pieces Plain,Fast Foods,307,20.36,55,594,14.93,0.9,0.08,15.92,0.2,11,0.83,251,6 pieces,96
McDonalds Quarter Pounder With Cheese,Fast Foods,258,14.22,47,579,19.95,1.4,4.91,14.59,NULL,144,2.1,219,1 item 7.1 oz,199
McDonalds Big Mac,Fast Foods,257,14.96,36,460,20.08,1.6,3.97,11.82,NULL,116,2,181,1 item 7.6 oz,219
McDonalds French Fries,Fast Foods,323,15.47,NULL,189,42.58,3.9,0.21,3.41,NULL,19,0.8,596,1 small serving,71
Wendys Classic Single Hamburger No Cheese,Fast Foods,213,10.6,35,395,16.82,1.3,NULL,12.63,NULL,34,2.73,195,1 item,218
Wendys Homestyle Chicken Fillet Sandwich,Fast Foods,214,8.1,31,401,21.55,1.3,NULL,13.78,NULL,23,1.5,228,1 item,230
Wendys Ultimate Chicken Grill Sandwich,Fast Foods,179,5,40,427,18.88,1.1,NULL,14.73,NULL,25,1.55,221,1 item,225
Wendys Chicken Nuggets,Fast Foods,326,22.55,50,708,14.31,NULL,0.08,16.46,NULL,11,0.62,250,5 pieces,68
Wendys French Fries,Fast Foods,301,14.1,NULL,219,39.73,4,0.4,3.73,NULL,16,0.93,625,1 kid's meal serving,71
Burger King Whopper No Cheese,Fast Foods,233,12.84,30,313,18.55,1.8,4.22,10.74,NULL,39,4.37,169,1 item,291
Burger King Whopper With Cheese,Fast Foods,250,15.33,36,453,16.7,1,4.11,11.19,NULL,82,2,169,1 item,316
Burger King Double Whopper No Cheese,Fast Foods,252,15.66,46,289,13.74,1.4,3.52,13.94,NULL,35,2.8,192,1 item,374
Burger King Double Whopper With Cheese,Fast Foods,266,17.06,47,387,13.52,1.6,3.61,14.47,NULL,78,5.3,189,1 item,399
Burger King Chicken Strips,Fast Foods,292,15.25,44,859,20.49,1.3,0,18.2,NULL,13,0.62,315,1 strip,36
Taco Bell Soft Taco With Chicken Cheese And Lettuce,Fast Foods,189,6.35,29,613,19.69,1.2,1.3,13.3,NULL,122,1.59,217,1 each taco,98
Taco Bell Soft Taco With Steak,Fast Foods,225,12.1,31,551,17.22,1.6,NULL,11.81,NULL,117,2.22,183,1 item,127
Taco Bell Bean Burrito,Fast Foods,209,6.05,5,563,31.23,4.2,1.73,7.35,NULL,124,2.37,261,1 each burrito,185
Taco Bell Burrito Supreme With Beef,Fast Foods,183,6.8,12,451,23.37,3.7,2.1,7.03,NULL,90,1.82,204,1 burrito,241
Taco Bell Taco Salad,Fast Foods,170,9.17,19,363,15.1,3,NULL,6.69,NULL,95,1.77,229,1 item,533
Kfc Popcorn Chicken,Fast Foods,351,21.74,40,1140,21.18,1,0,17.67,NULL,32,1.42,288,1 piece,6.4
Kfc Fried Chicken Original Recipe Skin And Breading,Fast Foods,384,28.01,82,1042,18.79,0,0,14.17,NULL,117,0.88,244,,NULL
Kfc Fried Chicken Original Recipe Breast Meat Only Skin And Breading Removed,Fast Foods,149,4.56,96,499,0,NULL,NULL,26.89,NULL,25,0.53,285,1 breast without skin,152
Kfc Fried Chicken Original Recipe Drumstick Meat Only Skin And Breading Removed,Fast Foods,175,7.66,137,524,0.11,NULL,NULL,26.3,NULL,16,1.04,273,1 drumstick bone and skin removed,40
Kfc Fried Chicken Original Recipe Thigh Meat Only Skin And Breading Removed,Fast Foods,175,9.31,122,568,0.01,NULL,NULL,22.78,NULL,20,0.87,230,1 thigh without skin,86
Kfc Fried Chicken Extra Crispy Thigh Meat Only Skin And Breading Removed,Fast Foods,179,9.96,118,558,0,NULL,NULL,22.41,NULL,21,0.96,271,1 thigh without skin,91
Kfc Fried Chicken Extra Crispy Wing Meat Only Skin And Breading Removed,Fast Foods,236,12.13,146,714,2.97,NULL,NULL,28.67,NULL,30,0.89,265,1 wing without skin,44
Kfc Fried Chicken Original Recipe Breast Meat And Skin With Breading,Fast Foods,231,13.11,81,606,6.28,NULL,0,21.94,NULL,33,0.6,267,1 breast with skin,212
Kfc Fried Chicken Original Recipe Drumstick Meat And Skin With Breading,Fast Foods,239,14.22,117,625,5.39,NULL,NULL,22.3,NULL,29,0.97,250,1 drumstick with skin,75
Kfc Fried Chicken Extra Crispy Thigh Meat And Skin With Breading,Fast Foods,309,22.14,91,682,10.3,NULL,NULL,17.17,NULL,30,0.83,225,1 thigh with skin,152
Kfc Fried Chicken Extra Crispy Wing Meat And Skin With Breading,Fast Foods,337,23,107,765,11.66,NULL,NULL,20.8,NULL,35,0.79,223,1 wing with skin,68
Popeyes Fried Chicken Mild Breast Meat Only Skin And Breading Removed,Fast Foods,157,4.52,97,526,0,NULL,NULL,28.98,NULL,20,0.55,327,1 breast without skin,132
Popeyes Fried Chicken Mild Drumstick Meat Only Skin And Breading Removed,Fast Foods,170,7.14,127,478,0.04,NULL,NULL,26.51,NULL,16,1.06,321,1 drumstick bone and skin removed,44
Popeyes Fried Chicken Mild Thigh Meat And Skin With Breading,Fast Foods,310,20.99,107,685,11.2,0.5,0,19.14,NULL,30,1.38,243,1 thigh with skin,138
Popeyes Fried Chicken Mild Wing Meat And Skin With Breading,Fast Foods,338,22.48,114,788,13.52,0.6,0,20.4,NULL,31,1.38,245,1 wing with skin,57
Grilled Chicken Bacon And Tomato Club Sandwich With Cheese Lettuce And Mayonnaise,Fast Foods,220,8.05,46,630,19.87,1.2,4.68,17.19,0.1,95,1.37,226,1 sandwich,268
Crispy Chicken Bacon And Tomato Club Sandwich With Cheese Lettuce And Mayonnaise,Fast Foods,257,11.76,38,605,22.61,1.2,4.99,15.38,0.2,92,1.32,256,1 sandwich,271
Fast Foods Fried Chicken Wing Meat Only Skin And Breading Removed,Fast Foods,215,10.2,148,761,2.13,0,0,28.77,0.1,40,0.96,296,1 wing without skin,37
Fast Foods Fried Chicken Skin And Breading From All Pieces,Fast Foods,398,29.22,82,965,19.56,0.3,0,14.11,0.2,92,1.12,230,,NULL
Fast Foods Fried Chicken Breast Meat And Skin And Breading,Fast Foods,230,12.44,92,657,6.03,0.1,0,23.51,0.1,45,0.72,282,1 breast with skin,203
Fast Foods Fried Chicken Drumstick Meat And Skin With Breading,Fast Foods,267,16.92,111,591,7.59,0.5,0,21.13,0.1,24,0.99,253,1 drumstick with skin,75
Digiorno Pizza Cheese Topping Thin Crispy Crust Frozen Baked,Fast Foods,247,9.91,21,506,26.47,3,NULL,12.96,NULL,275,0.68,233,1 slice 1/4 of pie,161
Digiorno Pizza Pepperoni Topping Cheese Stuffed Crust Frozen Baked,Fast Foods,279,11.71,24,753,29.46,2.1,NULL,13.92,NULL,226,2.3,179,1 slice 1/4 of pie,179
Digiorno Pizza Pepperoni Topping Rising Crust Frozen Baked,Fast Foods,265,10.11,18,743,31.15,2.3,5.1,12.46,NULL,157,0.95,212,1 slice 1/4 of pie,207
Digiorno Pizza Pepperoni Topping Thin Crispy Crust Frozen Baked,Fast Foods,283,12.86,28,663,28.67,2.8,NULL,13.22,NULL,209,0.9,268,1 slice 1/4 of pie,145
Fast Food Pizza Chain 14 Inch Pizza Pepperoni Topping Thin Crust,Fast Foods,331,17.61,37,875,29,2.3,3.22,14.01,0,216,1.95,223,1 slice,79
Taco With Beef Cheese And Lettuce Soft,Fast Foods,206,9.75,25,560,20.23,2.9,1.57,9.25,0.1,123,1.67,161,1 each taco,102
Taco With Chicken Lettuce And Cheese Soft,Fast Foods,189,6.35,29,613,19.69,1.2,1.3,13.3,0.1,122,1.59,217,1 each taco,98
Quesadilla With Chicken,Fast Foods,294,15.25,37,745,24.04,1.7,1.88,15.05,0.2,269,1.77,183,1 each quesadilla,180
Dominos 14 Inch Sausage Pizza Classic Hand-Tossed Crust,Fast Foods,273,11.2,21,594,31.84,2.4,3.92,11.08,NULL,137,2.36,183,1 slice,114
Dominos 14 Inch Sausage Pizza Ultimate Deep Dish Crust,Fast Foods,277,12.03,23,677,31.17,2.6,3.82,11.03,NULL,154,2.5,188,1 slice,129
Pizza Hut 14 Inch Sausage Pizza Thin N Crispy Crust,Fast Foods,323,16.9,37,839,28.7,2.4,2.62,13.95,NULL,193,2.38,220,1 slice,92
Pizza Hut 14 Inch Sausage Pizza Hand-Tossed Crust,Fast Foods,287,13.5,26,671,29.39,2.3,2.72,11.92,NULL,150,2.45,211,1 slice,119
Wendys Crispy Chicken Sandwich,Fast Foods,278,13.93,NULL,566,26.36,NULL,3.13,11.72,NULL,37,1.49,185,1 sandwich,126
Burger King Onion Rings,Fast Foods,417,25.23,NULL,776,43.58,2.7,5.43,3.86,NULL,115,0.78,167,1 small,91
Wendys Daves Hot N Juicy 1/4 Lb Single,Fast Foods,268,15.8,51,473,17.73,1.1,4.5,13.69,NULL,73,2.3,208,1 sandwich,215
Fast Food Pizza Chain 14 Inch Pizza Cheese Topping Stuffed Crust,Fast Foods,274,11.63,30,615,30,1.7,2.9,12.23,0,238,2.04,229,1 slice 1/8 pizza,117
Pizza Hut 14 Inch Cheese Pizza Stuffed Crust,Fast Foods,274,11.63,30,615,30,1.7,2.9,12.23,NULL,238,2.04,229,1 slice,117
Strawberry Banana Smoothie Made With Ice And Low-Fat Yogurt,Fast Foods,65,0.14,1,14,15.05,0.9,12.68,0.86,0,20,0.14,131,12 fl oz,347
McDonalds Southern Style Chicken Biscuit,Fast Foods,304,14.93,24,868,30.56,1.4,2.62,11.93,NULL,44,1.76,206,1 biscuit regular size biscuit,132
McDonalds Ranch Snack Wrap Crispy,Fast Foods,275,15.1,29,607,23.22,1.3,2.48,11.48,NULL,88,1.47,173,1 wrap,133
McDonalds Ranch Snack Wrap Grilled,Fast Foods,222,10.31,41,577,18.43,0.9,1.53,13.77,NULL,93,1.45,192,1 wrap,123
School Lunch Pizza Cheese Topping Thick Crust Whole Grain Frozen Cooked,Fast Foods,254,9.27,19,421,28.08,2.9,5.02,14.62,0,193,2.63,303,1 slice per 1/10 pizza,124
School Lunch Pizza Pepperoni Topping Thin Crust Whole Grain Frozen Cooked,Fast Foods,254,8.62,24,495,31.24,4.3,7.62,12.78,0,202,2.74,382,1 piece 4 inchx6 inch,127
School Lunch Pizza Pepperoni Topping Thick Crust Whole Grain Frozen Cooked,Fast Foods,259,9.82,24,474,28.3,4.3,4.03,14.35,0,155,2.53,308,1 slice per 1/10 pizza,124
School Lunch Pizza Sausage Topping Thin Crust Whole Grain Frozen Cooked,Fast Foods,250,7.83,25,457,32.24,3.9,7.53,12.63,0,238,2.09,385,1 piece 4 inch x 6 inch,133
Beef Chuck Short Ribs Boneless Separable Lean Only Trimmed To 0 Inch Fat Choice Raw,Meats,175,10.7,73,81,0.29,0,0,19.38,0.1,11,2.53,313,3 oz,85
Wendys Double Stack With Cheese,Fast Foods,285,16.6,NULL,477,15.35,NULL,3.87,18.53,NULL,73,2.75,258,1 sandwich,146
Crispy Chicken In Tortilla With Lettuce Cheese And Ranch Sauce,Fast Foods,275,15.1,29,607,23.22,1.3,2.48,11.48,0.1,88,1.47,173,1 item,133
Grilled Chicken In Tortilla With Lettuce Cheese And Ranch Sauce,Fast Foods,222,10.31,41,577,18.43,0.9,1.53,13.77,0,93,1.45,192,1 item,123
Breakfast Burrito With Egg Cheese And Sausage,Fast Foods,277,15.63,137,744,22.97,1.2,2.57,11.1,0.8,132,2.28,150,1 burrito,109
Breadstick Soft Prepared With Garlic And Parmesan Cheese,Fast Foods,343,12.88,7,539,44.48,2.4,1.11,12.2,0,87,4.65,132,1 breadstick,43
Pizza Hut Breadstick Parmesan Garlic,Fast Foods,343,12.88,7,539,44.48,2.4,1.11,12.2,NULL,87,4.65,132,1 breadstick,43
Chick-Fil-A Chicken Sandwich,Fast Foods,249,11.19,35,753,20.89,1.4,3.64,16.28,NULL,58,1.77,245,1 sandwich,187
Arbys Roast Beef Sandwich Classic,Fast Foods,242,10.3,30,653,22.21,1.3,3.84,15.17,NULL,55,2.64,224,1 sandwich,149
School Lunch Pizza Cheese Topping Thin Crust Whole Grain Frozen Cooked,Fast Foods,247,7.91,12,421,31.31,4,7.12,12.72,0,218,2.53,348,1 piece 4 inchx6 inch,130
School Lunch Pizza Sausage Topping Thick Crust Whole Grain Frozen Cooked,Fast Foods,257,9.07,26,433,30.58,4,3.72,13.26,0,168,2.21,282,1 slice per 1/10 pizza,129
School Lunch Chicken Patty Whole Grain Breaded,Fast Foods,246,13.93,36,467,12.5,2.3,0.55,17.64,0.3,34,3.77,278,1 patty,86
School Lunch Chicken Nuggets Whole Grain Breaded,Fast Foods,270,12.9,50,511,22.86,2.2,0.49,15.67,0.3,32,1.99,231,5 pieces,88
Beef Chuck Short Ribs Boneless Separable Lean Only Trimmed To 0 Inch Fat All Grades Raw,Meats,169,10.02,76,85,0.05,0,0,19.68,0.1,12,2.45,307,3 oz,85
Beef Chuck Eye Country-Style Ribs Boneless Separable Lean Only Trimmed To 0 Inch Fat Choice Cooked Braised,Meats,234,12.22,100,69,0,0,0,30.95,0.2,17,2.97,279,3 oz,85
Beef Chuck Eye Country-Style Ribs Boneless Separable Lean Only Trimmed To 0 Inch Fat Select Cooked Braised,Meats,221,10.24,99,70,0,0,0,32.1,0.1,16,2.86,292,3 oz,85
Beef Chuck Eye Country-Style Ribs Boneless Separable Lean Only Trimmed To 0 Inch Fat All Grades Cooked Braised,Meats,228,11.43,99,69,0,0,0,31.41,0.1,17,2.93,286,3 oz,85
Beef Chuck Eye Country-Style Ribs Boneless Separable Lean Only Trimmed To 0 Inch Fat Choice Raw,Meats,152,7.67,70,81,0,0,0,20.87,0.1,15,2.31,330,3 oz,85
Beef Chuck Eye Steak Boneless Separable Lean Only Trimmed To 0 Inch Fat All Grades Cooked Grilled,Meats,209,10.79,88,75,0,0,0,27.94,0.1,17,2.87,380,3 oz,85
Beef Chuck Eye Steak Boneless Separable Lean Only Trimmed To 0 Inch Fat Choice Raw,Meats,160,8.29,66,70,0,0,0,21.31,0.1,15,2.27,371,3 oz,85
Beef Chuck Eye Steak Boneless Separable Lean Only Trimmed To 0 Inch Fat Select Raw,Meats,143,6.47,69,73,0,0,0,21.28,0.1,15,2.33,388,3 oz,85
Beef Chuck Eye Steak Boneless Separable Lean Only Trimmed To 0 Inch Fat All Grades Raw,Meats,153,7.56,67,70,0,0,0,21.29,0.1,15,2.28,371,3 oz,85
Beef Chuck Mock Tender Steak Boneless Separable Lean Only Trimmed To 0 Inch Fat Select Cooked Braised,Meats,181,5.44,117,70,0,0,0,32.96,0.1,15,3.32,298,1 steak,141
Chuck Steak (Mock Tender),Meats,190,6.34,115,68,0,0,0,33.31,0.1,15,3.42,309,1 steak,141
Beef Chuck Mock Tender Steak Boneless Separable Lean Only Trimmed To 0 Inch Fat Choice Raw,Meats,127,4.6,67,83,0,0,0,21.36,0.1,11,2.51,349,3 oz,85
Beef Chuck Mock Tender Steak Boneless Separable Lean Only Trimmed To 0 Inch Fat Select Raw,Meats,117,3.53,68,76,0,0,0,21.22,0.1,11,2.26,344,3 oz,85
Beef Chuck For Stew Separable Lean And Fat Select Raw,Meats,124,3.99,66,81,0.21,0,0,21.9,0.1,14,2.2,359,3 oz,85
Beef Chuck For Stew Separable Lean And Fat Choice Raw,Meats,130,4.81,63,79,0.12,0,0,21.64,0.1,13,2.09,373,3 oz,85
Beef Chuck Under Blade Steak Boneless Separable Lean Only Trimmed To 0 Inch Fat Choice Cooked Braised,Meats,222,10.91,106,65,0,0,0,30.91,0.2,14,3.25,312,3 oz,85
Beef Chuck Under Blade Steak Boneless Separable Lean Only Trimmed To 0 Inch Fat Select Cooked Braised,Meats,215,9.66,108,66,0,0,0,32.01,0.1,14,3.15,303,3 oz,85
Beef Chuck Under Blade Pot Roast Or Steak Boneless Separable Lean And Fat Trimmed To 0 Inch Fat All Grades Raw,Meats,196,13.26,66,76,0,0,0,19.17,0.1,12,2.19,336,3 oz,85
Beef Chuck Under Blade Pot Roast Or Steak Boneless Separable Lean And Fat Trimmed To 0 Inch Fat Choice Raw,Meats,202,13.93,66,76,0,0,0,19.15,0.1,12,2.13,329,3 oz,85
Beef Chuck Under Blade Pot Roast Or Steak Boneless Separable Lean And Fat Trimmed To 0 Inch Fat Select Raw,Meats,187,12.27,67,77,0,0,0,19.2,0.1,12,2.27,347,3 oz,85
Beef Chuck Under Blade Center Steak Boneless Denver Cut Separable Lean And Fat Trimmed To 0 Inch Fat All Grades Cooked Grilled,Meats,227,13.54,93,73,0.21,0,0,26.18,0.1,13,3.26,310,3 oz,85
Beef Chuck Under Blade Center Steak Boneless Denver Cut Separable Lean And Fat Trimmed To 0 Inch Fat Select Raw,Meats,172,10.5,68,76,0.09,0,0,19.2,0.1,11,2.38,320,3 oz,85
Beef Shoulder Pot Roast Or Steak Boneless Separable Lean And Fat Trimmed To 0 Inch Fat Choice Raw,Meats,133,5.33,64,74,0.07,0,0,21.17,0,12,2.66,403,3 oz,85
Beef Shoulder Pot Roast Or Steak Boneless Separable Lean And Fat Trimmed To 0 Inch Fat Select Raw,Meats,127,4.44,68,70,0,0,0,21.72,0,12,2.56,383,3 oz,85
Beef Chuck Eye Roast Boneless Americas Beef Roast Separable Lean And Fat Trimmed To 0 Inch Fat All Grades Cooked Roasted,Meats,236,15.29,83,76,0,0,0,24.63,0.1,18,2.22,308,3 oz,85
Beef Chuck Mock Tender Steak Boneless Separable Lean And Fat Trimmed To 0 Inch Fat All Grades Cooked Braised,Meats,220,10.18,113,67,0,0,0,32.07,0.1,14,3.29,298,1 steak,141
Beef Chuck Mock Tender Steak Boneless Separable Lean And Fat Trimmed To 0 Inch Fat Choice Cooked Braised,Meats,225,10.74,112,66,0,0,0,32.21,0.1,15,3.38,303,1 steak,141
Beef Chuck Mock Tender Steak Boneless Separable Lean And Fat Trimmed To 0 Inch Fat Select Cooked Braised,Meats,211,9.34,115,69,0,0,0,31.86,0.1,15,3.21,288,1 steak,141
Beef Chuck Mock Tender Steak Boneless Separable Lean And Fat Trimmed To 0 Inch Fat All Grades Raw,Meats,128,4.79,67,80,0,0,0,21.13,0.1,11,2.43,343,3 oz,85
Beef Chuck Short Ribs Boneless Separable Lean And Fat Trimmed To 0 Inch Fat Select Cooked Braised,Meats,287,20.38,104,71,0,0,0,25.81,0.1,14,2.76,269,3 oz,85
Beef Chuck Short Ribs Boneless Separable Lean And Fat Trimmed To 0 Inch Fat All Grades Raw,Meats,235,18.33,75,78,0,0,0,17.48,0.1,12,2.24,277,3 oz,85
Beef Chuck Short Ribs Boneless Separable Lean And Fat Trimmed To 0 Inch Fat Choice Raw,Meats,240,19.03,73,75,0,0,0,17.22,0.1,11,2.3,282,3 oz,85
Beef Chuck Short Ribs Boneless Separable Lean And Fat Trimmed To 0 Inch Fat Select Raw,Meats,227,17.28,78,85,0,0,0,17.87,0.1,12,2.15,273,3 oz,85
Beef Chuck Eye Country-Style Ribs Boneless Separable Lean And Fat Trimmed To 0 Inch Fat Choice Cooked Braised,Meats,303,21.56,96,65,0,0,0,27.16,0.2,16,2.51,241,3 oz,85
Beef Chuck Eye Country-Style Ribs Boneless Separable Lean And Fat Trimmed To 0 Inch Fat Select Cooked Braised,Meats,285,19.03,95,66,0,0,0,28.47,0.1,15,2.46,255,3 oz,85
Beef Chuck Eye Country-Style Ribs Boneless Separable Lean And Fat Trimmed To 0 Inch Fat All Grades Raw,Meats,205,14.32,70,77,0,0,0,18.97,0.1,14,2.1,291,3 oz,85
Beef Chuck Eye Country-Style Ribs Boneless Separable Lean And Fat Trimmed To 0 Inch Fat Choice Raw,Meats,210,14.99,70,76,0,0,0,18.87,0.1,15,2.16,302,3 oz,85
Beef Chuck Eye Country-Style Ribs Boneless Separable Lean And Fat Trimmed To 0 Inch Fat Select Raw,Meats,196,13.33,71,77,0,0,0,19.1,0.1,14,1.97,271,3 oz,85
Beef Chuck Eye Steak Boneless Separable Lean And Fat Trimmed To 0 Inch Fat Choice Raw,Meats,227,16.85,68,66,0,0,0,18.86,0.1,14,2.1,330,3 oz,85
Beef Chuck Eye Steak Boneless Separable Lean And Fat Trimmed To 0 Inch Fat Select Raw,Meats,216,15.6,68,68,0,0,0,18.86,0.1,14,2.14,342,3 oz,85
Beef Rib Eye Roast Bone-In Lip-On Separable Lean Only Trimmed To 1/8 Inch Fat All Grades Cooked Roasted,Meats,231,13.64,80,69,0,0,0,27.12,0.1,11,2.36,295,3 oz,85
Beef Rib Eye Roast Bone-In Lip-On Separable Lean Only Trimmed To 1/8 Inch Fat Select Cooked Roasted,Meats,219,12.29,77,70,0,0,0,27.03,0.1,11,2.35,295,3 oz,85
Beef Rib Eye Steak/roast Bone-In Lip-On Separable Lean Only Trimmed To 1/8 Inch Fat Select Raw,Meats,155,7.64,62,63,0,0,0,21.65,0.1,10,1.99,281,3 oz,85
Beef Rib Eye Steak/roast Boneless Lip-On Separable Lean Only Trimmed To 1/8 Inch Fat All Grades Raw,Meats,156,7.54,66,56,0,0,0,21.99,0.1,6,1.94,276,3 oz,85
Beef Rib Eye Steak/roast Boneless Lip-On Separable Lean Only Trimmed To 1/8 Inch Fat Choice Raw,Meats,161,8.29,63,56,0,0,0,21.62,0.1,7,2.04,262,3 oz,85
Beef Rib Eye Steak/roast Boneless Lip-On Separable Lean Only Trimmed To 1/8 Inch Fat Select Raw,Meats,148,6.41,70,55,0,0,0,22.55,0.1,5,1.8,297,3 oz,85
Beef Rib Eye Roast Boneless Lip-On Separable Lean Only Trimmed To 1/8 Inch Fat Choice Cooked Roasted,Meats,229,13.01,81,54,0,0,0,27.87,0.1,8,2.2,319,3 oz,85
Fontina Cheese,Dairy and Egg Products,389,31.14,116,800,1.55,0,1.55,25.6,0.6,550,0.23,64,1 cup diced,132
Monterey Cheese,Dairy and Egg Products,373,30.28,89,600,0.68,0,0.5,24.48,0.6,746,0.72,81,1 cup diced,132
Mozzarella,Dairy and Egg Products,299,22.14,79,486,2.4,0,0,22.17,0.4,505,0.44,76,1 cup shredded,112
Mozzarella (Hard),Dairy and Egg Products,318,24.64,89,710,2.47,0,1.01,21.6,0.5,575,0.2,75,1 oz,28.4
Mozzarella (Lowfat),Dairy and Egg Products,254,15.92,64,619,2.77,0,1.13,24.26,0.3,782,0.22,84,1 oz,28.4
Grated Parmesan (Hard),Dairy and Egg Products,392,25,68,1175,3.22,0,0.11,35.75,0.5,1184,0.82,92,1 oz,28.4
Port De Salut Cheese,Dairy and Egg Products,352,28.2,123,534,0.57,0,0.57,23.78,0.5,650,0.43,136,1 cup diced,132
Provolone Cheese,Dairy and Egg Products,351,26.62,69,727,2.14,0,0.56,25.58,0.5,756,0.52,138,1 cup diced,132
Ricotta Cheese,Dairy and Egg Products,150,10.18,49,110,7.27,0,0.27,7.54,0.2,206,0.13,219,1/2 cup,124
Tilsit Cheese,Dairy and Egg Products,340,25.98,102,753,1.88,0,NULL,24.41,NULL,700,0.23,65,1 oz,28.4
Processed American Cheese (With Vitamin D),Dairy and Egg Products,366,30.71,100,1671,4.78,0,2.26,18.13,7.5,1045,0.63,132,1 oz,28.4
Processed Pimento Cheese,Dairy and Egg Products,375,31.2,94,915,1.73,0.1,0.62,22.13,0.5,614,0.42,162,1 cup diced,140
Processed Swiss Cheese,Dairy and Egg Products,334,25.01,85,1370,2.1,0,1.23,24.73,0.5,772,0.61,216,1 cup diced,140
Cold Pack American Cheese,Dairy and Egg Products,331,24.46,64,966,8.32,0,NULL,19.66,NULL,497,0.84,363,1 oz,28.4
Light Cream (Coffe Cream),Dairy and Egg Products,195,19.1,59,72,3.66,0,3.67,2.96,1.1,91,0.05,136,1 fl oz,30
Light Whipping Cream,Dairy and Egg Products,292,30.91,111,34,2.96,0,2.96,2.17,0.6,69,0.03,97,1 cup whipped,120
Heavy Whipping Cream,Dairy and Egg Products,340,36.08,113,27,2.84,0,2.92,2.84,1.6,66,0.1,95,1 cup whipped,120
Whipped Cream,Dairy and Egg Products,257,22.22,76,8,12.49,0,8,3.2,0.4,101,0.05,147,1 cup,60
Milk Filled Fluid With Blend Of Hydrogenated Vegetable Oils,Dairy and Egg Products,63,3.46,2,57,4.74,0,NULL,3.33,NULL,128,0.05,139,1 cup,244
Milk Filled Fluid With Lauric Acid Oil,Dairy and Egg Products,63,3.4,2,57,4.74,0,4.74,3.33,0,128,0.05,139,1 cup,244
Nonfat American Cheese,Dairy and Egg Products,126,0,26,1316,10.53,0,5.26,21.05,0.1,789,0,393,1 serving,19
Yogurt Greek 2% Fat Apricot Chobani,NULL,93,1.71,4,40,12.15,0.6,NULL,7.22,NULL,87,0.03,NULL,,NULL
Dessert Topping Powdered,Dairy and Egg Products,577,39.92,0,122,52.54,0,52.54,4.9,0,17,0.03,166,1 (1/2) oz,43
Dessert Topping Powdered 1.5 Ounce Prepared With 1/2 Cup Milk,Dairy and Egg Products,194,12.72,10,66,17.13,0,17.13,3.61,0.9,90,0.04,151,1 cup,80
Dessert Topping Pressurized,Dairy and Egg Products,264,22.3,0,62,16.07,0,16.07,0.98,0,5,0.02,19,1 cup,70
Dessert Topping Semi Solid Frozen,Dairy and Egg Products,318,25.31,0,25,23.05,0,23.05,1.25,0,6,0.12,18,1 cup,75
Imitation Sour Cream,Dairy and Egg Products,208,19.52,0,102,6.63,0,6.63,2.4,0,3,0.39,161,1 oz,28.4
Milk Reduced Fat Fluid 2% Milkfat With Added Nonfat Milk Solids And Vitamin A And Vitamin D,Dairy and Egg Products,51,1.92,8,52,4.97,0,NULL,3.48,1,128,0.05,162,1 cup,245
Milk Reduced Fat Fluid 2% Milkfat Protein Fortified With Added Vitamin A And Vitamin D,Dairy and Egg Products,56,1.98,8,59,5.49,0,5.26,3.95,1,143,0.06,182,1 cup,246
Low-Fat Milk 1%,Dairy and Egg Products,42,0.97,5,44,4.99,0,5.2,3.37,1.2,125,0.03,150,1 cup,244
Milk Lowfat Fluid 1% Milkfat With Added Nonfat Milk Solids Vitamin A And Vitamin D,Dairy and Egg Products,43,0.97,4,52,4.97,0,NULL,3.48,1,128,0.05,162,1 cup,245
Lowfat Buttermilk,Dairy and Egg Products,40,1.07,4,148,4.79,0,5.36,3.31,0,116,0.05,151,1 cup,245
Milk Low Sodium Fluid,Dairy and Egg Products,61,3.46,14,3,4.46,0,4.46,3.1,1.3,101,0.05,253,1 cup,244
Dehydrated Milk,Dairy and Egg Products,496,26.71,97,371,38.42,0,38.42,26.32,10.5,912,0.47,1330,1/4 cup,32
Milk Dry Nonfat Regular Without Added Vitamin A And Vitamin D,Dairy and Egg Products,362,0.77,20,535,51.98,0,51.98,36.16,0,1257,0.32,1794,1/4 cup,30
Evaporated Milk,Dairy and Egg Products,78,0.2,4,115,11.35,0,11.35,7.55,2,290,0.29,332,1 fl oz,31.9
Milk Chocolate Fluid Commercial Whole With Added Vitamin A And Vitamin D,Dairy and Egg Products,83,3.39,12,60,10.34,0.8,9.54,3.17,1.3,112,0.24,167,1 cup,250
Lowfat Chocolate Milk,Dairy and Egg Products,76,1.9,8,66,12.13,0.7,9.55,2.99,1.2,109,0.24,169,1 cup,250
Milk Chocolate Lowfat With Added Vitamin A And Vitamin D,Dairy and Egg Products,64,1.11,5,65,10.15,0.1,9.94,3.46,1.1,129,0.23,172,1 cup,250
Milk Sheep Fluid,Dairy and Egg Products,108,7,27,44,5.36,0,NULL,5.98,NULL,193,0.1,137,1 cup,245
Milk Shakes Thick Chocolate,Dairy and Egg Products,119,2.7,11,111,21.15,0.3,20.85,3.05,1,132,0.31,224,1 fl oz,28.4
Milk Shakes Thick Vanilla,Dairy and Egg Products,112,3.03,12,95,17.75,0,17.75,3.86,1.2,146,0.1,183,1 fl oz,28.4
Whey Acid Fluid,Dairy and Egg Products,24,0.09,1,48,5.12,0,5.12,0.76,NULL,103,0.08,143,1 cup,246
Low-Fat Yogurt,Dairy and Egg Products,63,1.55,6,70,7.04,0,7.04,5.25,0,183,0.08,234,1 container (6 oz),170
Non-Fat Yogurt,Dairy and Egg Products,56,0.18,2,77,7.68,0,7.68,5.73,0,199,0.09,255,1 container (6 oz),170
Yogurt Vanilla Low Fat 11 Grams Protein Per 8 Ounce,Dairy and Egg Products,85,1.25,5,66,13.8,0,13.8,4.93,0,171,0.07,219,1 container (6 oz),170
Yogurt Fruit Low Fat 9 Grams Protein Per 8 Ounce,Dairy and Egg Products,99,1.15,5,53,18.64,0,18.64,3.98,0,138,0.06,177,1 container (6 oz),170
Milk Dessert Bar Frozen Made From Lowfat Milk,Dairy and Egg Products,147,1.47,7,92,32,6.6,22.06,4.41,0.1,184,0.53,316,1 bar,68
Yogurt Greek 2% Fatmixed Berry Blend Chobani,NULL,93,1.83,7,41,10.94,0.6,NULL,8.26,NULL,94,0.03,NULL,,NULL
Nutritional Supplement For People With Diabetes Liquid,Dairy and Egg Products,88,3.08,2,92,11.88,2.2,2.64,4.4,1.1,110,1.98,176,1 can,227
Egg Whole Raw Frozen Salted Pasteurized,Dairy and Egg Products,138,10.07,387,3663,0.83,0,0.07,10.97,1.5,55,1.71,128,1 oz,28
Nonfat Greek Yogurt,Dairy and Egg Products,59,0.39,5,36,3.6,0,3.24,10.19,0,110,0.07,141,1 container,170
Egg White Powder,Dairy and Egg Products,357,0.32,0,1299,4.51,0,0,84.08,0,101,0.18,884,1 cup sifted,107
Cheese Spread American Or Cheddar Cheese Base Reduced Fat,Dairy and Egg Products,176,8.88,38,1102,10.71,0,7.06,13.41,0,557,0.36,250,1 piece,21
Fatfree Swiss Cheese,Dairy and Egg Products,127,0,18,1000,3.4,0,1.33,28.4,0.1,961,0.17,111,1 serving,28
Queso Cotija,Dairy and Egg Products,366,30,100,1400,3.97,0,0,20,0.5,800,0,125,2 tsp,5
Sharp Cheddar Cheese,Dairy and Egg Products,410,33.82,99,644,2.13,0,0.27,24.25,1,711,0.16,76,1 slice (2/3 oz),19
Cheese Mozzarella Low Moisture Part-Skim Shredded,Dairy and Egg Products,304,19.72,65,682,8.06,0,2.24,23.63,0.4,716,0.23,131,1 cup,86
Nonfat Greek Strawberry Yogurt,Dairy and Egg Products,82,0.15,4,33,12.07,0.6,11.27,8.05,1,97,0.09,132,1 container (5.3 oz),150
Nonfat Greek Vanilla Yogurt,Dairy and Egg Products,78,0.18,3,34,10.37,0.5,9.54,8.64,0.9,99,0.04,123,1 container (5.3 oz),150
Lowfat Greek Yogurt,Dairy and Egg Products,73,1.92,10,34,3.94,0,3.56,9.95,0,115,0.04,141,1 container (7 oz),200
Kefir Lowfat Plain Lifeway,Dairy and Egg Products,43,1.02,5,40,4.77,0,4.61,3.79,1,130,0.04,164,,NULL
Yogurt Greek Fruit Whole Milk,Dairy and Egg Products,106,3,10,37,12.29,0,12,7.33,0,100,0,113,,NULL
Nonfat Vanilla Yogurt,Dairy and Egg Products,78,0,3,47,17.04,0,5.88,2.94,0.9,118,0,141,1 cup (8 fl oz),245
Yogurt Greek Vanilla Lowfat,Dairy and Egg Products,95,2.5,5,40,9.54,0,9.54,8.64,0.9,100,0.04,123,,NULL
Yogurt Frozen Flavors Other Than Chocolate Lowfat,Dairy and Egg Products,139,2.5,45,45,21,0,21,8,0,200,0,108,,NULL
Yogurt Greek 2% Fat Pineapple Chobani,NULL,94,1.82,9,33,12.27,0.7,NULL,7.05,NULL,92,0.03,NULL,,NULL
Milk Chocolate Lowfat Reduced Sugar,Dairy and Egg Products,57,1.04,5,66,7.68,0,7.29,3.43,1.5,122,0.16,168,,NULL
Ice Cream Lowfat No Sugar Added Cone Added Peanuts And Chocolate Sauce,Dairy and Egg Products,265,9.33,7,113,40.01,9.3,10.67,5.33,0.2,133,0.48,213,,NULL
Yogurt Greek 2% Fat Strawberry Banana Chobani,NULL,88,1.71,9,32,10.24,0.7,NULL,8,NULL,88,0.2,NULL,,NULL
Yogurt Greek Nonfat Fruit On Bottom Pomegranate Chobani,NULL,80,0.18,4,31,12.13,0.8,NULL,7.45,NULL,93,0.15,128,,NULL
Yogurt Greek Blueberry Chobani,NULL,82,0.24,4,32,12.78,0.5,10.3,7.23,0,90,0.15,128,,NULL
Yogurt Greek Nonfat Fruit On Bottom Strawberry Chobani,NULL,79,0.23,4,31,11.86,0.4,10.41,7.28,0,93,0.15,132,,NULL
Yogurt Greek Nonfat Fruit On Bottom Blackberry Chobani,NULL,95,0.37,4,0,15.43,0.4,14.93,7.54,NULL,94,0,0,,NULL
Bay Leaves,Spices and Herbs,313,8.36,0,23,74.97,26.3,NULL,7.61,0,834,43,529,1 tsp crumbled,0.6
Caraway Seed,Spices and Herbs,333,14.59,0,17,49.9,38,0.64,19.77,0,689,16.23,1351,1 tsp,2.1
Cardamom,Spices and Herbs,311,6.7,0,18,68.47,28,NULL,10.76,0,383,13.97,1119,1 tsp ground,2
Celery Seed,Spices and Herbs,392,25.27,0,160,41.35,11.8,0.67,18.07,0,1767,44.9,1400,1 tsp,2
Dried Coriander,Spices and Herbs,279,4.78,0,211,52.1,10.4,7.27,21.93,0,1246,42.46,4466,1 tsp,0.6
Coriander Seed,Spices and Herbs,298,17.77,0,35,54.99,41.9,NULL,12.37,0,709,16.32,1267,1 tsp,1.8
Cumin Seed,Spices and Herbs,375,22.27,0,168,44.24,10.5,2.25,17.81,0,931,66.36,1788,1 tsp whole,2.1
Curry Powder,Spices and Herbs,325,14.01,0,52,55.83,53.2,2.76,14.29,0,525,19.1,1170,1 tsp,2
Dill Seed,Spices and Herbs,305,14.54,0,20,55.17,21.1,NULL,15.98,0,1516,16.33,1186,1 tsp,2.1
Ground Ginger,Spices and Herbs,335,4.24,0,27,71.62,14.1,3.39,8.98,0,114,19.8,1320,1 tsp,1.8
Ground Mace,Spices and Herbs,475,32.38,0,80,50.5,20.2,NULL,6.71,0,252,13.9,463,1 tsp,1.7
Dried Marjoram,Spices and Herbs,271,7.04,0,77,60.56,40.3,4.09,12.66,0,1990,82.71,1522,1 tsp,0.6
Ground Mustard Seed,Spices and Herbs,508,36.24,0,13,28.09,12.2,6.79,26.08,0,266,9.21,738,1 tsp,2
Dried Parsley,Spices and Herbs,292,5.48,0,452,50.64,26.7,7.27,26.63,0,1140,22.04,2683,1 tsp,0.5
Black Pepper,Spices and Herbs,251,3.26,0,20,63.95,25.3,0.64,10.39,0,443,9.71,1329,1 tsp ground,2.3
Cayenne Pepper,Spices and Herbs,318,17.27,0,30,56.63,27.2,10.34,12.01,0,148,7.8,2014,1 tsp,1.8
White Pepper,Spices and Herbs,296,2.12,0,5,68.61,26.2,NULL,10.4,0,265,14.31,73,1 tsp ground,2.4
Saffron,Spices and Herbs,310,5.85,0,148,65.37,3.9,NULL,11.43,0,111,11.1,1724,1 tsp,0.7
Ground Sage,Spices and Herbs,315,12.75,0,11,60.73,40.3,1.71,10.63,0,1652,28.12,1070,1 tsp,0.7
Ground Savory,Spices and Herbs,272,5.91,0,24,68.73,45.7,NULL,6.73,0,2132,37.88,1051,1 tsp,1.4
Dried Tarragon,Spices and Herbs,295,7.24,0,62,50.22,7.4,NULL,22.77,0,1139,32.3,3020,1 tsp leaves,0.6
Spices Thyme Dried,Spices and Herbs,276,7.43,0,55,63.94,37,1.71,9.11,0,1890,123.6,814,1 tsp leaves,1
Babyfood Vegetables Peas Strained,Baby Foods,50,0.43,0,5,8.36,2,2.01,3.27,0,18,0.95,106,1 tbsp,16
Babyfood Peas Dices Toddler,Baby Foods,64,0.8,0,48,10.3,3.9,4.13,3.9,0,21,1,81,1 oz,28.4
Babyfood Vegetables Spinach Creamed Strained,Baby Foods,37,1.3,5,49,5.7,1.8,2.33,2.5,0,89,0.62,191,1 cup,240
Babyfood Fruit Apricot With Tapioca Junior,Baby Foods,63,0,0,0,17.3,1.5,1.4,0.3,0,8,0.27,125,1 tbsp,15
Babyfood Fruit Pears Junior,Baby Foods,44,0.1,0,1,11.6,2.8,7.34,0.3,0,8,0.25,115,1 tbsp,16
Babyfood Fruit Plums With Tapioca Without Ascorbic Acid Strained,Baby Foods,71,0,0,0,19.7,1.2,13.34,0.1,0,6,0.2,85,1 tbsp,15
Babyfood Fruit Plums With Tapioca Without Ascorbic Acid Junior,Baby Foods,74,0,0,0,20.5,1.2,13.64,0.1,0,6,0.22,83,1 tbsp,15
Babyfood Fruit Prunes With Tapioca Without Ascorbic Acid Strained,Baby Foods,69,0.1,0,5,18.5,2.7,10.97,0.6,0,15,0.35,177,1 tbsp,15
Babyfood Fruit Applesauce And Apricots Strained,Baby Foods,44,0.2,0,0,11.64,1.8,9.25,0.2,0,6,0.25,120,1 tbsp,16
Babyfood Fruit Applesauce And Apricots Junior,Baby Foods,47,0.2,0,0,12.4,1.8,8.72,0.2,0,6,0.26,109,1 tbsp,16
Babyfood Fruit Applesauce And Cherries Strained,Baby Foods,51,0,0,1,14.1,1.1,10.81,0,0,1,0.3,132,1 oz,28.4
Babyfood Fruit Applesauce And Cherries Junior,Baby Foods,51,0,0,1,14.1,1.1,10.61,0,0,1,0.3,132,1 oz,28.4
Babyfood Fruit Applesauce With Banana Junior,Baby Foods,66,0.1,0,3,16.16,1.6,4.35,0.37,0,5,0.24,131,1 tbsp,16
Babyfood Fruit And Vegetable Apple And Sweet Potato,Baby Foods,64,0.22,0,3,15.3,1.4,11.6,0.3,0,8,0.2,149,1 jar gerber (4 oz),113
Babyfood Fruit Bananas And Pineapple With Tapioca Junior,Baby Foods,68,0.1,0,0,18.4,1.6,8.41,0.2,0,7,0.13,78,1 tbsp,15
Babyfood Fruit Bananas And Pineapple With Tapioca Strained,Baby Foods,65,0,0,0,17.8,1.6,10.73,0.2,0,7,0.23,68,1 tbsp,15
Babyfood Fruit Pears And Pineapple Strained,Baby Foods,41,0.1,0,0,10.9,2.6,7.79,0.3,0,10,0.25,116,1 tbsp,16
Babyfood Fruit Bananas With Apples And Pears Strained,Baby Foods,83,0.22,0,2,19.31,1.4,12.76,0.9,0,5,0.3,233,1 tbsp,15
Babyfood Fruit Apple And Blueberry Strained,Baby Foods,61,0.2,0,1,16.3,1.8,13.93,0.2,0,4,0.2,69,1 oz,28.4
Babyfood Fruit Apple And Blueberry Junior,Baby Foods,62,0.2,0,1,16.6,1.8,8.83,0.2,0,5,0.4,65,1 oz,28.4
Babyfood Juice Apple,Baby Foods,47,0.1,0,8,11.7,0.1,10.7,0,0,4,0.57,91,1 fl oz,31.7
Babyfood Juice Orange And Apple And Banana,Baby Foods,47,0.1,0,0,11.5,0.1,10.03,0.4,0,5,0.35,134,1 fl oz,31.2
Babyfood Juice Orange And Apricot,Baby Foods,46,0.1,0,6,10.9,0.1,NULL,0.8,NULL,6,0.38,199,1 fl oz,31.2
Babyfood Juice Orange And Banana,Baby Foods,50,0.1,NULL,3,11.9,NULL,NULL,0.7,NULL,17,0.11,200,1 fl oz,31.2
Babyfood Juice Orange And Pineapple,Baby Foods,48,0.1,0,2,11.7,0.1,NULL,0.5,NULL,8,0.42,141,1 fl oz,31.2
Babyfood Cereal Mixed Dry Fortified,Baby Foods,399,6.66,0,33,78.21,6.7,26.66,6.66,0,800,30,467,1 tbsp,2.5
Babyfood Cereal Mixed With Bananas Dry,Baby Foods,391,4.6,0,0,77.1,7.8,6.68,10.7,0,696,47.5,668,1 tbsp,2.5
Babyfood Cereal Mixed With Applesauce And Bananas Strained,Baby Foods,82,0.51,0,5,18.38,1,11.1,0.71,0,91,6.81,111,1 oz,28.4
Babyfood Cereal Mixed With Applesauce And Bananas Junior,Baby Foods,84,0.51,0,5,18.79,1,11.1,0.71,0,91,6.81,111,1 oz,28.4
Babyfood Cereal Oatmeal With Honey Dry,Baby Foods,391,7,NULL,47,69.3,NULL,NULL,13.5,NULL,1154,67.23,259,1 tbsp,2.4
Babyfood Cereal Rice Dry Fortified,Baby Foods,390,2.19,0,32,83.14,1.3,4.85,6.65,8.5,860,53.01,281,1 tbsp,2.5
Babyfood Cereal Rice With Applesauce And Bananas Strained,Baby Foods,80,0.4,0,4,17.1,1,2.24,1.2,0,17,6.73,28,1 tbsp,16
Babyfood Cereal With Egg Yolks Strained,Baby Foods,51,1.8,63,33,7,0.9,NULL,1.9,NULL,24,0.47,39,1 oz,28.4
Babyfood Crackers Vegetable,Baby Foods,477,19.6,0,633,66.85,4,13,8.4,0,41,4.2,245,1 cracker,0.7
Babyfood Cereal High Protein With Apple And Orange Dry,Baby Foods,374,6.5,0,104,57.6,7.1,NULL,25.4,NULL,751,47.5,1330,1 tbsp,2.4
Babyfood Cereal Rice With Bananas Dry,Baby Foods,404,4.2,0,0,79.9,1,16.7,8.7,0,691,47.5,769,1 tbsp,2.5
Babyfood Cookies,Baby Foods,433,13.2,12,300,67.1,0.2,24.2,11.8,0,101,4.18,501,1 oz,28.4
Babyfood Dessert Dutch Apple Strained,Baby Foods,75,0.4,0,0,19.74,1.4,17.89,0.2,0,5,0.2,33,1 oz,28.4
Babyfood Dessert Dutch Apple Junior,Baby Foods,79,0.16,0,3,19.18,1.4,17.89,0.2,0,3,0.11,67,1 oz,28.4
Babyfood Cherry Cobbler Junior,Baby Foods,78,0.1,0,0,19.2,0.2,10.39,0.3,0,5,0.1,45,1 oz,28.4
Babyfood Dessert Cherry Vanilla Pudding Strained,Baby Foods,68,0.3,10,0,17.8,0.3,9.15,0.2,0,5,0.19,34,1 oz,28.4
Babyfood Dessert Peach Melba Strained,Baby Foods,60,0,NULL,9,16.5,NULL,NULL,0.2,NULL,10,0.33,83,1 oz,28.4
Babyfood Dessert Peach Melba Junior,Baby Foods,60,0,NULL,9,16.4,NULL,NULL,0.3,NULL,11,0.3,93,1 oz,28.4
Babyfood Dessert Fruit Pudding Pineapple Strained,Baby Foods,81,0.3,0,0,20.3,0.7,10.28,1.3,0,31,0.18,81,1 tbsp,15
Babyfood Dessert Fruit Dessert Without Ascorbic Acid Strained,Baby Foods,59,0,0,0,16,0.6,12.6,0.3,0,9,0.22,94,1 tbsp,15
Babyfood Juice Fruit Punch With Calcium,Baby Foods,52,0.1,0,4,12.7,0.4,10.6,0.2,0,64,0.3,86,1 fl oz,31.2
Babyfood Juice Apple With Calcium,Baby Foods,46,0.1,0,3,11.1,0.4,9,0.06,0,127,0.2,92,1 serving,189
Infant Formula Mead Johnson Enfamil Enfacare Lipil Ready-To-Feed With Ara And Dha,Baby Foods,73,3.8,1,27,7.73,0,3.2,2,1.4,86,1.28,76,1 fl oz,30.8
Babyfood Yogurt Whole Milk With Fruit Multigrain Cereal And Added Dha Fortified,Baby Foods,98,3.53,14,41,13.22,0.3,11.46,3.4,0.1,107,0.15,149,1 oz,31
Infant Formula Abbott Nutrition Alimentum Advance With Iron Powder Not Reconstituted With Dha And Ara,Baby Foods,517,28.19,8,224,51.91,0,34.18,13.99,5.7,534,9.16,598,1 scoop,8.7
Babyfood Mashed Cheddar Potatoes And Broccoli Toddlers,Baby Foods,48,1.47,4,176,7.47,1.2,1.17,1.11,0,20,0.16,118,1 container,170
Babyfood Yogurt Whole Milk With Fruit Multigrain Cereal And Added Iron Fortified,Baby Foods,92,3.08,10,38,13,0.6,11.46,3.05,0,98,4.18,143,1 tbsp,16
Infant Formula Nestle Good Start Soy With Dha And Ara Liquid Concentrate,Baby Foods,132,6.67,2,53,14.71,0,11.74,3.31,2,139,2.38,154,1 fl oz,29.2
Toddler Formula Mead Johnson Enfagrow Premium (Formerly Enfamil Lipil Next Step) Powder,Baby Foods,505,26.9,7,179,52.8,0,33,12.9,7.5,970,7.4,650,1 scoop,8.8
Toddler Formula Mead Johnson Enfagrow Premium (Formerly Enfamil Lipil Next Step) Ready-To-Feed,Baby Foods,64,3.63,1,25,7.18,0,7.18,1.78,1,133,1.37,89,1 fl oz,29.2
Infant Formula Mead Johnson Enfamil Premium Newborn Ready-To-Feed,Baby Foods,68,3.48,3,18,7.81,0,6.8,1.38,1.2,51,1.18,71,1 fl oz,30.5
Infant Formula Gerber Good Start 2 Soy With Iron Ready-To-Feed,Baby Foods,65,3.28,0,26,7.15,0,7.14,1.84,1,125,1.31,76,1 fl oz,30.4
Infant Formula Gerber Good Start Protect Plus Ready-To-Feed,Baby Foods,65,3.36,0,18,7.17,0,7.17,1.44,1,44,0.98,71,1 fl oz,30.4
Infant Formula Gerber Good Start 2 Gentle Plus Ready-To-Feed,Baby Foods,66,3.34,0,18,7.61,0,7.61,1.44,1,125,1.31,71,1 fl oz,30.4
Babyfood Fruit Banana And Strawberry Junior,Baby Foods,109,0.37,0,1,25.78,1.4,19.29,0.71,0,0,0.14,395,1 bottle,140
Babyfood Banana With Mixed Berries Strained,Baby Foods,92,0.36,0,0,21.31,1,15,1.01,0,0,0,283,1 packet,99
Babyfood Multigrain Whole Grain Cereal Dry Fortified,Baby Foods,407,6.67,0,33,80.06,6.7,26.67,6.67,0,800,30,467,,NULL
Babyfood Baby Mum Mum Rice Biscuits,Baby Foods,391,0.87,0,313,83.21,0,12.5,12.5,0,0,0,504,4 biscuit,8
Salad Dressing Kraft Mayo Light Mayonnaise,Fats and Oils,334,32.9,35,633,8.5,0.1,4.2,0.6,NULL,6,0.2,52,1 tbsp,15
Salad Dressing Kraft Mayo Fat Free Mayonnaise Dressing,Fats and Oils,64,0,0,750,15.8,2,6.8,0.2,0,6,0.1,50,1 tbsp,16
Salad Dressing Kraft Miracle Whip Free Nonfat Dressing,Fats and Oils,84,2.7,9,788,15.5,1.9,10.3,0.2,NULL,6,0.12,49,1 tbsp,16
Russian Dressing,Fats and Oils,355,26.18,0,1133,31.9,0.7,17.68,0.69,0,13,0.6,173,1 tbsp,15
Sesame Seed Dressing,Fats and Oils,443,45.2,0,1000,8.6,1,8.32,3.1,0,19,0.6,157,1 tablespoon,15
Salad Dressing Russian Dressing Low Calorie,Fats and Oils,141,4,6,868,27.6,0.3,21.87,0.5,0,19,0.6,157,1 tablespoon,16
Salad Dressing Thousand Island Dressing Reduced Fat,Fats and Oils,195,11.32,11,955,24.06,1.2,17.31,0.83,0,27,0.9,202,1 tablespoon,15
Salad Dressing Mayonnaise Regular,Fats and Oils,680,74.85,42,635,0.57,0,0.57,0.96,0.2,8,0.21,20,1 tbsp,13.8
Salad Dressing Mayonnaise Soybean And Safflower Oil With Salt,Fats and Oils,717,79.4,59,568,2.7,0,0.48,1.1,NULL,18,0.5,34,1 tablespoon,13.8
Shortening Household Soybean (Partially Hydrogenated)-Cottonseed (Partially Hydrogenated),Fats and Oils,884,100,0,0,0,0,0,0,0,0,0,0,1 tbsp,12.8
Oil Soybean Salad Or Cooking (Partially Hydrogenated),Fats and Oils,884,100,0,0,0,0,0,0,0,0,0,0,1 tbsp,13.6
Rice Bran Oil,Fats and Oils,884,100,0,0,0,0,0,0,NULL,0,0.07,0,1 tablespoon,13.6
Wheat Germ Oil,Fats and Oils,884,100,0,0,0,0,0,0,0,0,0,0,1 tsp,4.5
Palm Oil,Fats and Oils,884,100,0,0,0,0,0,0,NULL,0,0.01,0,1 tbsp,13.6
Sesame Oil,Fats and Oils,884,100,0,0,0,0,0,0,0,0,0,0,1 tablespoon,13.6
Oil Sunflower Linoleic (Less Than 60%),Fats and Oils,884,100,0,0,0,0,0,0,NULL,0,0.03,0,1 tbsp,13.6
Margarine,Fats and Oils,719,80.5,0,943,0.9,0,0,0.9,NULL,30,0,42,1 tsp,4.7
Salad Dressing Italian Dressing Commercial Regular,Fats and Oils,240,21.12,0,993,12.12,0,10.77,0.41,0,13,0.26,84,1 tbsp,14.7
Salad Dressing French Dressing Commercial Regular Without Salt,Fats and Oils,459,44.81,0,0,15.58,0,15.95,0.77,NULL,24,0.8,67,1 tablespoon,15
Lowfat French Salad Dressing,Fats and Oils,233,13.46,0,30,29.28,1.1,28.45,0.58,NULL,11,0.87,107,1 tablespoon,16
Salad Dressing Italian Dressing Commercial Regular Without Salt,Fats and Oils,292,28.37,67,30,10.43,0,8.32,0.38,NULL,7,0.63,48,1 tablespoon,14.7
Salad Dressing Italian Dressing Reduced Fat Without Salt,Fats and Oils,76,6.38,6,30,4.57,0,4.55,0.47,NULL,9,0.65,85,1 tablespoon,15
Cottonseed Oil,Fats and Oils,884,100,0,0,0,0,0,0,0,0,0,0,1 tablespoon,13.6
Oil Sunflower Linoleic (Approx. 65%),Fats and Oils,884,100,0,0,0,0,0,0,0,0,0,0,1 tbsp,13.6
Oil Safflower Salad Or Cooking Linoleic (Over 70%),Fats and Oils,884,100,0,0,0,0,0,0,NULL,0,0,0,1 tbsp,13.6
Oil Safflower Salad Or Cooking High Oleic (Primary Safflower Oil Of Commerce),Fats and Oils,884,100,0,0,0,0,0,0,0,0,0,0,1 tablespoon,13.6
Grapeseed Oil,Fats and Oils,884,100,0,0,0,0,0,0,NULL,0,0,0,1 tablespoon,13.6
Corn Oil,Fats and Oils,900,100,0,0,0,0,0,0,0,0,0,0,1 tbsp,13.6
Walnut Oil,Fats and Oils,884,100,0,0,0,0,0,0,0,0,0,0,1 tbsp,13.6
Almond Oil,Fats and Oils,884,100,0,0,0,0,0,0,0,0,0,0,1 tablespoon,13.6
Apricot Kernel Oil,Fats and Oils,884,100,0,0,0,0,0,0,NULL,0,0,0,1 tablespoon,13.6
Oil Vegetable Natreon Canola High Stability Non Trans High Oleic (70%),Fats and Oils,884,100,0,0,0,0,0,0,0,NULL,NULL,NULL,1 tbsp,14
Salad Dressing Honey Mustard Dressing Reduced Calorie,Fats and Oils,207,10,0,701,28.26,0.8,18.33,0.98,0,67,0.41,55,2 tbsp (1 serving),30
Margarine-Like Spread Benecol Light Spread,Fats and Oils,357,38.71,NULL,670,5.71,NULL,NULL,0,NULL,4,0,4,1 tablespoon (1 nlea serving),14
Salad Dressing Spray-Style Dressing Assorted Flavors,Fats and Oils,165,10.75,0,1102,16.6,0.3,14.29,0.16,NULL,6,0.18,NULL,1 serving (approximately 10 sprays),8
Salad Dressing Mayonnaise Light Smart Balance Omega Plus Light,Fats and Oils,333,34.18,33,848,9.39,0.2,5.38,1.53,NULL,13,0.31,63,1 tbsp (1 nlea serving),14
Margarine-Like Vegetable Oil Spread 60% Fat Tub With Salt With Added Vitamin D,Fats and Oils,533,59.81,1,785,0.86,0,0,0.17,10.7,21,0,30,1 tbsp,14
Margarine-Like Vegetable-Oil Spread Stick/tub/bottle 60% Fat With Added Vitamin D,Fats and Oils,535,59.17,1,785,0,0,0,0.6,10.7,21,0,30,1 tbsp,14
Margarine Regular 80% Fat Composite Stick Without Salt With Added Vitamin D,Fats and Oils,717,80.71,0,2,0.7,0,0,0.16,10.7,3,0.06,18,1 tbsp,14
Margarine-Like Vegetable Oil Spread 60% Fat Stick/tub/bottle Without Salt With Added Vitamin D,Fats and Oils,542,59.81,1,2,0.86,0,0,0.17,10.7,21,0,30,1 tbsp,14
Oil Industrial Canola High Oleic,Fats and Oils,900,100,0,0,0,0,0,0,0,0,0,0,1 tablespoon,14
Honey Mustard Salad Dressing,Fats and Oils,464,40.83,29,512,23.33,0.4,15.84,0.87,0.1,12,0.29,20,2 tbsp,30
Creamy Poppyseed Salad Dressing,Fats and Oils,399,33.33,15,933,23.73,0.3,23.39,0.92,0.1,59,0.25,61,2 tbsp,33
Salad Dressing Caesar Fat-Free,Fats and Oils,131,0.23,1,1265,30.73,0.2,8.82,1.47,0,33,0.29,48,2 tbsp (1 nlea serving),34
Dressing Honey Mustard Fat-Free,Fats and Oils,169,1.47,1,1004,38.43,1.2,17.75,1.07,0,24,0.36,69,2 tbsp (1 nlea serving),30
Chicken Broilers Or Fryers Meat And Skin And Giblets And Neck Raw,Meats,213,14.83,90,70,0.13,0,NULL,18.33,NULL,11,1.31,189,3 oz,85
Chicken Broilers Or Fryers Meat And Skin And Giblets And Neck Cooked Fried Batter,Meats,291,17.53,103,284,9.03,NULL,NULL,22.84,NULL,21,1.79,190,3 oz,85
Chicken Broilers Or Fryers Meat And Skin And Giblets And Neck Cooked Fried Flour,Meats,272,15.27,112,86,3.27,NULL,NULL,28.57,NULL,17,1.99,237,3 oz,85
Chicken Broilers Or Fryers Meat And Skin And Giblets And Neck Roasted,Meats,234,13.27,107,79,0.06,0,0,26.78,0,15,1.66,212,3 oz,85
Chicken Broilers Or Fryers Meat And Skin Cooked Stewed,Meats,219,12.56,78,67,0,0,0,24.68,0,13,1.16,166,1 cup chopped or diced,140
Chicken Broilers Or Fryers Meat Only Raw,Meats,119,3.08,70,77,0,0,0,21.39,0.1,12,0.89,229,3 oz,85
Chicken Broilers Or Fryers Meat Only Cooked Fried,Meats,219,9.12,94,91,1.69,0.1,0,30.57,0.1,17,1.35,257,1 cup chopped or diced,140
Chicken Broilers Or Fryers Meat Only Roasted,Meats,190,7.41,89,86,0,0,0,28.93,0.1,15,1.21,243,1 cup chopped or diced,140
Chicken Broilers Or Fryers Skin Only Cooked Roasted,Meats,454,40.68,83,65,0,0,0,20.36,0.2,14,1.51,136,1 unit (yield from 1 lb ready-to-cook chicken),34
Chicken Broilers Or Fryers Skin Only Cooked Stewed,Meats,363,33.04,63,56,0,0,NULL,15.22,0.2,12,1.13,117,1 unit (yield from 1 lb ready-to-cook chicken),44
Chicken Broilers Or Fryers Giblets Raw,Meats,124,4.47,262,77,1.8,0,NULL,17.88,NULL,10,5.86,228,1 unit (yield from 1 lb ready-to-cook chicken),23
Chicken Broilers Or Fryers Giblets Cooked Fried,Meats,277,13.46,446,113,4.35,0,NULL,32.54,NULL,18,10.32,330,1 cup chopped or diced,145
Chicken Heart All Classes Cooked Simmered,Meats,185,7.92,242,48,0.1,0,NULL,26.41,NULL,19,9.03,132,1 cup chopped or diced,145
Chicken Liver All Classes Raw,Meats,119,4.83,345,71,0.73,0,0,16.92,0,8,8.99,230,1 liver,44
Chicken Liver All Classes Cooked Simmered,Meats,167,6.51,563,76,0.87,0,0,24.46,0,11,11.63,263,1 liver,44
Chicken Broilers Or Fryers Light Meat Meat And Skin Raw,Meats,186,11.07,67,65,0,0,0,20.27,NULL,11,0.79,204,1 unit (yield from 1 lb ready-to-cook chicken),116
Chicken Broilers Or Fryers Dark Meat Meat And Skin Cooked Fried Batter,Meats,298,18.64,89,295,9.38,NULL,NULL,21.85,NULL,21,1.44,185,3 oz,85
Chicken Broilers Or Fryers Dark Meat Meat And Skin Cooked Fried Flour,Meats,285,16.91,92,89,4.08,0,0,27.22,NULL,17,1.5,230,1 unit (yield from 1 lb ready-to-cook chicken),110
Chicken Broilers Or Fryers Dark Meat Meat And Skin Cooked Roasted,Meats,253,15.78,91,87,0,0,NULL,25.97,NULL,15,1.36,220,1 unit (yield from 1 lb ready-to-cook chicken),101
Chicken Broilers Or Fryers Dark Meat Meat And Skin Cooked Stewed,Meats,233,14.66,82,70,0,0,NULL,23.5,NULL,14,1.31,166,1 unit (yield from 1 lb ready-to-cook chicken),110
Chicken Broilers Or Fryers Dark Meat Meat Only Raw,Meats,125,4.31,80,85,0,0,0,20.08,NULL,12,1.03,222,1 unit (yield from 1 lb ready-to-cook chicken),109
Chicken Broilers Or Fryers Dark Meat Meat Only Cooked Fried,Meats,239,11.62,96,97,2.59,0,NULL,28.99,NULL,18,1.49,253,1 cup,140
Chicken Broilers Or Fryers Dark Meat Meat Only Cooked Roasted,Meats,205,9.73,93,93,0,0,0,27.37,0.1,15,1.33,240,1 cup chopped or diced,140
Chicken Broilers Or Fryers Dark Meat Meat Only Cooked Stewed,Meats,192,8.98,88,74,0,0,0,25.97,0.1,14,1.36,181,1 cup chopped or diced,140
Chicken Broilers Or Fryers Back Meat And Skin Cooked Roasted,Meats,300,20.97,88,87,0,0,0,25.95,0.1,21,1.42,210,1 unit (yield from 1 lb ready-to-cook chicken),32
Chicken Broilers Or Fryers Back Meat And Skin Cooked Stewed,Meats,258,18.14,78,64,0,0,0,22.18,0.1,18,1.22,145,3 oz,85
Chicken Broilers Or Fryers Back Meat Only Raw,Meats,137,5.92,81,82,0,0,0,19.56,NULL,17,1.04,204,1 unit (yield from 1 lb ready-to-cook chicken),31
Chicken Broilers Or Fryers Back Meat Only Cooked Fried,Meats,288,15.32,93,99,5.68,0,NULL,29.99,NULL,26,1.65,251,1 unit (yield from 1 lb ready-to-cook chicken),35
Chicken Broilers Or Fryers Breast Meat And Skin Cooked Roasted,Meats,197,7.78,84,71,0,0,0,29.8,0.1,14,1.07,245,1 cup chopped or diced,140
Chicken Broilers Or Fryers Breast Meat And Skin Cooked Stewed,Meats,184,7.42,75,62,0,0,0,27.39,0.1,13,0.92,178,1 cup chopped or diced,140
Raw Chicken Breast,Meats,120,2.62,73,45,0,0,0,22.5,0,5,0.37,334,3 oz,85
Chicken Broilers Or Fryers Breast Meat Only Cooked Fried,Meats,187,4.71,91,79,0.51,0,0,33.44,0.1,16,1.14,276,1 unit (yield from 1 lb ready-to-cook chicken),52
Squab (Pigeon) Meat Only Raw,Meats,142,7.5,90,51,0,0,NULL,17.5,NULL,13,4.51,237,1 unit (yield from 1 lb ready-to-cook squab),251
Squab (Pigeon) Light Meat Without Skin Raw,Meats,134,4.52,90,55,0,0,NULL,21.76,NULL,10,2.31,260,1 breast bone removed,101
Turkey Whole Meat And Skin Raw,Meats,144,5.64,72,112,0.14,0,0.07,21.64,0.3,11,0.86,224,3 oz,85
Turkey Skin From Whole (Light And Dark) Roasted,Meats,459,39.31,177,116,0.57,0,0,23.94,1.4,21,1.63,242,1 serving,85
Turkey Whole Giblets Raw,Meats,124,5.09,333,136,0.07,0,0,18.18,0.8,18,5.92,198,3 oz,85
Turkey Whole Giblets Cooked Simmered,Meats,173,6.61,521,117,0,0,0,26.44,0,18,3.39,177,1 giblets,95
Turkey Gizzard All Classes Raw,Meats,111,3.37,271,147,0,0,0,18.8,0.5,16,2.78,185,1 raw gizzard,63
Turkey From Whole Neck Meat Only Raw,Meats,125,6.04,115,233,0,0,0,16.51,0.3,24,1.01,133,1 oz,28.4
Turkey From Whole Neck Meat Only Cooked Simmered,Meats,162,7.36,128,246,0,0,0,22.48,0.3,58,1.18,114,1 serving,85
Turkey From Whole Light Meat Meat And Skin Raw,Meats,161,7.43,67,105,0.15,0,0.06,21.96,0.3,11,0.75,223,3 oz,85
Turkey From Whole Light Meat Meat And Skin Cooked Roasted,Meats,177,5.57,89,101,0.05,0,0,29.55,0.4,11,0.8,248,1 serving,85
Turkey From Whole Dark Meat Meat Only Raw,Meats,108,2.5,79,124,0.15,0,0.1,21.28,0.3,11,1.04,226,1 serving,85
Roast Turkey Dark Meat,Meats,173,6.04,128,104,0,0,0,27.71,0.3,17,1.43,227,1 serving,85
Turkey All Classes Back Meat And Skin Cooked Roasted,Meats,244,14.38,91,73,0.16,0,0,26.59,0,33,2.19,260,1 cup chopped or diced,140
Turkey All Classes Breast Meat And Skin Raw,Meats,157,7.02,65,59,0,0,NULL,21.89,NULL,13,1.2,275,1 unit (yield from 1 lb ready-to-cook turkey),146
Turkey All Classes Wing Meat And Skin Cooked Roasted,Meats,229,12.43,81,61,0,0,0,27.38,0.1,24,1.46,266,1 unit (yield from 1 lb ready-to-cook turkey),24
Turkey Fryer-Roasters Meat And Skin Cooked Roasted,Meats,172,5.72,105,66,0,0,0,28.26,0,22,1.95,250,3 oz,85
Turkey Back From Whole Bird Meat Only Raw,Meats,113,2.5,79,124,0.15,0,0.1,21.28,0.3,11,1.04,226,4 oz,114
Turkey Back From Whole Bird Meat Only Roasted,Meats,173,6.04,128,104,0,0,0,27.71,0.3,17,1.43,227,3 oz,85
Turkey Breast From Whole Bird Meat Only Raw,Meats,114,1.48,57,113,0.14,0,0.05,23.66,0.1,11,0.73,242,4 oz,114
Chicken Canned Meat Only With Broth,Meats,165,7.95,62,503,0,0,0,21.77,0.1,14,1.58,138,1 can (5 oz),142
Pate De Foie Gras Canned (Goose Liver Pate) Smoked,Meats,462,43.84,150,697,4.67,0,NULL,11.4,NULL,70,5.5,138,1 tbsp,13
Turkey Canned Meat Only With Broth,Meats,169,6.86,66,518,1.47,0,0,23.68,0.3,12,1.86,224,1 cup drained,135
Turkey Diced Light And Dark Meat Seasoned,Meats,138,6,55,850,1,0,NULL,18.7,NULL,1,1.8,310,1 oz,28.4
Turkey Sticks Breaded Battered Fried,Meats,279,16.9,64,838,17,NULL,NULL,14.2,NULL,14,2.2,260,1 stick (2.25 oz),64
Poultry Mechanically Deboned From Backs And Necks With Skin Raw,Meats,272,24.73,130,40,0,0,NULL,11.39,NULL,138,1.57,104,1/2 lb,227
Poultry Mechanically Deboned From Backs And Necks Without Skin Raw,Meats,199,15.48,104,51,0,0,NULL,13.79,NULL,123,1.73,128,1/2 lb,227
Poultry Mechanically Deboned From Mature Hens Raw,Meats,243,19.98,143,40,0,0,NULL,14.72,NULL,187,1.22,104,1/2 lb,227
Chicken Cornish Game Hens Meat And Skin Cooked Roasted,Meats,259,18.21,131,64,0,0,0,22.27,0.1,13,0.91,245,3 oz,85
Chicken Cornish Game Hens Meat Only Raw,Meats,116,3.33,91,68,0,0,0,20.04,NULL,12,0.74,269,3 oz,85
Chicken Cornish Game Hens Meat Only Cooked Roasted,Meats,134,3.87,106,63,0,0,0,23.3,0.1,13,0.77,250,3 oz,85
Chicken Canned No Broth,Meats,185,8.1,50,482,0.9,0,0,25.3,0.1,14,1.3,153,1 oz,28
Chicken Wing Frozen Glazed Barbecue Flavored,Meats,211,12.67,126,615,3.34,0.6,2.04,19.67,NULL,28,2.41,190,1 piece,29
Duck Young Duckling Domesticated White Pekin Leg Meat And Skin Bone In Cooked Roasted,Meats,217,11.4,114,110,0,NULL,NULL,26.75,NULL,10,2.08,NULL,1 leg bone removed (yield after cooking),92
Duck Young Duckling Domesticated White Pekin Leg Meat Only Bone In Cooked Without Skin Braised,Meats,178,5.96,105,108,0,NULL,NULL,29.1,NULL,10,2.33,NULL,3 oz,85
Chicken Broiler Rotisserie BBQ Drumstick Meat Only,Meats,172,6.76,155,403,0,0,0,27.71,0,20,1.05,291,1 drumstick,71
Chicken Wing Frozen Glazed Barbecue Flavored Heated (Conventional Oven),Meats,242,14.87,136,559,3.36,0.5,1.94,22.24,NULL,28,1.97,218,1 serving,96
Chicken Ground Raw,Meats,143,8.1,86,60,0.04,0,0,17.44,NULL,6,0.82,522,4 oz crumbled,112
Chicken Ground Crumbles Cooked Pan-Browned,Meats,189,10.92,107,75,0,0,0,23.28,NULL,8,0.93,677,3 oz crumbled,85
Chicken Broiler Rotisserie BBQ Thigh Meat Only,Meats,193,10.74,128,335,0,0,0,24.09,0,13,0.97,262,1 thigh,95
Chicken Feet Boiled,Meats,215,14.6,84,67,0.2,0,0,19.4,0.2,88,0.91,31,1 oz,28.4
Chicken Broilers Or Fryers Thigh Meat Only Cooked Rotisserie Original Seasoning,Meats,196,11.09,130,337,0,0,0,24.06,NULL,13,0.97,264,1 thigh,89
Chicken Broilers Or Fryers Wing Meat Only Cooked Rotisserie Original Seasoning,Meats,197,9.53,140,725,0,0,0,27.69,NULL,32,0.97,322,1 wing,53
Chicken Broilers Or Fryers Back Meat And Skin Cooked Rotisserie Original Seasoning,Meats,260,18.59,128,584,0.03,0,0.03,23.23,NULL,35,0.97,291,1 back,102
Chicken Broilers Or Fryers Breast Meat And Skin Cooked Rotisserie Original Seasoning,Meats,184,8.18,96,347,0.02,0,0.02,27.48,NULL,15,0.55,289,1 serving (3 oz),85
Chicken Broiler Rotisserie BBQ Back Meat And Skin,Meats,251,18.86,118,509,0.4,0,0.4,20.29,0.1,33,0.83,254,3 oz,85
Chicken Broiler Rotisserie BBQ Breast Meat And Skin,Meats,175,7.67,90,329,0.09,0,0.09,26.37,0,16,0.51,276,3 oz,85
Chicken Broiler Rotisserie BBQ Drumstick Meat And Skin,Meats,206,11.46,149,392,0.12,0,0.12,25.65,0,22,1.02,279,1 drumstick,71
Chicken Broiler Rotisserie BBQ Thigh Meat And Skin,Meats,226,15.08,127,335,0.12,0,0.12,22.51,0,16,0.95,255,1 thigh,95
Turkey Drumstick From Whole Bird Meat Only With Added Solution Roasted,Meats,158,6,105,201,0,0,0,26.1,0.3,16,1.07,227,3 oz,85
Turkey Thigh From Whole Bird Meat Only With Added Solution Raw,Meats,115,4.12,79,167,0.15,0,0.1,19.27,0.3,15,0.9,226,3 oz,85
Turkey Retail Parts Breast Meat And Skin With Added Solution Raw,Meats,144,6.75,64,126,0.03,0,0.01,20.79,0.3,9,0.43,221,3 oz,85
Turkey Thigh From Whole Bird Meat Only With Added Solution Roasted,Meats,158,6,105,201,0,0,0,26.1,0.3,16,1.07,227,3 oz,85
Turkey Retail Parts Wing Meat And Skin Raw,Meats,202,13.79,84,67,0.05,0,0.03,19.53,0.5,8,0.68,192,3 oz,85
Turkey Retail Parts Wing Meat And Skin Cooked Roasted,Meats,235,13.29,115,106,0.13,0,0,28.74,0.8,14,1,215,3 oz,85
Turkey Retail Parts Drumstick Meat And Skin Raw,Meats,141,6.84,82,86,0,0,0,19.96,0.5,9,1.14,208,3 oz,85
Turkey Retail Parts Drumstick Meat And Skin Cooked Roasted,Meats,197,9.37,120,112,0,0,0,28.21,0.3,16,1.58,254,3 oz,85
Turkey Drumstick From Whole Bird Meat Only Raw,Meats,109,1.48,57,113,0.14,0,0.05,23.66,0.1,11,0.73,242,3 oz,85
Turkey Retail Parts Thigh Meat And Skin Cooked Roasted,Meats,183,9.5,116,101,0.41,0,0,23.95,0.3,4,1.5,273,3 oz,85
Turkey Back From Whole Bird Meat And Skin With Added Solution Raw,Meats,206,15.41,84,157,0.15,0,0.1,16.86,0.6,14,0.78,185,4 oz,114
Turkey Back From Whole Bird Meat And Skin With Added Solution Roasted,Meats,205,11.36,87,237,0,0,0,25.8,0.5,15,0.68,252,3 oz,85
Lean Chicken Breast (Cooked),Meats,157,3.24,116,47,0,0,0,32.06,0,6,0.49,343,3 oz,85
Soup Black Bean Canned Condensed,Soups and Sauces,91,1.32,0,970,15.42,6.8,2.49,4.83,NULL,35,1.5,250,1 cup (8 fl oz),257
Soup Bean With Pork Canned Condensed,Soups and Sauces,129,4.42,2,672,16.97,5.9,3,5.88,0,60,1.53,375,1/2 cup,130
Soup Bean With Frankfurters Canned Condensed,Soups and Sauces,142,5.31,9,831,16.75,4.6,NULL,7.6,NULL,66,1.78,363,1 cup (8 fl oz),263
Soup Bean With Ham Canned Chunky Ready-To-Serve,Soups and Sauces,95,3.5,9,400,11.16,4.6,NULL,5.19,NULL,32,1.33,175,1 cup (8 fl oz),243
Soup Chicken Canned Chunky Ready-To-Serve,Soups and Sauces,71,2.64,12,354,6.88,0.6,0.87,5.06,0,10,0.69,70,1 cup,245
Soup Cream Of Chicken Canned Condensed,Soups and Sauces,90,5.77,8,702,7.16,0,0.54,2.38,0,14,1.06,49,1/2 cup (4 fl oz),126
Soup Chicken Gumbo Canned Condensed,Soups and Sauces,45,1.14,3,693,6.67,1.6,1.93,2.1,NULL,19,0.71,60,1/2 cup (4 fl oz),126
Soup Chunky Chicken Noodle Canned Ready-To-Serve,Soups and Sauces,41,1.16,5,306,4.46,0.8,0.38,3.09,0,11,0.35,117,1 can,530
Soup Chicken Vegetable Canned Condensed,Soups and Sauces,61,2.32,7,706,7.01,0.7,1.26,2.94,0,14,0.71,126,1/2 cup,121
Soup Chili Beef Canned Condensed,Soups and Sauces,117,2.53,10,788,18.86,2.5,5.09,5.09,NULL,33,1.62,400,1 cup (8 fl oz),263
Manhattan Clam Chowder,Soups and Sauces,56,1.41,6,417,7.84,1.2,1.67,3.02,0,28,1.1,160,1 cup (8 fl oz),240
Soup Clam Chowder Manhattan Canned Condensed,Soups and Sauces,61,1.76,2,698,9.74,1.2,2.7,1.74,NULL,19,1.3,150,1/2 cup (4 fl oz),126
Soup Minestrone Canned Condensed,Soups and Sauces,68,2.05,1,516,9.17,0.8,1.5,3.48,0,28,0.75,255,1/2 cup (4 fl oz),123
Soup Mushroom Barley Canned Condensed,Soups and Sauces,61,1.8,0,573,9.6,NULL,NULL,1.5,NULL,10,0.4,76,1/2 cup (4 fl oz),126
Soup Cream Of Mushroom Canned Condensed,Soups and Sauces,79,5.3,0,691,6.8,0.7,0.4,1.35,0.2,12,0.18,64,1/2 cup,126
Soup Mushroom With Beef Stock Canned Condensed,Soups and Sauces,68,3.21,6,773,7.41,0.1,2.28,2.51,0,8,0.67,126,1/2 cup (4 fl oz),126
Soup Pea Split With Ham Canned Condensed,Soups and Sauces,141,3.28,6,630,20.81,1.7,NULL,7.68,NULL,16,1.7,297,1/2 cup (4 fl oz),135
Soup Cream Of Potato Canned Condensed,Soups and Sauces,74,1.88,1,604,12.79,1.3,1.44,1.51,0,17,0.34,165,1/2 cup,124
Soup Cream Of Shrimp Canned Condensed,Soups and Sauces,72,4.14,13,685,6.53,0.2,NULL,2.22,NULL,14,0.42,47,1/2 cup,126
Soup Tomato Beef With Noodle Canned Condensed,Soups and Sauces,112,3.42,3,731,16.87,1.2,NULL,3.55,NULL,14,0.89,176,1 cup (8 fl oz),251
Soup Vegetarian Vegetable Canned Condensed,Soups and Sauces,59,1.58,0,516,9.78,0.5,3.13,1.72,0,17,0.88,171,1/2 cup,126
Soup Chunky Beef Canned Ready-To-Serve,Soups and Sauces,66,1.11,6,338,10.08,0.6,0.67,3.97,0,13,0.97,140,1 cup,245
Soup Vegetable Beef Canned Condensed,Soups and Sauces,63,1.51,4,706,8.11,1.6,0.89,4.45,0,13,0.89,138,1/2 cup,126
Soup Vegetable With Beef Broth Canned Condensed,Soups and Sauces,66,1.56,1,515,10.7,1.3,1.64,2.42,0,14,0.79,157,1/2 cup,123
Soup Onion Dry Mix,Soups and Sauces,293,0.34,0,8031,65.07,6.6,4.65,7.48,0,143,1.25,721,1 serving 1 tbsp,7.5
Soup Cream Of Vegetable Dry Powder,Soups and Sauces,446,24.1,2,3857,52.1,3,17.51,8,0,134,2.6,408,1 packet,18
Sauce Teriyaki Ready-To-Serve,Soups and Sauces,89,0.02,0,3833,15.56,0.1,14.1,5.93,0,25,1.7,225,1 tbsp,18
Gravy Au Jus Canned,Soups and Sauces,16,0.2,0,478,2.5,0,NULL,1.2,NULL,4,0.6,81,1/4 cup,59
Gravy Au Jus Dry,Soups and Sauces,313,9.63,4,11588,47.49,NULL,NULL,9.2,NULL,140,9.3,279,1 tsp,3
Gravy Mushroom Canned,Soups and Sauces,50,2.71,0,570,5.47,0.4,NULL,1.26,NULL,7,0.66,106,1 cup,238
Gravy Mushroom Dry Powder,Soups and Sauces,328,4,3,6580,64.66,4.8,3.26,10,0,230,1,262,1 cup (8 fl oz),21
Gravy Onion Dry Mix,Soups and Sauces,322,3,2,4186,67.64,6,NULL,9,NULL,280,1,262,1 cup (8 fl oz),24
Gravy Pork Dry Powder,Soups and Sauces,367,8.63,10,5356,63.57,2.4,24.73,8.78,0,139,3.94,235,1 serving,6.7
Sauce Sofrito Prepared From Recipe,Soups and Sauces,237,18.2,NULL,1145,5.46,1.7,NULL,12.8,NULL,20,0.94,401,1/2 cup,103
Soup Beef Mushroom Canned Condensed,Soups and Sauces,61,2.4,5,709,5.2,0.2,NULL,4.6,NULL,4,0.7,126,1/2 cup (4 fl oz),126
Soup Tomato Canned Prepared With Equal Volume Water Commercial,Soups and Sauces,32,0.21,0,186,7.45,0.5,4.03,0.71,0,8,0.29,275,1 serving 1 cup,248
Soup Ramen Noodle Any Flavor Dry,Soups and Sauces,440,17.59,0,1855,60.26,2.9,1.98,10.17,0,21,4.11,181,1 package without flavor packet,81
Soup Broccoli Cheese Canned Condensed Commercial,Soups and Sauces,87,5.3,4,661,7.7,1.8,2.12,2.1,0,41,0.3,207,1 serving 1/2 cup,121
Soup Swanson Beef Broth Lower Sodium,Soups and Sauces,6,0.08,0,180,0.21,NULL,0.2,1.2,NULL,2,0.04,23,1 cup,213
Soup Swanson Vegetable Broth,Soups and Sauces,6,0.07,0,303,1.02,0,0.57,0.23,NULL,3,0.08,20,1 cup,220
Smart Soup Indian Bean Masala,Soups and Sauces,57,0.88,0,92,10.5,2.6,2.3,3.3,NULL,22,1,NULL,10 oz 1 pouch,283
Smart Soup Moroccan Chick Pea,Soups and Sauces,51,1.06,0,148,9.7,3.1,4.2,2,NULL,23,1,NULL,10 oz 1 pouch,283
Smart Soup Thai Coconut Curry,Soups and Sauces,36,1.06,0,141,6.5,1,3.7,0.8,NULL,19,0,NULL,10 oz 1 pouch,283
Smart Soup Vietnamese Carrot Lemongrass,Soups and Sauces,44,1.06,0,145,8.2,1.5,4.4,1.3,NULL,23,0,NULL,10 oz 1 pouch,283
Sauce Pesto Mezzetta Napa Valley Bistro Basil Pesto Ready-To-Serve,Soups and Sauces,496,49.88,NULL,897,5.12,1.3,1.25,6.69,NULL,202,0.99,205,1/4 cup,60
Sriracha,Soups and Sauces,93,0.93,NULL,2124,19.16,2.2,15.11,1.93,NULL,18,1.64,321,1 tsp,6.5
Sauce Hot Chile Sriracha Cha! By Texas Pete,Soups and Sauces,108,0.98,NULL,2903,22.73,2.1,15.65,2.02,NULL,15,1.46,302,1 tsp,6.9
Sauce Hot Chile Sriracha Tuong Ot Sriracha,Soups and Sauces,79,0.9,NULL,1540,15.87,2.2,10.48,1.86,NULL,20,1.92,341,1 tsp,6.2
Soup Vegetable Beef Microwavable Ready-To-Serve Single Brand,Soups and Sauces,44,0.7,3,376,3.3,1.5,NULL,6.2,NULL,NULL,NULL,NULL,1 serving,292
Soup Beef And Vegetables Canned Ready-To-Serve,Soups and Sauces,48,1.16,7,326,6.16,1.2,1.25,3.18,0,18,0.51,174,1 cup,250
Sauce Cheese Ready-To-Serve,Soups and Sauces,174,13.29,29,828,6.83,0.5,0.42,6.71,NULL,184,0.21,30,1/4 cup,63
Pasta Sauce,Soups and Sauces,50,1.61,2,437,7.43,1.8,4.91,1.39,0,26,0.73,320,1 serving 1/2 cup,132
Beef Chuck Short Ribs Boneless Separable Lean Only Trimmed To 0 Inch Fat Select Raw,Meats,161,8.99,80,93,0,0,0,20.14,0.1,12,2.34,303,3 oz,85
Beef Chuck Eye Country-Style Ribs Boneless Separable Lean Only Trimmed To 0 Inch Fat Select Raw,Meats,137,5.89,71,82,0,0,0,21.1,0.1,15,2.08,293,3 oz,85
Beef Chuck Eye Country-Style Ribs Boneless Separable Lean Only Trimmed To 0 Inch Fat All Grades Raw,Meats,146,6.95,70,82,0,0,0,20.96,0.1,15,2.24,317,3 oz,85
Beef Chuck Eye Steak Boneless Separable Lean Only Trimmed To 0 Inch Fat Choice Cooked Grilled,Meats,215,11.47,86,75,0,0,0,27.97,0.1,16,2.88,391,3 oz,85
Beef Chuck Eye Steak Boneless Separable Lean Only Trimmed To 0 Inch Fat Select Cooked Grilled,Meats,199,9.77,91,74,0,0,0,27.88,0.1,19,2.81,356,3 oz,85
Beef Shoulder Pot Roast Boneless Separable Lean Only Trimmed To 0 Inch Fat Choice Cooked Braised,Meats,200,8.3,97,60,0,0,0,31.32,0.1,13,3.76,358,3 oz,85
Beef Shoulder Pot Roast Boneless Separable Lean Only Trimmed To 0 Inch Fat Select Cooked Braised,Meats,190,7.02,99,63,0,0,0,31.71,0.1,13,3.36,360,3 oz,85
Beef Shoulder Pot Roast Boneless Separable Lean Only Trimmed To 0 Inch Fat All Grades Cooked Braised,Meats,196,7.78,98,61,0,0,0,31.48,0.1,13,3.6,359,3 oz,85
Beef Chuck Mock Tender Steak Boneless Separable Lean Only Trimmed To 0 Inch Fat Choice Cooked Braised,Meats,197,6.94,113,67,0,0,0,33.55,0.1,15,3.53,315,1 steak,141
Beef Chuck Mock Tender Steak Boneless Separable Lean Only Trimmed To 0 Inch Fat All Grades Raw,Meats,123,4.17,67,81,0,0,0,21.3,0.1,11,2.44,346,3 oz,85
Braised Beef Or Chuck Stew,Meats,191,6.82,99,67,0,0,0,32.41,0.1,16,2.96,319,3 oz,85
Beef Chuck For Stew Separable Lean And Fat Select Cooked Braised,Meats,186,6.34,102,68,0,0,0,32.29,0.1,15,2.84,320,3 oz,85
Beef Chuck For Stew Separable Lean And Fat Choice Cooked Braised,Meats,194,7.14,96,65,0,0,0,32.49,0.1,17,3.06,315,3 oz,85
Beef Chuck For Stew Separable Lean And Fat All Grades Raw,Meats,128,4.48,64,80,0.16,0,0,21.75,0.1,13,2.12,367,3 oz,85
Beef Chuck Under Blade Steak Boneless Separable Lean Only Trimmed To 0 Inch Fat All Grades Cooked Braised,Meats,219,10.41,107,65,0,0,0,31.35,0.1,14,3.21,308,3 oz,85
Beef Chuck Under Blade Pot Roast Boneless Separable Lean And Fat Trimmed To 0 Inch Fat All Grades Cooked Braised,Meats,291,20.49,99,62,0,0,0,26.7,0.1,14,2.68,262,3 oz,85
Beef Rib Eye Steak Boneless Lip-On Separable Lean Only Trimmed To 1/8 Inch Fat All Grades Cooked Grilled,Meats,207,10.57,79,59,0,0,0,27.97,0.1,7,2.53,296,3 oz,85
Beef Rib Eye Roast Bone-In Lip-On Separable Lean Only Trimmed To 1/8 Inch Fat Choice Cooked Roasted,Meats,240,14.55,83,68,0,0,0,27.18,0.1,11,2.37,296,3 oz,85
Beef Chuck Under Blade Center Steak Boneless Denver Cut Separable Lean And Fat Trimmed To 0 Inch Fat Choice Cooked Grilled,Meats,236,14.41,89,73,0.4,0,0,26.1,0.1,12,3.27,313,3 oz,85
Beef Chuck Under Blade Center Steak Boneless Denver Cut Separable Lean And Fat Trimmed To 0 Inch Fat Select Cooked Grilled,Meats,215,12.25,98,73,0,0,0,26.3,0.1,16,3.31,301,3 oz,85
Beef Chuck Under Blade Center Steak Boneless Denver Cut Separable Lean And Fat Trimmed To 0 Inch Fat All Grades Raw,Meats,182,11.64,69,76,0.36,0,0,18.99,0.1,11,2.38,315,3 oz,85
Beef Chuck Under Blade Center Steak Boneless Denver Cut Separable Lean And Fat Trimmed To 0 Inch Fat Choice Raw,Meats,189,12.4,70,75,0.53,0,0,18.85,0.1,11,2.37,312,3 oz,85
Beef Chuck Eye Roast Boneless Americas Beef Roast Separable Lean And Fat Trimmed To 0 Inch Fat Choice Cooked Roasted,Meats,241,15.87,84,75,0,0,0,24.47,0.1,18,2.28,307,3 oz,85
Beef Chuck Eye Roast Boneless Americas Beef Roast Separable Lean And Fat Trimmed To 0 Inch Fat Select Cooked Roasted,Meats,229,14.41,81,76,0,0,0,24.86,0.1,19,2.16,312,3 oz,85
Beef Chuck Under Blade Steak Boneless Separable Lean And Fat Trimmed To 0 Inch Fat All Grades Cooked Braised,Meats,275,18,96,65,0,0,0,28.23,0.1,14,2.8,273,3 oz,85
Beef Chuck Under Blade Steak Boneless Separable Lean And Fat Trimmed To 0 Inch Fat Choice Cooked Braised,Meats,284,19.3,98,64,0,0,0,27.6,0.2,14,2.82,275,3 oz,85
Beef Chuck Under Blade Steak Boneless Separable Lean And Fat Trimmed To 0 Inch Fat Select Cooked Braised,Meats,261,16.05,94,66,0,0,0,29.18,0.1,14,2.76,270,3 oz,85
Beef Chuck Mock Tender Steak Boneless Separable Lean And Fat Trimmed To 0 Inch Fat Choice Raw,Meats,131,5.18,67,82,0,0,0,21.19,0.1,11,2.5,347,3 oz,85
Beef Chuck Mock Tender Steak Boneless Separable Lean And Fat Trimmed To 0 Inch Fat Select Raw,Meats,122,4.2,68,76,0,0,0,21.05,0.1,11,2.25,341,3 oz,85
Beef Chuck Short Ribs Boneless Separable Lean And Fat Trimmed To 0 Inch Fat All Grades Cooked Braised,Meats,305,22.58,100,70,0,0,0,25.48,0.1,14,2.7,239,3 oz,85
Beef Chuck Short Ribs Boneless Separable Lean And Fat Trimmed To 0 Inch Fat Choice Cooked Braised,Meats,317,24.05,98,70,0,0,0,25.26,0.2,14,2.67,228,3 oz,85
Beef Shoulder Pot Roast Boneless Separable Lean And Fat Trimmed To 0 Inch Fat All Grades Cooked Braised,Meats,204,8.92,98,61,0,0,0,31.03,0.1,13,3.53,352,3 oz,85
Beef Shoulder Pot Roast Boneless Separable Lean And Fat Trimmed To 0 Inch Fat Choice Cooked Braised,Meats,207,9.25,98,60,0,0,0,30.93,0.1,13,3.7,353,3 oz,85
Beef Shoulder Pot Roast Boneless Separable Lean And Fat Trimmed To 0 Inch Fat Select Cooked Braised,Meats,200,8.41,98,62,0,0,0,31.18,0.1,13,3.29,352,3 oz,85
Beef Chuck Eye Country-Style Ribs Boneless Separable Lean And Fat Trimmed To 0 Inch Fat All Grades Cooked Braised,Meats,296,20.55,96,65,0,0,0,27.69,0.1,16,2.49,247,3 oz,85
Beef Chuck Eye Steak Boneless Separable Lean And Fat Trimmed To 0 Inch Fat All Grades Cooked Grilled,Meats,277,19.64,87,71,0,0,0,24.98,0.1,16,2.45,325,3 oz,85
Beef Chuck Eye Steak Boneless Separable Lean And Fat Trimmed To 0 Inch Fat Choice Cooked Grilled,Meats,283,20.35,86,71,0,0,0,24.95,0.1,15,2.46,333,3 oz,85
Beef Chuck Eye Steak Boneless Separable Lean And Fat Trimmed To 0 Inch Fat Select Cooked Grilled,Meats,267,18.57,89,70,0,0,0,25.03,0.1,17,2.42,307,3 oz,85
Beef Chuck Eye Steak Boneless Separable Lean And Fat Trimmed To 0 Inch Fat All Grades Raw,Meats,223,16.35,68,66,0,0,0,18.86,0.1,14,2.1,329,3 oz,85
Beef Rib Eye Steak Boneless Lip-On Separable Lean Only Trimmed To 1/8 Inch Fat Choice Cooked Grilled,Meats,217,11.97,80,60,0,0,0,27.3,0.1,8,2.65,282,3 oz,85
Beef Rib Eye Steak Boneless Lip-On Separable Lean Only Trimmed To 1/8 Inch Fat Select Cooked Grilled,Meats,192,8.48,77,59,0,0,0,28.98,0.1,6,2.34,318,3 oz,85
Beef Rib Eye Steak/roast Bone-In Lip-On Separable Lean Only Trimmed To 1/8 Inch Fat All Grades Raw,Meats,166,9.04,64,64,0,0,0,21.22,0.1,9,1.96,275,3 oz,85
Beef Rib Eye Steak/roast Bone-In Lip-On Separable Lean Only Trimmed To 1/8 Inch Fat Choice Raw,Meats,173,9.97,65,65,0,0,0,20.93,0.1,9,1.95,270,3 oz,85
Beef Rib Eye Steak Bone-In Lip-On Separable Lean Only Trimmed To 1/8 Inch Fat All Grades Cooked Grilled,Meats,221,12.43,80,67,0,0,0,27.4,0.1,22,2.62,279,3 oz,85
Beef Rib Eye Steak Bone-In Lip-On Separable Lean Only Trimmed To 1/8 Inch Fat Choice Cooked Grilled,Meats,229,13.44,82,67,0,0,0,27.03,0.1,22,2.61,276,3 oz,85
Beef Rib Eye Steak Bone-In Lip-On Separable Lean Only Trimmed To 1/8 Inch Fat Select Cooked Grilled,Meats,210,10.91,78,67,0,0,0,27.96,0.1,22,2.63,284,3 oz,85
Beef Rib Eye Roast Boneless Lip-On Separable Lean Only Trimmed To 1/8 Inch Fat All Grades Cooked Roasted,Meats,218,11.68,80,56,0,0,0,28.21,0.1,8,2.13,326,3 oz,85
Gjetost Cheese,Dairy and Egg Products,466,29.51,94,600,42.65,0,NULL,9.65,NULL,400,0.52,1409,1 oz,28.4
Gouda Cheese,Dairy and Egg Products,356,27.44,114,819,2.22,0,2.22,24.94,0.5,700,0.24,121,1 oz,28.4
Gruyere Cheese,Dairy and Egg Products,413,32.34,110,714,0.36,0,0.36,29.81,0.6,1011,0.17,81,1 oz,28.4
Limburger Cheese,Dairy and Egg Products,327,27.25,90,800,0.49,0,0.49,20.05,0.5,497,0.13,128,1 cup,134
Mozzarella (Hard And Lowfat),Dairy and Egg Products,295,19.78,64,666,5.58,0,1.9,23.75,0.4,697,0.22,188,1 cup diced,132
Muenster Cheese,Dairy and Egg Products,368,30.04,96,628,1.12,0,1.12,23.41,0.6,717,0.41,134,1 cup diced,132
Neufchatel Cheese,Dairy and Egg Products,253,22.78,74,334,3.59,0,3.19,9.15,NULL,117,0.13,152,1 oz,28.4
Grated Parmesan,Dairy and Egg Products,420,27.84,86,1804,13.91,0,0.07,28.42,0.5,853,0.49,180,1 cup,100
Lowfat Ricotta,Dairy and Egg Products,138,7.91,31,99,5.14,0,0.31,11.39,0.1,272,0.44,125,1/2 cup,124
Romano Cheese,Dairy and Egg Products,387,26.94,104,1433,3.63,0,0.73,31.8,0.5,1064,0.77,86,1 oz,28.4
Roquefort,Dairy and Egg Products,369,30.64,90,1809,2,0,NULL,21.54,NULL,662,0.56,91,1 oz,28.4
Swiss Cheese,Dairy and Egg Products,393,30.99,93,187,1.44,0,0,26.96,0,890,0.13,72,1 cup diced,132
American Cheese,Dairy and Egg Products,330,25.63,98,1284,8.56,0,5.59,16.86,2.5,682,0.26,255,1 cup,113
Cheese Food Pasteurized Process Swiss,Dairy and Egg Products,323,24.14,82,1552,4.5,0,NULL,21.92,NULL,723,0.6,284,1 oz,28.4
American Cheese Spread,Dairy and Egg Products,290,21.23,55,1625,8.73,0,7.32,16.41,0.4,562,0.33,242,1 cup diced,140
Half And Half Cream,Dairy and Egg Products,131,11.5,35,61,4.3,0,4.13,3.13,0,107,0.05,132,1 fl oz,30.2
Lowfat Sour Cream,Dairy and Egg Products,135,12,39,89,4.26,0,0.16,2.94,0.2,104,0.07,129,1 tbsp,15
Cultured Sour Cream,Dairy and Egg Products,198,19.35,59,31,4.63,0,3.41,2.44,0,101,0.07,125,1 tbsp,12
Eggnog,Dairy and Egg Products,88,4.19,59,54,8.05,0,8.05,4.55,1.2,130,0.2,165,1 cup,254
Sour Dressing Non-Butterfat Cultured Filled Cream-Type,Dairy and Egg Products,178,16.57,5,48,4.68,0,4.68,3.25,0,113,0.03,162,1 tbsp,12
Yogurt Greek 2%fat Coconut Blend Chobani,NULL,92,1.71,NULL,33,11.04,0.5,NULL,8.11,NULL,93,0.03,NULL,,NULL
Cream Substitute Liquid With Hydrogenated Vegetable Oil And Soy Protein,Dairy and Egg Products,136,9.97,0,67,11.38,0,11.38,1,0,9,0.03,191,1 container individual,15
Cream Substitute Liquid With Lauric Acid Oil And Sodium Caseinate,Dairy and Egg Products,136,9.97,0,79,11.38,0,NULL,1,NULL,9,0.03,191,1 container individual,15
Cream Substitute Powdered,Dairy and Egg Products,529,32.92,0,124,59.29,0,7.77,2.48,0,2,0.26,669,1 cup,94
Milk Substitutes Fluid With Lauric Acid Oil,Dairy and Egg Products,61,3.41,0,78,6.16,0,NULL,1.75,NULL,33,0.39,114,1 cup,244
Whole Milk,Dairy and Egg Products,61,3.25,10,43,4.8,0,5.05,3.15,1.3,113,0.03,132,1 cup,244
High Fat Milk (3.7% Fat),Dairy and Egg Products,64,3.66,14,49,4.65,0,NULL,3.28,NULL,119,0.05,151,1 cup,244
Low-Fat Milk 2%,Dairy and Egg Products,50,1.98,8,47,4.8,0,5.06,3.3,1.2,120,0.02,140,1 cup,244
Milk Lowfat Fluid 1% Milkfat Protein Fortified With Added Vitamin A And Vitamin D,Dairy and Egg Products,48,1.17,4,58,5.52,0,NULL,3.93,1,142,0.06,180,1 cup,246
Skim Milk,Dairy and Egg Products,34,0.08,2,42,4.96,0,5.09,3.37,1.2,122,0.03,156,1 cup,245
Milk Nonfat Fluid With Added Nonfat Milk Solids Vitamin A And Vitamin D (Fat Free Or Skim),Dairy and Egg Products,37,0.25,2,53,5.02,0,5.02,3.57,1.2,129,0.05,171,1 cup,245
Milk Nonfat Fluid Protein Fortified With Added Vitamin A And Vitamin D (Fat Free And Skim),Dairy and Egg Products,41,0.25,2,59,5.56,0,NULL,3.96,1,143,0.06,182,1 cup,246
Milk Dry Nonfat Instant With Added Vitamin A And Vitamin D,Dairy and Egg Products,358,0.72,18,549,52.19,0,52.19,35.1,11,1231,0.31,1705,1 cup,68
Milk Dry Nonfat Calcium Reduced,Dairy and Egg Products,354,0.2,2,2280,51.8,0,NULL,35.5,NULL,280,0.32,680,1 oz,28.4
Milk Buttermilk Dried,Dairy and Egg Products,387,5.78,69,517,49,0,49,34.3,0.5,1184,0.3,1592,1/4 cup,30
Sweetened Condensed Milk,Dairy and Egg Products,321,8.7,34,127,54.4,0,54.4,7.91,0.2,284,0.19,371,1 fl oz,38.2
Milk Canned Evaporated With Added Vitamin D And Without Added Vitamin A,Dairy and Egg Products,134,7.56,29,106,10.04,0,10.04,6.81,2,261,0.19,303,1 fl oz,31.5
Hot Cocoa,Dairy and Egg Products,77,2.34,8,44,10.74,1,9.66,3.52,1.1,114,0.42,197,1 cup,250
Goat Milk,Dairy and Egg Products,69,4.14,11,50,4.45,0,4.45,3.56,1.3,134,0.05,204,1 fl oz,30.5
Breast Milk (Human),Dairy and Egg Products,70,4.38,14,17,6.89,0,6.89,1.03,0.1,32,0.03,51,1 fl oz,30.8
Milk Indian Buffalo Fluid,Dairy and Egg Products,97,6.89,19,52,5.18,0,NULL,3.75,NULL,169,0.12,178,1 cup,244
Dried Whey Powder (Acid),Dairy and Egg Products,339,0.54,3,968,73.45,0,73.45,11.73,0,2054,1.24,2289,1 cup,57
Sweet Whey Fluid,Dairy and Egg Products,27,0.36,2,54,5.14,0,5.14,0.85,NULL,47,0.06,161,1 cup,246
Dried Sweet Whey Powder,Dairy and Egg Products,353,1.07,6,1079,74.46,0,74.46,12.93,0,796,0.88,2080,1 cup,145
Plain Yogurt,Dairy and Egg Products,61,3.25,13,46,4.66,0,4.66,3.47,0.1,121,0.05,155,1 container (6 oz),170
Yogurt Fruit Low Fat 10 Grams Protein Per 8 Ounce,Dairy and Egg Products,102,1.08,4,58,19.05,0,19.05,4.37,0,152,0.07,195,1 container (6 oz),170
Yogurt Fruit Low Fat 11 Grams Protein Per 8 Ounce,Dairy and Egg Products,105,1.41,6,65,18.6,0,NULL,4.86,NULL,169,0.07,216,1 container (6 oz),170
Eggs (Raw),Dairy and Egg Products,143,9.51,372,142,0.72,0,0.37,12.56,2,56,1.75,138,1 large,50
Mexican Blend Cheese,Dairy and Egg Products,384,32.14,95,607,0.13,0,0,23.54,0.5,659,0.59,85,1/4 cup shredded,28
Cheese Product Pasteurized Process American Vitamin D Fortified,Dairy and Egg Products,307,23.06,78,1279,8.85,0,6.24,16.09,6.5,1375,0.95,295,1 slice (2/3 oz),19
Cheese Pasteurized Process American Without Added Vitamin D,Dairy and Egg Products,371,31.79,100,1671,3.7,0,2.26,18.13,0.6,1045,0.63,132,1 oz,28.4
Cheese Food Pasteurized Process American Without Added Vitamin D,Dairy and Egg Products,330,25.63,98,1441,8.56,0,5.59,16.86,2.5,682,0.26,255,1 cup,113
Cheese Cheddar Reduced Fat,Dairy and Egg Products,316,20.41,76,628,2.67,0,0.26,27.35,0.3,761,0.12,63,1 slice,21
Ice Cream Light Soft Serve Chocolate,Dairy and Egg Products,141,3.69,15,64,23.15,0,19.46,3.36,0.7,134,0.6,207,1 medium,298
Ice Cream Bar Stick Or Nugget With Crunch Coating,Dairy and Egg Products,358,25.26,16,84,37.12,1.1,21.05,2.11,0.1,63,0,71,26 pieces,95
Cheddar Cheese (Non-Fat Or Fat Free),Dairy and Egg Products,157,0,18,1000,7.14,0,0,32.14,0.1,893,0,66,1 serving,28
Yogurt Greek Nonfat Vanilla Chobani,Dairy and Egg Products,71,0.22,NULL,36,8.09,0.3,7.61,9.07,NULL,106,0.05,130, oz,150
Yogurt Greek Strawberry Dannon Oikos,Dairy and Egg Products,106,2.92,13,34,11.67,1,11,8.25,0,86,0.07,131,5oz serving,150
Yogurt Greek Nonfat Vanilla Dannon Oikos,Dairy and Egg Products,85,0.14,NULL,32,12.72,0.5,11.4,8.12,0.9,89,0.04,115,5oz serving,150
Nonfat Strawberry Yogurt,Dairy and Egg Products,84,0.22,NULL,33,12.53,0.4,11.63,8.03,1,94,0.06,145,5oz serving,150
Lowfat Greek Strawberry Yogurt,Dairy and Egg Products,105,2.57,12,33,12.29,1,11.23,8.17,0,88,0.07,129,1 container (5.3 oz),150
Kefir Lowfat Strawberry Lifeway,Dairy and Egg Products,62,0.9,5,37,10.2,0,9.21,3.39,1.1,119,0.04,154,,NULL
Milk Evaporated 2% Fat With Added Vitamin A And Vitamin D,Dairy and Egg Products,107,2,0,100,15.74,0,6.67,6.67,4,267,0.19,303,1 cup,252
Fatfree Chocolate Milk,Dairy and Egg Products,67,0,2,79,13.46,0,8.39,3.39,1.1,127,0.27,182,,NULL
Greek Yogurt (Plain),Dairy and Egg Products,97,5,13,35,3.98,0,4,9,0,100,0,141,,NULL
Ice Cream Bar Covered With Chocolate And Nuts,Dairy and Egg Products,303,25.84,56,56,11.89,1.1,10.8,5.62,0.2,90,1.21,304,,NULL
Ice Cream Sundae Cone,Dairy and Egg Products,254,14,15,115,28.89,1,21.26,3,0.1,60,0.36,204,,NULL
Light Ice Cream Creamsicle,Dairy and Egg Products,165,3.08,8,46,32.75,0,18.46,1.54,0.1,62,0,174,,NULL
Cream Half And Half Lowfat,Dairy and Egg Products,72,5,17,50,3.33,0,3.33,3.33,0,133,0,132,,NULL
Yogurt Greek Whole Plain Chobani,NULL,82,4.01,15,35,3.24,0.8,NULL,8.24,NULL,111,0.03,NULL,,NULL
Yogurt Greek Nonfat Lemon Blend Chobani,NULL,78,0.15,2,44,10.66,0.5,NULL,8.62,NULL,96,0.03,NULL,,NULL
Yogurt Greek Nonfat Peach Chobani,NULL,80,0.11,5,32,11.9,0.7,NULL,7.76,NULL,89,0.03,NULL,,NULL
Yogurt Greek Nonfat Plain Chobani,NULL,54,0.24,6,37,3.43,0.2,NULL,9.53,NULL,112,0.03,NULL,,NULL
Yogurt Greek Nonfat Raspberry Chobani,NULL,81,0.22,4,30,11.98,0.5,NULL,7.65,NULL,98,0.03,NULL,,NULL
Butter Clarified Butter (Ghee),NULL,900,100,300,0,0,0,0,0,NULL,0,0,NULL,,NULL
Ground Allspice,Spices and Herbs,263,8.69,0,77,72.12,21.6,NULL,6.09,0,661,7.06,1044,1 tsp,1.9
Anise Seeds,Spices and Herbs,337,15.9,0,16,50.02,14.6,NULL,17.6,0,646,36.96,1441,1 tsp whole,2.1
Dried Basil,Spices and Herbs,233,4.07,0,76,47.75,37.7,1.71,22.98,0,2240,89.8,2630,1 tsp leaves,0.7
Dried Chervil,Spices and Herbs,237,3.9,0,83,49.1,11.3,NULL,23.2,0,1346,31.95,4740,1 tsp,0.6
Chili Powder,Spices and Herbs,282,14.28,0,2867,49.7,34.8,7.19,13.46,0,330,17.3,1950,1 tsp,2.7
Cinnamon,Spices and Herbs,247,1.24,0,10,80.59,53.1,2.17,3.99,0,1002,8.32,431,1 tsp,2.6
Ground Cloves,Spices and Herbs,274,13,0,277,65.53,33.9,2.38,5.97,0,632,11.83,1020,1 tsp,2.1
Dried Dill Weed,Spices and Herbs,253,4.36,0,208,55.82,13.6,NULL,19.96,0,1784,48.78,3308,1 tsp,1
Fennel Seed,Spices and Herbs,345,14.87,0,88,52.29,39.8,NULL,15.8,0,1196,18.54,1694,1 tsp whole,2
Fenugreek Seed,Spices and Herbs,323,6.41,0,67,58.35,24.6,NULL,23,0,176,33.53,770,1 tsp,3.7
Garlic Powder,Spices and Herbs,331,0.73,0,60,72.73,9,2.43,16.55,0,79,5.65,1193,1 tsp,3.1
Ground Nutmeg,Spices and Herbs,525,36.31,0,16,49.29,20.8,2.99,5.84,0,184,3.04,350,1 tsp,2.2
Onion Powder,Spices and Herbs,341,1.04,0,73,79.12,15.2,6.63,10.41,0,384,3.9,985,1 tsp,2.4
Dried Oregano,Spices and Herbs,265,4.28,0,25,68.92,42.5,4.09,9,0,1597,36.8,1260,1 tsp leaves,1
Paprika,Spices and Herbs,282,12.89,0,68,53.99,34.9,10.34,14.14,0,229,21.14,2280,1 tsp,2.3
Poppy Seeds,Spices and Herbs,525,41.56,0,26,28.13,19.5,2.99,17.99,0,1438,9.76,719,1 tsp,2.8
Poultry Seasoning,Spices and Herbs,307,7.53,0,27,65.59,11.3,1.8,9.59,0,996,35.3,684,1 tsp,1.5
Pumpkin Pie Spice,Spices and Herbs,342,12.6,0,52,69.28,14.8,7.76,5.76,0,682,19.71,663,1 tsp,1.7
Dried Rosemary,Spices and Herbs,331,15.22,0,50,64.06,42.6,NULL,4.88,0,1280,29.25,955,1 tsp,1.2
Babyfood Vegetables Corn Creamed Junior,Baby Foods,65,0.4,1,52,16.25,2.1,1.48,1.4,0,4,0.27,81,1 cup,240
Babyfood Fruit Bananas With Tapioca Strained,Baby Foods,56,0.1,0,0,15.3,1.6,0.38,0.4,0,5,0.2,88,1 tbsp,15
Babyfood Fruit Peaches Strained,Baby Foods,65,0.33,0,4,14.48,1.3,11.5,0.94,0,4,0.23,195,1 tbsp,17
Babyfood Fruit Peaches Junior,Baby Foods,65,0.33,0,4,14.48,1.3,11.5,0.94,0,4,0.23,195,1 tbsp,17
Babyfood Fruit Pears Strained,Baby Foods,42,0.2,0,1,10.8,2.8,6.98,0.3,0,8,0.24,130,1 tbsp,16
Babyfood Fruit Prunes With Tapioca Without Ascorbic Acid Junior,Baby Foods,70,0.1,0,2,18.7,2.7,10.97,0.6,NULL,15,0.33,162,1 oz,28.4
Babyfood Prunes Without Vitamin C Strained,Baby Foods,100,0.2,0,1,23.52,2.7,14.28,1,0,21,0.4,306,1 tbsp,15
Babyfood Fruit Dessert Mango With Tapioca,Baby Foods,70,0.2,0,4,19,1.1,13,0.3,0,8,0.2,66,1 tbsp,15
Babyfood Pears Dices Toddler,Baby Foods,57,0.1,0,6,13.6,1.2,8.66,0.3,0,10,0.2,51,1 oz,28.4
Babyfood Fruit Applesauce And Pineapple Strained,Baby Foods,37,0.1,0,2,10.1,1.5,NULL,0.1,NULL,4,0.1,78,1 oz,28.4
Babyfood Fruit Applesauce And Pineapple Junior,Baby Foods,39,0.1,0,2,10.5,1.5,NULL,0.1,NULL,4,0.1,76,1 oz,28.4
Babyfood Fruit Apple And Raspberry Strained,Baby Foods,58,0.2,0,0,15.6,2.1,12.96,0.2,0,5,0.22,80,1 oz,28.4
Babyfood Fruit Apple And Raspberry Junior,Baby Foods,58,0.2,0,0,15.4,2.1,12.96,0.2,0,5,0.22,72,1 oz,28.4
Babyfood Fruit Pears And Pineapple Junior,Baby Foods,44,0.2,0,0,11.4,2.6,7.36,0.3,0,10,0.21,118,1 tbsp,16
Babyfood Fruit Guava And Papaya With Tapioca Strained,Baby Foods,63,0.1,NULL,4,17,NULL,NULL,0.2,NULL,7,0.2,74,1 oz,28.4
Babyfood Peaches Dices Toddler,Baby Foods,51,0.2,0,9,11.8,0.8,9.49,0.5,0,6,0.2,83,1 oz,28.4
Babyfood Fruit Papaya And Applesauce With Tapioca Strained,Baby Foods,70,0.1,NULL,5,18.9,1.4,NULL,0.2,NULL,7,0.44,79,1 oz,28.4
Babyfood Apple-Banana Juice,Baby Foods,51,0.1,0,4,12.3,0.2,11,0.2,0,7,0.2,123,1 fl oz,31.2
Babyfood Juice Apple And Peach,Baby Foods,43,0.1,0,0,10.5,0.1,9.59,0.2,0,3,0.56,97,1 fl oz,31.2
Babyfood Juice Apple And Prune,Baby Foods,72,0.1,0,8,18.1,0.1,10.58,0.2,0,9,0.95,148,1 fl oz,31.2
Babyfood Juice Orange,Baby Foods,45,0.3,0,0,10.2,0.1,8.26,0.6,0,12,0.17,184,1 fl oz,31.2
Babyfood Juice Orange And Apple,Baby Foods,43,0.2,NULL,3,10.1,NULL,NULL,0.4,NULL,10,0.2,138,1 fl oz,31.2
Babyfood Juice Prune And Orange,Baby Foods,70,0.3,NULL,2,16.8,NULL,NULL,0.6,NULL,12,0.87,181,1 fl oz,31.2
Babyfood Juice Mixed Fruit,Baby Foods,47,0.1,0,8,11.7,0.1,8.46,0.1,0,8,0.34,101,1 fl oz,31.2
Babyfood Cereal Barley Dry Fortified,Baby Foods,376,6.6,0,33,69.4,6.6,13.2,13.2,7.1,643,48.21,467,1 tbsp,2.4
Babyfood Cereal Whole Wheat With Apples Dry Fortified,Baby Foods,402,4.8,0,66,83.2,6.7,26.66,6.6,0,600,45,500,1/2 oz,15
Babyfood Cereal Oatmeal Dry Fortified,Baby Foods,394,6.36,0,21,73.48,7.3,11.67,10.99,12.7,1160,64.1,549,1 tbsp,3.2
Babyfood Cereal Oatmeal With Bananas Dry,Baby Foods,399,6.67,0,33,78.07,5.2,26.66,6.67,0,800,45,600,1 tbsp,2.5
Babyfood Cereal Oatmeal With Applesauce And Bananas Strained,Baby Foods,75,0.89,0,4,15.62,0.9,8.85,0.89,0,6,7.5,97,1 oz,28.4
Babyfood Cereal Oatmeal With Applesauce And Bananas Junior,Baby Foods,76,0.89,0,4,16.03,0.9,8.85,0.89,0,6,7.5,97,1 oz,28.4
Babyfood Cereal With Egg Yolks Junior,Baby Foods,52,1.8,63,33,7.1,0.9,NULL,1.9,NULL,24,0.51,35,1 oz,28.4
Babyfood Cereal With Eggs Strained,Baby Foods,58,1.5,51,38,8,NULL,NULL,2.2,NULL,27,0.54,44,1 oz,28.4
Babyfood Cereal Egg Yolks And Bacon Junior,Baby Foods,79,5,94,48,6.2,0.9,NULL,2.5,NULL,28,0.47,35,1 oz,28.4
Babyfood Oatmeal Cereal With Fruit Dry Instant Toddler Fortified,Baby Foods,402,7.05,0,0,74.1,7.8,11.09,10.5,0,286,14.3,346,1 tbsp,5.3
Babyfood Cookie Baby Fruit,Baby Foods,435,12.6,4,9,73.7,3.4,24.2,6.8,0,83,2.9,425,1 cookie,8
Babyfood Cookies Arrowroot,Baby Foods,424,10,0,319,75.4,0.2,NULL,7.6,0,32,3,156,1 oz,28.4
Babyfood Pretzels,Baby Foods,397,2,0,269,82.2,2.3,3.08,10.8,0,25,3.77,137,1 oz,28.4
Babyfood Teething Biscuits,Baby Foods,407,9.27,7,259,72.48,5.9,24.9,7.97,0.5,1278,18.87,318,1 oz,28.4
Zwieback,Baby Foods,426,9.7,8,227,74.2,2.5,12.5,10.1,0,20,0.6,305,1 oz,28.4
Babyfood Dessert Cherry Vanilla Pudding Junior,Baby Foods,69,0.2,10,0,18.4,0.3,16.98,0.2,0,5,0.17,33,1 oz,28.4
Babyfood Dessert Fruit Pudding Orange Strained,Baby Foods,80,0.9,3,20,17.7,0.6,NULL,1.1,NULL,32,0.1,86,1 oz,28.4
Babyfood Dessert Peach Cobbler Strained,Baby Foods,65,0,0,7,17.8,0.7,10.62,0.3,0,4,0.1,54,1 tbsp,15
Babyfood Dessert Peach Cobbler Junior,Baby Foods,67,0,0,0,18.3,0.7,11.89,0.3,0,4,0.1,56,1 tbsp,15
Babyfood Dessert Fruit Dessert Without Ascorbic Acid Junior,Baby Foods,63,0,0,0,17.2,0.6,12,0.3,0,9,0.21,95,1 tbsp,15
Babyfood Dessert Tropical Fruit Junior,Baby Foods,60,0,NULL,7,16.4,NULL,NULL,0.2,NULL,10,0.26,58,1 oz,28.4
Babyfood Dessert Custard Pudding Vanilla Strained,Baby Foods,85,2,8,0,16,0,11.5,1.6,0.5,55,0.24,66,1 cup,229
Babyfood Dessert Custard Pudding Vanilla Junior,Baby Foods,86,0.98,38,26,17.58,0.2,12.2,1.76,0.5,54,0.22,68,1 cup,229
Babyfood Juice Apple And Grape,Baby Foods,46,0.2,0,0,11.34,0.1,10.9,0.1,0,6,0.39,90,1 fl oz,31.2
Infant Formula Abbott Nutrition Similac Isomil Advance With Iron Liquid Concentrate,Baby Foods,128,6.98,0,56,13.21,0,13.1,3.13,1.9,134,2.3,138,1 fl oz,31.4
Infant Formula Abbott Nutrition Similac Isomil Advance With Iron Ready-To-Feed,Baby Foods,66,3.59,0,29,6.7,0,6.7,1.61,1,69,1.18,71,1 fl oz,30.5
Infant Formula Abbott Nutrition Similac Isomil Advance With Iron Powder Not Reconstituted,Baby Foods,517,28.09,0,226,53.57,0,52.97,12.6,7.7,540,9.26,555,1 scoop,8.7
Infant Formula Nestle Good Start Supreme With Iron Dha And Ara Ready-To-Feed,Baby Foods,66,3.37,4,18,7.39,0,5,1.45,1.1,42,0.99,71,1 fl oz,30.5
Infant Formula Nestle Good Start Supreme With Iron Dha And Ara Prepared From Liquid Concentrate,Baby Foods,66,3.37,4,18,7.39,0,5,1.45,1.1,42,0.99,71,1 fl oz,31.4
Infant Formula Mead Johnson Enfamil Gentlease Lipil With Iron Prepared From Powder,Baby Foods,68,3.5,2,24,7.6,0,1.53,1.51,1,54,1.18,71,1 fl oz,30.5
Babyfood Fortified Cereal Bar Fruit Filling,Baby Foods,344,5.3,1,157,68.63,1.7,42,5.43,0,1053,13.16,180,1 bar,19
Infant Formula Mead Johnson Enfamil Gentlease Powder,Baby Foods,516,27,17,185,56.5,0,11.5,11.7,7.8,420,9.2,550,1 scoop,8.7
Infant Formula Mead Johnson Enfamil Enfagrow Soy Toddler Ready-To-Feed,Baby Foods,65,2.89,0,24,7.64,0,7.64,2.17,1,128,1.31,79,1 fl oz,30.4
Infant Formula Mead Johnson Enfamil Nutramigen Aa Ready-To-Feed,Baby Foods,66,3.48,0,31,6.76,0,6.76,1.84,0.8,62,1.18,72,1 fl oz,30.4
Infant Formula Mead Johnson Enfamil Premature 20 Calories Ready-To-Feed,Baby Foods,63,3.3,5,46,6.2,0,3.6,2.2,5,108,1.18,64,1 fl oz,30.4
Infant Formula Mead Johnson Enfamil Premature 24 Calo Ready-To-Feed,Baby Foods,81,3.9,6,55,8.88,0,4.2,2.6,3.9,129,1.4,76,1 fl oz,30.4
Infant Formula Gerber Good Start 2 Protect Plus Ready-To-Feed,Baby Foods,66,3.37,0,18,7.39,0,7.34,1.44,1,44,0.98,71,1 fl oz,30.4
Infant Formula Abbott Nutrition Similac Go And Grow Ready-To-Feed With Ara And Dha,Baby Foods,66,3.54,0,20,6.69,0,6.69,1.97,1,128,1.31,98,5 fl oz,153
Infant Formula Abbott Nutrition Similac Expert Care Diarrhea Ready- To- Feed With Ara And Dha,Baby Foods,66,3.6,0,29,6.67,0.7,6.66,1.76,1,69,1.18,71,1 fl oz,30.4
Infant Formula Abbott Nutrition Similac For Spit Up Ready-To-Feed With Ara And Dha,Baby Foods,66,3.54,0,20,7.19,0,7.19,1.4,1,55,1.18,70,1 fl oz,30.4
Babyfood Snack Gerber Graduates Lil Crunchies Baked Whole Grain Corn Snack,Baby Foods,503,28.57,13,500,61.59,0,0,0,0.1,285,6.4,214,18 piece,7
Infant Formula Abbott Nutrition Similac For Spit Up Powder With Ara And Dha,Baby Foods,514,27.75,0,154,55,0,55,11,7.7,432,9.3,550,1 scoop,9.5
Beef Tallow,Fats and Oils,902,100,109,0,0,0,0,0,0.7,0,0,0,1 tbsp,12.8
Lard,Fats and Oils,902,100,95,0,0,0,0,0,2.5,0,0,0,1 tbsp,12.8
Thousand Island,Fats and Oils,379,35.06,26,962,14.64,0.8,15.18,1.09,0,17,1.18,107,1 tbsp,16
Mayonnaise Salad Dressing,Fats and Oils,250,21.6,19,653,14.78,0,10.02,0.65,0,5,0.12,36,1 tbsp,14.7
Salad Dressing French Dressing Reduced Fat,Fats and Oils,222,11.52,0,838,31.22,1.5,16.86,0.58,0,11,0.73,107,1 tablespoon,16
Italian Salad Dressing,Fats and Oils,102,6.68,0,891,9.99,0,9.16,0.39,0,15,0.25,90,1 tablespoon,15
Salad Dressing Mayonnaise Imitation Soybean,Fats and Oils,232,19.2,24,497,16,0,6,0.3,0,0,0,10,1 tbsp,15
Salad Dressing Mayonnaise Imitation Milk Cream,Fats and Oils,97,5.1,43,504,11.1,0,NULL,2.1,NULL,72,0.5,97,1 tablespoon,15
Salad Dressing Mayonnaise Imitation Soybean Without Cholesterol,Fats and Oils,482,47.7,0,353,15.8,0,6,0.1,0,0,0.01,10,1 tablespoon,14.1
Sandwich Spread With Chopped Pickle Regular Unspecified Oils,Fats and Oils,389,34,76,1000,22.4,0.4,15.18,0.9,0.1,14,0.2,35,1 tablespoon,15
Peanut Oil,Fats and Oils,884,100,0,0,0,0,0,0,0,0,0.03,0,1 tbsp,13.5
Soybean Oil,Fats and Oils,884,100,0,0,0,0,0,0,0,0,0.05,0,1 tbsp,13.6
Coconut Oil,Fats and Oils,892,99.06,0,0,0,0,0,0,0,1,0.05,0,1 tbsp,13.6
Olive Oil,Fats and Oils,884,100,0,2,0,0,0,0,0,1,0.56,1,1 tablespoon,13.5
Salad Dressing French Dressing Commercial Regular,Fats and Oils,419,39.07,0,661,18.79,2.4,17.43,0.87,0,27,0.32,108,1 tbsp,16
Margarine-Like Vegetable Oil Spread Unspecified Oils Approximately 37% Fat With Salt,Fats and Oils,349,37.98,0,584,1.52,0,0,0.23,17.5,6,0.04,51,1 tbsp,14.9
Salad Dressing French Home Recipe,Fats and Oils,631,70.2,0,658,3.4,0,NULL,0.1,NULL,6,0.2,24,1 tablespoon,14
Salad Dressing Home Recipe Vinegar And Oil,Fats and Oils,449,50.1,0,1,2.5,0,2.5,0,0,0,0,8,1 tablespoon,16
Salad Dressing Mayonnaise Soybean Oil Without Salt,Fats and Oils,717,79.4,59,30,2.7,0,NULL,1.1,NULL,18,0.5,34,1 tablespoon,13.8
Salad Dressing French Cottonseed Oil Home Recipe,Fats and Oils,631,70.2,0,658,3.4,0,NULL,0.1,NULL,6,0.2,24,1 tablespoon,14
Salad Dressing French Dressing Fat-Free,Fats and Oils,132,0.27,0,853,32.14,2.2,16.45,0.2,0,5,0.58,84,1 tablespoon,16
Cocoa Butter,Fats and Oils,884,100,0,0,0,0,0,0,NULL,0,0,0,1 tablespoon,13.6
Palm Kernel Oil,Fats and Oils,862,100,0,0,0,0,0,0,0,0,0,0,1 tablespoon,13.6
Poppyseed Oil,Fats and Oils,884,100,0,0,0,0,0,0,NULL,0,0,0,1 tablespoon,13.6
Tomatoseed Oil,Fats and Oils,884,100,0,0,0,0,0,0,NULL,0,0,0,1 tablespoon,13.6
Teaseed Oil,Fats and Oils,884,100,0,0,0,0,0,0,NULL,0,0,0,1 tablespoon,13.6
Soybean Lecithin,Fats and Oils,763,100,0,0,0,0,0,0,0,0,0,0,1 tablespoon,13.6
Hazelnut Oil,Fats and Oils,884,100,0,0,0,0,0,0,NULL,0,0,0,1 tablespoon,13.6
Oil Babassu,Fats and Oils,884,100,0,0,0,0,0,0,NULL,0,0,0,1 tbsp,13.6
Oil Sheanut,Fats and Oils,884,100,0,0,0,0,0,0,NULL,0,0,0,1 tablespoon,13.6
Oil Pam Cooking Spray Original,Fats and Oils,792,78.69,0,59,20.69,0,0,0.26,0,0,0,0,1 spray  about 1/3 second (1 nlea serving),0.3
Margarine Margarine-Like Vegetable Oil Spread 67-70% Fat Tub,Fats and Oils,606,68.29,NULL,536,0.59,NULL,NULL,0.07,NULL,NULL,NULL,NULL,1 tbsp (1 nlea serving),14
Margarine 80% Fat Tub Canola Harvest Soft Spread (Canola Palm And Palm Kernel Oils),Fats and Oils,730,80.32,NULL,714,1.39,NULL,NULL,0.41,NULL,NULL,NULL,NULL,1 tablespoon (1 nlea serving),14
Oil Cooking And Salad Enova 80% Diglycerides,Fats and Oils,884,100,NULL,0,0,NULL,NULL,0,NULL,NULL,NULL,NULL,1 tbsp (1 nlea serving),14
Margarine-Like Vegetable Oil Spread Approximately 37% Fat Unspecified Oils With Salt With Added Vitamin D,Fats and Oils,339,37.77,0,589,0.66,0,0,0.51,10.7,6,0.02,34,1 tbsp,14.9
Margarine Regular 80% Fat Composite Stick With Salt With Added Vitamin D,Fats and Oils,717,80.71,0,751,0.7,0,0,0.16,10.7,3,0.06,18,1 tablespoon,14
Margarine Regular 80% Fat Composite Tub With Salt With Added Vitamin D,Fats and Oils,713,80.17,0,657,0.75,0,0,0.22,10.7,3,0,17,1 tbsp,14
Margarine-Like Vegetable Oil Spread 60% Fat Stick With Salt With Added Vitamin D,Fats and Oils,537,60.39,0,785,0.69,0,0,0.12,10.7,21,0,30,1 tbsp,14
Oil Industrial Soy Low Linolenic,Fats and Oils,900,100,0,0,0,0,0,0,0,0,0.05,0,1 tablespoon,14
Oil Industrial Soy Ultra Low Linolenic,Fats and Oils,884,100,0,0,0,0,0,0,0,0,0.05,0,1 tablespoon,13.6
Oil Industrial Soy Fully Hydrogenated,Fats and Oils,884,100,0,0,0,0,0,0,0,0,0.05,0,1 tablespoon,13.6
Oil Industrial Cottonseed Fully Hydrogenated,Fats and Oils,884,100,0,0,0,0,0,0,0,0,0,0,1 tablespoon,13.6
Oil Flaxseed Contains Added Sliced Flaxseed,Fats and Oils,878,99.01,0,6,0.39,NULL,NULL,0.37,NULL,9,0.34,31,1 tablespoon,13.7
Mayonnaise Reduced Fat With Olive Oil,Fats and Oils,361,40,33,800,0,0,0,0.37,0,0,0,31,1 tbsp,15
Salad Dressing Mayonnaise-Type Light,Fats and Oils,158,10,0,833,16.4,0,6.67,0.65,0,5,0.12,36,,NULL
Chicken Broiler Rotisserie BBQ Breast Meat Only,Meats,144,3.57,86,328,0,0,0,28.04,0,13,0.46,284,3 oz,85
Chicken Broilers Or Fryers Meat And Skin And Giblets And Neck Stewed,Meats,216,12.37,97,66,0.06,0,NULL,24.49,NULL,14,1.53,163,3 oz,85
Chicken Broilers Or Fryers Meat And Skin Raw,Meats,215,15.06,75,70,0,0,0,18.6,0.2,11,0.9,189,3 oz,85
Chicken Broilers Or Fryers Meat And Skin Cooked Fried Batter,Meats,289,17.35,87,292,9.42,0.3,0,22.54,0.2,21,1.37,185,3 oz,85
Chicken Broilers Or Fryers Meat And Skin Cooked Fried Flour,Meats,269,14.92,90,84,3.15,0.1,0,28.56,0.1,17,1.38,234,3 oz,85
Chicken Broilers Or Fryers Meat And Skin Cooked Roasted,Meats,239,13.6,88,82,0,0,0,27.3,0,15,1.26,223,1 cup chopped or diced,140
Chicken Broilers Or Fryers Meat Only Stewed,Meats,177,6.71,83,70,0,0,0,27.29,0.1,14,1.17,180,1 cup chopped or diced,140
Chicken Broilers Or Fryers Skin Only Raw,Meats,349,32.35,109,63,0,0,0,13.33,0.6,11,1.08,103,1 unit (yield from 1 lb ready-to-cook chicken),47
Chicken Broilers Or Fryers Skin Only Cooked Fried Batter,Meats,394,28.83,74,581,23.15,NULL,NULL,10.32,0.2,26,1.43,75,1 unit (yield from 1 lb ready-to-cook chicken),114
Chicken Broilers Or Fryers Skin Only Cooked Fried Flour,Meats,502,42.58,73,53,9.34,NULL,NULL,19.09,NULL,14,1.52,125,1 unit (yield from 1 lb ready-to-cook chicken),33
Chicken Broilers Or Fryers Giblets Cooked Simmered,Meats,157,4.5,442,67,0,0,0,27.15,0,14,7.04,224,1 cup chopped or dice,145
Chicken Gizzard All Classes Raw,Meats,94,2.06,240,69,0,0,0,17.66,NULL,11,2.49,237,1 oz,28.4
Chicken Gizzard All Classes Cooked Simmered,Meats,154,2.68,370,56,0,0,0,30.39,0,17,3.19,179,1 cup chopped or dice,145
Chicken Heart All Classes Raw,Meats,153,9.33,136,74,0.71,0,NULL,15.55,NULL,12,5.96,176,1 heart,6.1
Chicken Broilers Or Fryers Light Meat Meat And Skin Cooked Fried Batter,Meats,277,15.44,84,287,9.5,NULL,NULL,23.55,NULL,20,1.26,185,1 unit (yield from 1 lb ready-to-cook chicken),113
Chicken Broilers Or Fryers Light Meat Meat And Skin Cooked Fried Flour,Meats,246,12.09,87,77,1.82,0.1,0,30.45,0.1,16,1.21,239,1 unit (yield from 1 lb ready-to-cook chicken),78
Chicken Broilers Or Fryers Light Meat Meat And Skin Cooked Roasted,Meats,222,10.85,84,75,0,0,NULL,29.02,NULL,15,1.14,227,1 unit (yield from 1 lb ready-to-cook chicken),79
Chicken Broilers Or Fryers Light Meat Meat And Skin Cooked Stewed,Meats,201,9.97,74,63,0,0,NULL,26.14,NULL,13,0.98,167,1 unit (yield from 1 lb ready-to-cook chicken),90
Chicken Broilers Or Fryers Dark Meat Meat And Skin Raw,Meats,237,18.34,81,73,0,0,0,16.69,NULL,11,0.98,178,3 oz,85
Chicken Broilers Or Fryers Light Meat Meat Only Raw,Meats,114,1.65,58,68,0,0,0,23.2,NULL,12,0.73,239,1 unit (yield from 1 lb ready-to-cook chicken),88
Chicken Broilers Or Fryers Light Meat Meat Only Cooked Fried,Meats,192,5.54,90,81,0.42,0,NULL,32.82,NULL,16,1.14,263,1 cup,140
Chicken Broilers Or Fryers Light Meat Meat Only Cooked Roasted,Meats,173,4.51,85,77,0,0,0,30.91,0.1,15,1.06,247,1 cup chopped or diced,140
Chicken Broilers Or Fryers Light Meat Meat Only Cooked Stewed,Meats,159,3.99,77,65,0,0,0,28.88,0.1,13,0.93,180,1 cup chopped or diced,140
Chicken Broilers Or Fryers Separable Fat Raw,Meats,629,67.95,58,32,0,0,0,3.73,3.3,7,0.7,64,1 tbsp,12.8
Chicken Broilers Or Fryers Back Meat And Skin Raw,Meats,319,28.74,79,64,0,0,0,14.05,NULL,13,0.94,144,1 unit (yield from 1 lb ready-to-cook chicken),59
Chicken Broilers Or Fryers Back Meat And Skin Cooked Fried Batter,Meats,331,21.91,88,317,10.25,NULL,NULL,21.97,NULL,26,1.49,180,1 unit (yield from 1 lb ready-to-cook chicken),72
Chicken Broilers Or Fryers Back Meat And Skin Cooked Fried Flour,Meats,331,20.74,89,90,6.5,NULL,NULL,27.79,NULL,24,1.62,226,1 unit (yield from 1 lb ready-to-cook chicken),44
Chicken Broilers Or Fryers Back Meat Only Cooked Roasted,Meats,239,13.16,90,96,0,0,0,28.19,0.1,24,1.39,237,1 unit (yield from 1 lb ready-to-cook chicken),24
Chicken Broilers Or Fryers Back Meat Only Cooked Stewed,Meats,209,11.19,85,67,0,0,0,25.31,0.1,21,1.27,158,1 unit (yield from 1 lb ready-to-cook chicken),26
Chicken Broilers Or Fryers Breast Meat And Skin Raw,Meats,172,9.25,64,63,0,0,0,20.85,0.4,11,0.74,220,1/2 breast bone removed (yield from 1 lb ready-to-cook chicken),87
Chicken Broilers Or Fryers Breast Meat And Skin Cooked Fried Batter,Meats,260,13.2,85,275,8.99,0.3,0,24.84,0.1,20,1.25,201,1 unit (yield from 1 lb ready-to-cook chicken),84
Chicken Broilers Or Fryers Breast Meat And Skin Cooked Fried Flour,Meats,222,8.87,89,76,1.64,0.1,NULL,31.84,NULL,16,1.19,259,1 unit (yield from 1 lb ready-to-cook chicken),59
Roasted Chicken Breast,Meats,165,3.57,85,74,0,0,0,31.02,0.1,15,1.04,256,1 cup chopped or diced,140
Chicken Broilers Or Fryers Breast Meat Only Cooked Stewed,Meats,151,3.03,77,63,0,0,0,28.98,0.1,13,0.88,187,1 cup chopped or diced,140
Roasted Turkey,Meats,189,7.39,109,103,0.06,0,0,28.55,0.4,14,1.09,239,3 oz,85
Turkey Whole Meat Only Raw,Meats,115,1.93,67,118,0.14,0,0.07,22.64,0.2,11,0.86,235,3 oz,85
Roast Turkey (Without Skin),Meats,159,3.84,101,101,0,0,0,29.06,0.3,13,1.03,239,3 oz,85
Turkey Skin From Whole (Light And Dark) Raw,Meats,407,38.93,122,62,0.16,0,0.1,12.96,1.1,13,0.85,124,1 oz,28.4
Turkey Gizzard All Classes Cooked Simmered,Meats,155,4.64,452,127,0,0,0,26.45,0,17,3.68,193,1 gizzard cooked,45
Turkey Heart All Classes Raw,Meats,140,7.44,225,129,0.4,0,0,16.7,0.4,18,3.7,179,1 piece,24
Turkey Heart All Classes Cooked Simmered,Meats,174,7.52,359,140,0,0,0,24.88,0,21,6.96,203,1 heart,20
Turkey Liver All Classes Raw,Meats,128,5.5,415,131,0,0,0,18.26,1.3,20,8.94,214,1 raw liver,78
Turkey Liver All Classes Cooked Simmered,Meats,189,8.18,648,98,0,0,0,27,NULL,19,1.79,153,1 liver cooked,53
Turkey Dark Meat Meat And Skin Raw,Meats,166,8.97,87,113,0.15,0,0.1,19.81,0.5,11,1,208,1 oz,28.4
Turkey Dark Meat From Whole Meat And Skin Cooked Roasted,Meats,206,9.95,134,105,0.07,0,0,27.27,0.4,17,1.45,228,1 serving,85
Turkey From Whole Light Meat Raw,Meats,114,1.48,57,113,0.14,0,0.05,23.66,0.1,11,0.73,242,1 serving,85
Roasted Turkey Light Meat,Meats,147,2.08,80,99,0,0,0,30.13,0.3,9,0.71,249,1 serving,85
Turkey All Classes Breast Meat And Skin Cooked Roasted,Meats,189,7.41,74,63,0,0,NULL,28.71,NULL,21,1.4,288,1 unit (yield from 1 lb ready-to-cook turkey),112
Turkey All Classes Leg Meat And Skin Raw,Meats,144,6.72,71,74,0,0,NULL,19.54,NULL,17,1.72,273,1 unit (yield from 1 lb ready-to-cook turkey),105
Turkey All Classes Leg Meat And Skin Cooked Roasted,Meats,208,9.82,85,77,0,0,0,27.87,0.1,32,2.3,280,1 unit (yield from 1 lb ready-to-cook turkey),71
Turkey All Classes Wing Meat And Skin Raw,Meats,197,12.32,70,55,0,0,NULL,20.22,NULL,14,1.26,240,1 unit (yield from 1 lb ready-to-cook turkey),33
Roasted Turkey Breast,Meats,147,2.08,80,99,0,0,0,30.13,0.3,9,0.71,249,3 oz,85
Turkey Wing From Whole Bird Meat Only Raw,Meats,115,1.48,57,113,0.14,0,0.05,23.66,0.1,11,0.73,242,3 oz,85
Turkey Wing From Whole Bird Meat Only Roasted,Meats,147,2.08,80,99,0,0,0,30.13,0.3,9,0.71,249,3 oz,85
Turkey Young Hen Skin Only Cooked Roasted,Meats,482,44.45,106,44,0,0,NULL,19.03,NULL,32,1.82,155,1 unit (yield from 1 lb ready-to-cook turkey),31
Turkey And Gravy Frozen,Meats,67,2.63,18,554,4.61,0,NULL,5.88,NULL,14,0.93,61,3 oz,85
Turkey Breast Pre-Basted Meat And Skin Cooked Roasted,Meats,126,3.46,42,397,0,0,NULL,22.16,NULL,9,0.66,248,3 oz,85
Turkey Thigh Pre-Basted Meat And Skin Cooked Roasted,Meats,157,8.54,62,437,0,0,NULL,18.8,NULL,8,1.51,241,3 oz,85
Turkey Roast Boneless Frozen Seasoned Light And Dark Meat Raw,Meats,120,2.2,53,678,6.4,0,NULL,17.6,NULL,1,2.1,360,3 oz,85
Turkey Mechanically Deboned From Turkey Frames Raw,Meats,201,15.96,95,48,0,0,NULL,13.29,NULL,145,1.61,173,1/2 lb,227
Ground Turkey Raw,Meats,148,7.66,69,58,0,0,0,19.66,0.4,19,1.09,237,1 lb,453.6
Ground Turkey Cooked,Meats,203,10.4,93,78,0,0,0,27.37,0.2,28,1.52,294,1 patty (4 oz raw) (yield after cooking),82
Chicken Cornish Game Hens Meat And Skin Raw,Meats,200,14.02,101,61,0,0,0,17.15,NULL,11,0.78,236,3 oz,85
Chicken Wing Frozen Glazed Barbecue Flavored Heated (Microwave),Meats,248,13.9,156,837,3.84,0.9,2.1,25.34,NULL,38,2.74,254,1 serving,74
Chicken Broilers Or Fryers Breast Skinless Boneless Meat Only With Added Solution Raw,Meats,108,3,64,173,0,0,0,20.32,0,5,0.34,332,3 oz,85
Duck Young Duckling Domesticated White Pekin Breast Meat And Skin Boneless Cooked Roasted,Meats,202,10.85,136,84,0,NULL,NULL,24.5,NULL,8,3.26,NULL,1 unit (yield from 1 lb ready-to-cook duck),56
Duck Young Duckling Domesticated White Pekin Breast Meat Only Boneless Cooked Without Skin Broiled,Meats,140,2.5,143,105,0,NULL,NULL,27.6,NULL,9,4.49,NULL,3 oz,85
Chicken Patty Frozen Uncooked,Meats,292,20.04,45,518,13.61,1.2,0,14.33,NULL,20,0.93,248,1 patty,60
Chicken Patty Frozen Cooked,Meats,287,19.58,43,532,12.84,0.3,0,14.85,0.3,19,0.95,261,1 patty,60
Chicken Breast Tenders Breaded Cooked Microwaved,Meats,252,12.89,45,446,17.56,0,0,16.35,NULL,14,1,225,1 piece,15
Chicken Breast Tenders Breaded Uncooked,Meats,263,15.75,41,536,15.01,1.1,0.37,14.73,0.2,19,1.11,214,1 piece,15
Chicken Broiler Rotisserie BBQ Wing Meat Only,Meats,186,7.79,134,725,0.54,0,0.53,28.34,0,32,0.97,322,1 wing,51
Chicken Broilers Or Fryers Back Meat Only Cooked Rotisserie Original Seasoning,Meats,205,11.54,123,661,0,0,0,25.34,NULL,38,0.97,309,1 serving (3 oz),85
Chicken Broilers Or Fryers Breast Meat Only Cooked Rotisserie Original Seasoning,Meats,137,2.79,86,313,0,0,0,28,0,13,0.45,303,3 oz,85
Chicken Broilers Or Fryers Drumstick Meat Only Cooked Rotisserie Original Seasoning,Meats,176,6.81,160,417,0,0,0,28.74,NULL,21,1.09,301,1 drumstick,53
Chicken Broilers Or Fryers Skin Only Cooked Rotisserie Original Seasoning,Meats,406,37.24,141,381,0.11,0,0.11,17.66,NULL,25,0.98,245,1 oz,28.4
Chicken Broilers Or Fryers Drumstick Meat And Skin Cooked Rotisserie Original Seasoning,Meats,215,11.98,156,411,0.02,0,0.02,26.86,NULL,21,1.07,291,1 drumstick,53
Chicken Broilers Or Fryers Thigh Meat And Skin Cooked Rotisserie Original Seasoning,Meats,233,15.7,132,345,0.02,0,0.02,22.93,NULL,15,0.97,260,1 thigh,89
Chicken Broilers Or Fryers Wing Meat And Skin Cooked Rotisserie Original Seasoning,Meats,266,18.77,140,610,0.04,0,0.04,24.34,NULL,29,0.97,296,1 wing,53
Chicken Broiler Rotisserie BBQ Skin,Meats,378,35.15,120,335,0.7,0,0.7,15.19,0,34,0.86,223,1 serving,85
Turkey Drumstick From Whole Bird Meat Only With Added Solution Raw,Meats,115,4.12,79,167,0.15,0,0.1,19.27,0.3,15,0.9,226,4 oz,114
Turkey Wing From Whole Bird Meat Only With Added Solution Raw,Meats,102,1.66,54,206,0.14,0,0.05,21.54,0.1,14,0.54,242,3 oz,85
Turkey Wing From Whole Bird Meat Only With Added Solution Roasted,Meats,127,2.08,69,238,0,0,0,26.97,0.3,13,0.55,249,3 oz,85
Turkey Retail Parts Breast Meat And Skin Raw,Meats,155,7.45,63,72,0,0,0,21.88,0.3,9,0.77,247,3 oz,85
Turkey Retail Parts Breast Meat And Skin Cooked Roasted,Meats,164,5.33,79,114,0.05,0,0,29.01,0.3,15,1.03,292,3 oz,85
Roasted Turkey Drumstick,Meats,139,2.08,80,99,0,0,0,30.13,0.3,9,0.71,249,3 oz,85
Turkey Thigh From Whole Bird Meat Only Raw,Meats,108,2.5,79,124,0.15,0,0.1,21.28,0.3,11,1.04,226,3 oz,85
Roasted Turkey Thigh,Meats,165,6.04,128,104,0,0,0,27.71,0.3,17,1.43,227,3 oz,85
Turkey Retail Parts Thigh Meat And Skin Raw,Meats,161,9.16,83,75,0,0,0,19.54,0.5,4,1.31,239,3 oz,85
Chicken Broiler Or Fryers Breast Skinless Boneless Meat Only Cooked Grilled,Meats,151,3.17,104,52,0,0,0,30.54,0,5,0.45,391,3 oz,85
Chicken Broiler Or Fryers Breast Skinless Boneless Meat Only With Added Solution Cooked Braised,Meats,145,3.61,99,172,0,0,0,28.24,0,5,0.43,313,3 oz,85
Chicken Broiler Or Fryers Breast Skinless Boneless Meat Only With Added Solution Cooked Grilled,Meats,148,3.39,106,215,0,0,0,29.5,0,6,0.43,420,3 oz,85
Soup Cream Of Asparagus Canned Condensed,Soups and Sauces,69,3.26,4,669,8.52,0.4,0.72,1.82,0,23,0.64,138,1/2 cup (4 fl oz),126
Soup Beef Broth Or Bouillon Canned Ready-To-Serve,Soups and Sauces,7,0.22,0,372,0.04,0,0,1.14,0,6,0.17,54,1 cup,240
Soup Beef Noodle Canned Condensed,Soups and Sauces,67,2.46,4,653,7.16,0.6,2.06,3.85,0,12,0.88,79,1/2 cup,125
Soup Cream Of Celery Canned Condensed,Soups and Sauces,72,4.46,11,516,7.03,0.6,1.35,1.32,0,32,0.5,98,1/2 cup,126
Soup Cheese Canned Condensed,Soups and Sauces,82,3.92,3,692,11.3,2.2,3.73,0.8,0,36,0.15,37,1/2 cup,124
Soup Chicken Broth Canned Condensed,Soups and Sauces,31,1.04,1,621,0.75,0,0.35,4.42,0,6,0.41,170,1/2 cup (4 fl oz),126
Soup Chicken Noodle Canned Condensed,Soups and Sauces,48,1.55,8,681,6.07,0.9,0,2.37,0,6,0.67,48,1/2 cup,124
Soup Chicken Rice Canned Chunky Ready-To-Serve,Soups and Sauces,53,1.33,5,370,5.41,0.4,0.6,5.11,0,14,0.78,45,1 cup,240
Soup Chicken With Rice Canned Condensed,Soups and Sauces,68,1.56,4,645,11.57,0.9,0.23,1.84,0,41,0.25,34,1/2 cup,126
Soup Chicken And Vegetable Canned Ready-To-Serve,Soups and Sauces,33,0.73,3,229,4.68,0.9,1.01,1.97,0,14,0.25,133,1 cup,255
Soup Clam Chowder New England Canned Condensed,Soups and Sauces,72,2.06,6,516,10.32,0.7,0.38,3.17,0,16,2.48,221,1/2 cup,126
Soup Beef Broth Bouillon And Consomme Canned Condensed,Soups and Sauces,11,0,0,694,0.32,0,0,2.52,NULL,7,0.43,125,1/2 cup,124
Soup Lentil With Ham Canned Ready-To-Serve,Soups and Sauces,56,1.12,3,532,8.16,NULL,NULL,3.74,NULL,17,1.07,144,1 cup (8 fl oz),248
Canned Minestrone,Soups and Sauces,53,1.17,2,288,8.64,2.4,2.17,2.13,0,25,0.74,255,1 cup,240
Soup Onion Canned Condensed,Soups and Sauces,46,1.42,0,516,6.68,0.7,2.72,3.06,0,22,0.55,56,1/2 cup (4 fl oz),123
Soup Cream Of Onion Canned Condensed,Soups and Sauces,88,4.2,12,637,10.4,0.4,3.64,2.2,0,27,0.5,98,1/2 cup,126
Soup Oyster Stew Canned Condensed,Soups and Sauces,48,3.13,11,722,3.32,0,NULL,1.72,NULL,18,0.8,40,1/2 cup (4 fl oz),123
Soup Pea Green Canned Condensed,Soups and Sauces,125,2.23,0,680,20.18,3.9,6.52,6.54,0,21,1.48,145,1/2 cup,128
Soup Pea Split With Ham Canned Chunky Ready-To-Serve,Soups and Sauces,77,1.66,3,301,11.17,1.7,1.91,4.62,0,14,0.89,127,1 cup,240
Campbells Red And White Chicken Noodle Soup Condensed,Soups and Sauces,47,1.53,8,683,5.97,NULL,0,2.37,NULL,6,0.69,44,1/2 cup,123
Soup Tomato Rice Canned Condensed,Soups and Sauces,93,2.12,1,635,17.08,1.3,5.9,1.64,0,18,0.62,257,1/2 cup (4 fl oz),129
Soup Turkey Chunky Canned Ready-To-Serve,Soups and Sauces,57,1.87,4,391,5.96,NULL,NULL,4.33,NULL,21,0.81,153,1 cup (8 fl oz),236
Soup Chunky Vegetable Canned Ready-To-Serve,Soups and Sauces,39,0.36,0,267,7.9,1.1,1.56,1.14,0,18,0.51,180,1 cup,230
Soup Beef Broth Or Bouillon Powder Dry,Soups and Sauces,213,8.89,10,26000,17.4,0,16.71,15.97,0,60,1,446,1 cube,3.6
Soup Beef Broth Cubed Dry,Soups and Sauces,170,4,4,24000,16.1,0,14.51,17.3,0,60,2.23,403,1 cube,3.6
Soup Chicken Broth Or Bouillon Dry,Soups and Sauces,267,13.88,13,23875,18.01,0,17.36,16.66,0,187,1.03,309,1 cube,4
Soup Chicken Broth Cubes Dry,Soups and Sauces,198,4.7,13,24000,23.5,0,0,14.6,NULL,190,1.87,374,1 cube,4.8
Gravy Beef Canned Ready-To-Serve,Soups and Sauces,53,2.36,3,633,4.81,0.4,0.21,3.75,0,6,0.7,81,1 cup,233
Gravy Brown Dry,Soups and Sauces,367,9.61,3,4843,59.38,2,NULL,10.74,NULL,132,1.72,262,1 tbsp,6
Gravy Chicken Canned Or Bottled Ready-To-Serve,Soups and Sauces,48,2.62,5,389,5.29,0.1,0.3,0.71,0,10,0.09,42,1/4 cup,57
Gravy Chicken Dry,Soups and Sauces,381,9.73,19,4152,62.09,NULL,NULL,11.27,NULL,146,1.33,404,1 tbsp,8
Gravy Turkey Canned Ready-To-Serve,Soups and Sauces,51,2.1,2,577,5.1,0.4,0.21,2.6,0,4,0.7,109,1 cup,238
Gravy Turkey Dry,Soups and Sauces,367,7.19,14,4392,65.12,NULL,NULL,10.42,NULL,146,3.29,428,1 serving,7
Gravy Unspecified Type Dry,Soups and Sauces,344,8,4,5730,58,NULL,NULL,13,NULL,150,1,262,1 cup (8 fl oz),25
Soup Chicken Noodle Dry Mix,Soups and Sauces,377,6.51,74,3161,62.32,3.2,1.9,15.42,0,55,2.44,306,1 packet,74
Soup Beef Mushroom Canned Prepared With Equal Volume Water,Soups and Sauces,30,1.23,3,386,2.6,0.1,NULL,2.37,NULL,2,0.36,63,1 cup (8 fl oz),244
Soup Chicken Mushroom Canned Prepared With Equal Volume Water,Soups and Sauces,54,3.75,4,327,3.8,0.1,NULL,1.8,NULL,12,0.36,63,1 cup (8 fl oz),244
Soup Tomato Bisque Canned Prepared With Equal Volume Water,Soups and Sauces,50,1.02,2,424,9.6,0.2,NULL,0.92,NULL,16,0.33,169,1 cup (8 fl oz),247
Sauce Peanut Made From Coconut Water Sugar Peanuts,Soups and Sauces,179,6.34,0,319,28.46,1.1,18.8,2.02,0,9,0.38,99,1 tbsp,17
Smart Soup Santa Fe Corn Chowder,Soups and Sauces,55,0.71,0,131,11.2,2,3.6,2,NULL,23,1,NULL,10 oz 1 pouch,283
Smart Soup French Lentil,Soups and Sauces,53,1.06,0,131,9.5,2.9,2.6,2.9,NULL,23,1,NULL,10 oz 1 pouch,283
Smart Soup Greek Minestrone,Soups and Sauces,40,0.53,0,138,8.4,2.7,2.7,1.7,NULL,21,1,NULL,10 oz 1 pouch,283
Pesto,Soups and Sauces,418,37.6,NULL,603,10.09,1.8,6.33,9.83,NULL,306,0.57,560,1/4 cup,63
Sauce Pesto Ready-To-Serve Shelf Stable,Soups and Sauces,426,42.42,NULL,998,6.14,1.7,1.92,5,NULL,173,0.88,205,1/4 cup,61
Sauce Pesto Buitoni Pesto With Basil Ready-To-Serve Refrigerated,Soups and Sauces,418,37.6,NULL,603,10.09,1.8,6.33,9.83,NULL,306,0.57,560,1/4 cup,63
Sauce Pesto Classico Basil Pesto Ready-To-Serve,Soups and Sauces,372,36.38,NULL,1028,6.93,2.1,2.6,4.16,NULL,166,0.71,195,1/4 cup,62
Vegetable Broth,Soups and Sauces,5,0.07,0,296,0.93,0,0.55,0.24,0,3,0.06,19,1 cup,221
Sauce Cheese Sauce Mix Dry,Soups and Sauces,438,18.33,23,3202,60.52,1,10.26,7.68,NULL,204,0.5,428,,NULL
Soup Chicken Corn Chowder Chunky Ready-To-Serve Single Brand,Soups and Sauces,99,6.3,11,299,7.5,0.9,NULL,3.1,NULL,NULL,NULL,NULL,1 serving,240
Soup Bean With Bacon Condensed Single Brand,Soups and Sauces,117,2.1,3,672,18,4.6,NULL,6.5,NULL,NULL,1.37,NULL,1 serving 1/2 cup,128
Soup Tomato Canned Condensed Reduced Sodium,Soups and Sauces,65,0.56,0,22,13.41,1.2,8.11,1.61,0,13,1.11,229,1 serving 1/2 cup,121
Gravy Brown Instant Dry,Soups and Sauces,380,11.85,12,5053,59.78,3.2,9.23,8.53,0,116,7.4,367,1 serving,6.7
Gravy Instant Beef Dry,Soups and Sauces,369,9.48,11,5203,61.1,4.3,23.9,9.8,0,141,6.27,450,1 serving,6.7
Gravy Instant Turkey Dry,Soups and Sauces,409,14.66,24,4090,57.56,3.8,7.6,11.72,0,115,9.57,306,1 serving,6.7
Soup Tomato Low Sodium With Water,Soups and Sauces,30,0.28,0,33,6.57,0.6,3.97,0.79,0,8,0.54,112,1 serving 1 cup,248
Soup Pea Low Sodium Prepared With Equal Volume Water,Soups and Sauces,62,1.09,0,10,9.88,1.9,3.19,3.2,0,12,0.73,71,1 cup,259
Soup Chicken Noodle Low Sodium Canned Prepared With Equal Volume Water,Soups and Sauces,25,0.95,5,173,2.95,0.2,0.27,1.27,0,6,0.66,22,1 serving 1 cup,248
Soup Vegetable Soup Condensed Low Sodium Prepared With Equal Volume Water,Soups and Sauces,33,0.45,0,194,6.06,1.1,2.15,1.1,0,12,0.33,217,1 cup,253
Sauce Tomato Chili Sauce Bottled With Salt,Soups and Sauces,92,0.3,0,1338,19.79,2.4,13.33,2.5,0,20,0.8,370,1 packet,6
Soup Vegetable Chicken Canned Prepared With Water Low Sodium,Soups and Sauces,69,2,7,35,8.76,0.4,1.42,5.1,0,11,0.61,153,1 cup,241
Sauce Pasta Spaghetti/marinara Ready-To-Serve Low Sodium,Soups and Sauces,51,1.48,2,30,8.06,1.8,5.5,1.41,0,27,0.78,319,1 serving 1/2 cup,128
Gravy Meat Or Poultry Low Sodium Prepared,Soups and Sauces,53,2.4,3,18,6.16,0.3,0.01,3.8,0,6,0.7,81,1 cup,236
Gravy Heinz Home Style Savory Beef,Soups and Sauces,39,1.13,2,587,6.24,0.7,0.52,1.09,NULL,6,0.13,22,1 serving 1/4 cup 2 oz,57
Gravy Campbells Chicken,Soups and Sauces,51,2.73,6,424,5.87,NULL,0.94,0.79,NULL,12,0.12,55,1/4 cup,56
Barbecue Loaf Pork Beef,Meats,173,8.9,37,1334,6.4,0,NULL,15.84,0.9,55,1.16,329,1 oz,28.4
Soup Cream Of Chicken Canned Condensed Reduced Sodium,Soups and Sauces,58,1.3,6,357,9.5,0.4,0.39,1.8,0,11,0.2,272,1/2 cup,124
Sauce Alfredo Mix Dry,Soups and Sauces,535,36.35,56,2590,36.52,2,5.4,15.32,NULL,467,0.94,254,,NULL
Sauce Peppers Hot Chili Mature Red Canned,Soups and Sauces,21,0.6,0,25,3.9,0.7,2.55,0.9,0,9,0.5,564,1 tbsp,15
Sauce Chili Peppers Hot Immature Green Canned,Soups and Sauces,20,0.1,0,25,5,1.9,2.55,0.7,0,5,0.4,564,1 tbsp,15
Fish Broth,Soups and Sauces,16,0.6,0,200,0.4,0,0.09,2,0,30,0.21,86,1 cup,244
Soup Cream Of Mushroom Low Sodium Ready-To-Serve Canned,Soups and Sauces,53,3.7,1,20,4.53,0.2,1.72,1,0,19,0.21,41,1 cup,244
Potato Soup Instant Dry Mix,Soups and Sauces,343,3.1,12,2400,76.14,7.6,10,9.2,0,172,2.38,1248,1 serving 1/3 cup,39
Soup Chicken Broth Low Sodium Canned,Soups and Sauces,16,0.6,0,30,1.2,0,0.13,2,0,4,0.21,86,1 cup,240
Worcestershire Sauce,Soups and Sauces,77,0,0,1300,19.17,0,10.03,0,0,107,5.3,800,1 tbsp,17
Soup Beef And Mushroom Low Sodium Chunk Style,Soups and Sauces,69,2.3,6,25,9.58,0.2,0.84,4.3,0,13,0.97,140,1 cup,251
Soup Beef Stroganoff Canned Chunky Style Ready-To-Serve,Soups and Sauces,98,4.6,21,435,9,0.6,1.68,5.1,0,20,0.88,140,1 cup,240
Soup Bouillon Cubes And Granules Low Sodium Dry,Soups and Sauces,438,13.89,13,1067,64.88,0.2,14.47,16.7,0,187,1.03,309,1 tsp,2.6
Soup Ramen Noodle Beef Flavor Dry,Soups and Sauces,441,17.73,NULL,1727,60.34,3,1.99,10.06,NULL,21,3.93,177,1 package without flavor packet,82
Soup Ramen Noodle Chicken Flavor Dry,Soups and Sauces,439,17.52,NULL,1923,60.23,2.9,1.96,10.22,NULL,22,4.21,183,1 package without flavor packet,81
Pork Beerwurst,Meats,238,18.8,59,1240,2.06,0,NULL,14.24,0.9,8,0.76,253,1 slice (4 inch dia x 1/8 inch thick),23
Berliner Sausage,Meats,230,17.2,46,1297,2.59,0,2.35,15.27,0.3,12,1.15,283,1 slice,23
Blood Sausage,Meats,379,34.5,120,680,1.29,0,1.29,14.6,1.3,6,6.4,38,4 slices,100
Bockwurst Pork Veal Raw,Meats,301,25.87,93,756,2.95,1,1.33,14.03,0,41,1.15,270,1 sausage,91
Pork Bratwurst,Meats,333,29.18,74,846,2.85,0,0,13.72,1.1,28,0.53,348,1 link cooked,85
Braunschweiger Pork Liver Sausage,Meats,327,28.5,180,977,3.1,0,0,14.5,1.2,9,11.2,199,1 oz,28.4
Brotwurst Pork Beef Link,Meats,323,27.8,63,1112,2.98,0,2.98,14.3,0.3,48,1.03,281,1 link,70
Cheesefurter Cheese Smokie Pork Beef,Meats,328,29,68,1082,1.51,0,1.51,14.1,0.3,58,1.08,206,2 (1/3) links,100
Chicken Hotdog,Meats,223,16.19,96,1027,2.74,0,2.98,15.51,0.5,74,1.17,202,3 oz,85
Turkey Hotdog,Meats,223,17.29,77,911,3.81,0,1.21,12.23,0.6,148,1.47,392,1 oz,28.4
Canned Ham,Meats,239,18.83,49,1280,0.26,0,0,16.06,0.6,7,0.95,284,1 oz,28.4
Ham Chopped Not Canned,Meats,221,16.7,59,1194,0,0,5,16.5,0.7,7,0.83,319,1 slice (1 oz) (4 inch x 4 inch x 3/32 inch thick),28
Ham And Cheese Loaf Or Roll,Meats,241,18.7,58,1000,4,0,0,13.6,1.1,58,0.91,294,1 slice (1 oz) (4 inch x 4 inch x 3/32 inch thick),28
Ham And Cheese Spread,Meats,245,18.53,61,1197,2.28,0,NULL,16.18,NULL,217,0.76,162,1 tbsp,15
Headcheese Pork,Meats,157,10.9,69,941,0,0,0,13.83,0.9,16,1.5,31,1 slice (1 oz) (4 inch x 4 inch x 3/32 inch thick),28
Sausage Italian Pork Raw,Meats,290,24.26,69,563,2.97,0,1.19,13.9,NULL,12,1.77,211,1 link 4/lb,113
Pork And Turkey Sausage Pre-Cooked,Meats,342,30.64,72,876,3.63,0,0,12.05,NULL,74,1.3,230,1 serving,57
Frankfurter Meat And Poultry Cooked Boiled,Meats,298,26.28,84,914,4.96,0,2.7,10.31,0.6,107,1.12,323,1 frankfurter,50
Frankfurter Meat And Poultry Cooked Grilled,Meats,302,26.43,85,1079,5.24,0,2.85,10.67,0.7,118,1.15,387,1 frankfurter,48
Pork Sausage Link/patty Reduced Fat Unprepared,Meats,217,16.55,67,581,0.2,0,0,16.75,0.4,15,1.46,275,3 oz,85
Pork Sausage Link/patty Reduced Fat Cooked Pan-Fried,Meats,267,20.32,82,698,0.15,0,0,20.94,1.4,19,1.91,328,3 oz,85
Bologna Meat And Poultry,Meats,281,23.77,92,1379,6.31,0,1.97,10.34,0.8,125,1.24,320,1 slice,33
Meatballs Frozen Italian Style,Meats,286,22.21,66,666,8.06,2.3,3.47,14.4,0.1,80,1.77,296,3 oz,85
Turkey Bacon Microwaved,Meats,368,25.87,153,2021,4.24,0,4.24,29.5,1.2,163,2.63,666,1 slice,8.1
Bacon Turkey Low Sodium,Meats,253,20,100,900,4.8,0,0,13.33,0.2,10,0.72,156,1 serving,15
Post Alpha-Bits,Breakfast Cereals,389,4.6,0,592,80.3,7.1,21,10,6.7,35,30,267,1 cup (1 nlea serving for adults),30
Quaker Capn Crunch,Breakfast Cereals,398,5.12,0,754,85.51,2.5,44.32,4.39,0,11,19.42,186,3/4 cup (1 nlea serving),27
Quaker Capn Crunch With Crunchberries,Breakfast Cereals,397,4.83,0,725,85.93,2.6,44.2,4.45,0,11,19.8,187,3/4 cup (1 nlea serving),26
Quaker Capn Crunchs Peanut Butter Crunch,Breakfast Cereals,417,9.23,0,742,78.65,2.7,33.36,7.1,0,9,18.36,236,3/4 cup (1 nlea serving),27
Post Fruity Pebbles,Breakfast Cereals,402,4.02,0,531,86.1,0.8,34.28,4.62,7.4,19,6.67,72,3/4 cup (1 nlea serving),27
Granola Homemade,Breakfast Cereals,489,24.31,0,26,53.88,8.9,19.8,13.67,0,76,3.95,539,1 cup,122
Post Grape-Nuts Cereal,Breakfast Cereals,361,1.81,0,465,80.49,13,8.86,11.22,0,32,28,400,1/2 cup (1 nlea serving),58
Post Grape-Nuts Flakes,Breakfast Cereals,376,3.7,0,470,82,10.2,15.2,9.4,3.4,36,27.9,336,3/4 cup (1 nlea serving),29
Quaker Sweet Crunch/quisp,Breakfast Cereals,406,6.08,0,740,85.03,2.3,43.36,4.51,0,9,18.35,187,1 cup (1 nlea serving),27
Post Raisin Bran Cereal,Breakfast Cereals,324,1.6,0,382,78.9,13.7,32.9,7.6,1.7,44,18.3,525,1 cup (1 nlea serving),59
Quaker Quaker Puffed Rice,Breakfast Cereals,383,0.9,0,5,87.78,1.4,0,7.01,0,9,2.86,116,3/4 cup (1 nlea serving),14
Post Golden Crisp,Breakfast Cereals,380,1.7,0,95,90.1,5,53.6,5.5,7.4,15,6.7,176,3/4 cup (1 nlea serving),27
Sun Country Kretschmer Honey Crunch Wheat Germ,Breakfast Cereals,372,7.78,0,11,58.11,10.2,21.43,26.55,0,50,8.05,964,2 tbsp (1 nlea serving),14
Corn Grits White Regular And Quick Enriched Dry,Breakfast Cereals,370,1.75,0,1,79.09,4.6,0.57,7.65,0,4,3.05,141,1 tbsp,9.7
White Cornmeal (Grits),Breakfast Cereals,71,0.46,0,2,14.76,0.8,0.12,1.71,0,1,0.57,27,1 cup,257
Quaker Corn Grits Instant Plain Dry,Breakfast Cereals,343,2.14,0,1121,78.42,4.2,1.51,7.31,0,378,38.75,135,1 packet,29
Cream Of Wheat Regular (10 Minute) Cooked With Water Without Salt,Breakfast Cereals,50,0.21,0,6,10.52,0.5,0.03,1.44,0,87,3.74,16,1 cup (1 serving),251
Farina Enriched Assorted Brands Including Cream Of Wheat Quick (1-3 Minutes) Dry,Breakfast Cereals,360,1.41,0,124,73.19,4.2,0.56,11.6,0,711,33.39,153,1 tbsp,11
Farina Enriched Assorted Brands Including Cream Of Wheat Quick (1-3 Minutes) Cooked With Wat,Breakfast Cereals,55,0.34,0,18,10.92,0.8,0.76,1.82,NULL,97,5.33,23,1 cup,240
Cream Of Wheat Instant Dry,Breakfast Cereals,366,1.4,0,571,75.5,3.3,0.4,10.6,0,357,28.6,115,1 tbsp,11.5
Oats Instant Fortified Plain Dry,Breakfast Cereals,362,6.9,0,220,69.52,10,1.5,11.92,0,351,24.72,366,1 packet,28
Oats Instant Fortified Plain Prepared With Water (Boiling Water Added Or Microwaved),Breakfast Cereals,68,1.36,0,49,11.67,1.7,0.46,2.37,0,80,5.96,61,1 cup cooked,234
Quaker Instant Oatmeal Apples And Cinnamon Dry,Breakfast Cereals,366,4.61,0,454,76.74,8.3,28.87,8.62,NULL,243,8.78,327,1 packet (1 nlea serving),43
Oats Instant Fortified With Cinnamon And Spice Dry,Breakfast Cereals,369,4.84,0,434,76.08,8,25.33,9.53,0,234,8.46,284,1 packet,45
Wheatena Dry,Breakfast Cereals,357,2.9,0,13,75.6,12.8,1.6,13.1,NULL,500,3.57,492,1/3 cup (1 nlea serving),40
Wheatena Cooked With Water,Breakfast Cereals,56,0.5,0,2,11.8,2.7,NULL,2,NULL,80,0.56,77,1 cup,243
Whole Wheat Hot Natural Cereal Dry,Breakfast Cereals,342,2,0,2,75.2,9.5,0.42,11.2,0,40,3.39,389,1 cup,94
Whole Wheat Hot Natural Cereal Cooked With Water Without Salt,Breakfast Cereals,62,0.4,0,0,13.7,1.6,0.08,2,NULL,7,0.62,71,1 cup,242
Quaker Quaker Puffed Wheat,Breakfast Cereals,366,2.15,0,5,76.39,9.4,1.37,16.26,0,24,4.41,364,1 cup (1 nlea serving),15
Corn Grits Yellow Regular And Quick Unenriched Dry,Breakfast Cereals,371,1.2,0,1,79.6,1.6,0.64,8.8,NULL,2,1,137,1 tbsp,9.7
Corn Grits White Regular And Quick Enriched Cooked With Water With Salt,Breakfast Cereals,71,0.46,0,223,14.76,0.8,0.12,1.71,0,1,0.57,27,1 cup,257
Yellow Cornmeal (Grits),Grains and Pasta,65,0.39,0,2,13.86,0.7,0.09,1.23,NULL,1,0.57,22,1 cup,233
Corn Grits Yellow Regular Quick Enriched Cooked With Water With Salt,Breakfast Cereals,65,0.39,0,223,13.86,0.7,0.09,1.23,0,1,0.57,22,1 cup,233
Malt-O-Meal Chocolate Dry,Breakfast Cereals,363,0.82,0,10,79.55,2.8,16.63,10.6,0,375,42.88,245,3 tbsp (1 nlea serving),35
Oats Regular And Quick And Instant Unenriched Cooked With Water (Includes Boiling And Microw,Breakfast Cereals,71,1.52,0,71,12,1.7,0.27,2.54,NULL,9,0.9,70,1 cup,234
Wheatena Cooked With Water With Salt,Breakfast Cereals,59,0.45,0,238,11.74,2,0.25,2.03,NULL,80,0.56,77,1 cup,243
Whole Wheat Hot Natural Cereal Cooked With Water With Salt,Breakfast Cereals,62,0.4,0,233,13.7,1.6,0.08,2,NULL,7,0.62,71,1 cup,242
Malt-O-Meal Blueberry Mini Spooners,Breakfast Cereals,350,1.92,0,2,79.4,10.3,18.44,8.81,0,33,29.45,327,1 cup (1 nlea serving),55
Malt-O-Meal Oat Blenders With Honey,Breakfast Cereals,396,4.17,0,515,84.94,5,21.62,6.78,3.3,23,27,200,3/4 cup (1 nlea serving),30
Malt-O-Meal Oat Blenders With Honey & Almonds,Breakfast Cereals,379,4.88,0,453,77.26,6.1,20.26,7.8,3.6,33,41.38,240,3/4 cup (1 nlea serving),30
Malt-O-Meal Honey Nut Scooters,Breakfast Cereals,387,4.51,0,695,79.62,6.3,29.97,8.59,3.3,333,30,241,1 cup (1 nlea serving),30
Quaker Instant Oatmeal Cinnamon Swirl High Fiber,Breakfast Cereals,366,4.8,0,473,75.67,22.3,14.7,8.79,NULL,278,9.41,256,1 packet (1 nlea serving),45
Quaker Oatmeal Real Medleys Blueberry Hazelnut Dry,Breakfast Cereals,386,9.8,1,337,69.47,7.7,18.71,9.81,NULL,64,3.08,317,1 package (1 nlea serving),70
Quaker Oatmeal Real Medleys Apple Walnut Dry,Breakfast Cereals,390,10.36,0,356,70.53,7,29.36,8.18,NULL,57,2.77,344,1 package (1 nlea serving),75
Quaker Oatmeal Real Medleys Summer Berry Dry,Breakfast Cereals,353,4.4,1,354,72.58,8.5,20.43,11.31,NULL,124,3.13,445,1 package (1 nlea serving),70
Acerola Cherries (West Indian Cherry),Fruits,32,0.3,0,7,7.69,1.1,NULL,0.4,NULL,12,0.2,146,1 cup,98
Acerola Juice Raw,Fruits,23,0.3,0,3,4.8,0.3,4.5,0.4,NULL,10,0.5,97,1 cup,242
Apples,Fruits,52,0.17,0,1,13.81,2.4,10.39,0.26,0,6,0.12,107,1 cup quartered or chopped,125
Apples (Without Skin),Fruits,48,0.13,0,0,12.76,1.3,10.1,0.27,0,5,0.07,90,1 cup slices,110
Apples Dehydrated (Low Moisture) Sulfured Stewed,Fruits,74,0.12,0,26,19.91,2.6,NULL,0.28,0,4,0.43,136,1 cup,193
Dried Apples,Fruits,243,0.32,0,87,65.89,8.7,57.19,0.93,0,14,1.4,450,1 cup,86
Apples Dried Sulfured Stewed Without Added Sugar,Fruits,57,0.07,0,20,15.32,2,13.32,0.22,0,3,0.33,105,1 cup,255
Apples Dried Sulfured Stewed With Added Sugar,Fruits,83,0.07,0,19,20.73,1.9,NULL,0.2,0,3,0.31,98,1 cup,280
Apples Frozen Unsweetened Unheated,Fruits,48,0.32,0,3,12.31,1.3,10.1,0.28,0,4,0.18,77,1 cup slices,173
Applesauce Canned Unsweetened Without Added Ascorbic Acid (Includes USDA Commodity),Fruits,42,0.1,0,2,11.27,1.1,9.39,0.17,0,4,0.23,74,1 cup,244
Applesauce Canned Sweetened Without Salt (Includes USDA Commodity),Fruits,68,0.17,0,2,17.49,1.2,14.67,0.16,0,3,0.12,75,1 cup,246
Apricots,Fruits,48,0.39,0,1,11.12,2,9.24,1.4,0,13,0.39,259,1 cup halves,155
Apricots Canned Water Pack With Skin Solids And Liquids,Fruits,27,0.16,0,3,6.39,1.6,4.79,0.71,0,8,0.32,192,1 cup halves,243
Apricots Canned Heavy Syrup Pack With Skin Solids And Liquids,Fruits,83,0.08,0,4,21.47,1.6,19.87,0.53,0,9,0.3,140,1 cup halves,258
Apricots Canned Heavy Syrup Pack Without Skin Solids And Liquids,Fruits,83,0.09,0,11,21.45,1.6,NULL,0.51,0,9,0.43,134,1 cup whole without pits,258
Apricots Canned Extra Heavy Syrup Pack Without Skin Solids And Liquids,Fruits,96,0.04,0,13,24.85,1.6,NULL,0.55,0,8,0.62,126,1 cup whole without pits,246
Low-Moisture Dried Apricots,Fruits,320,0.62,0,13,82.89,NULL,NULL,4.9,0,61,6.31,1850,1 cup,119
Apricots Frozen Sweetened,Fruits,98,0.1,0,4,25.1,2.2,NULL,0.7,0,10,0.9,229,1 cup,242
Apricot Nectar Canned Without Added Ascorbic Acid,Fruits,56,0.45,0,8,13.63,0.1,12.79,0.17,0,11,0.1,67,1 cup,251
Avocados,Fruits,160,14.66,0,7,8.53,6.7,0.66,2,0,12,0.55,485,1 cup cubes,150
California Avocados,Fruits,167,15.41,0,8,8.64,6.8,0.3,1.96,0,13,0.61,507,1 cup pureed,230
Florida Avocados,Fruits,120,10.06,0,2,7.82,5.6,2.42,2.23,0,10,0.17,351,1 cup pureed,230
Cherries Tart Dried Sweetened,Fruits,333,0.73,0,13,80.45,2.5,67.15,1.25,0,38,0.68,376,1/4 cup,40
Blackberries Canned Heavy Syrup Solids And Liquids,Fruits,92,0.14,0,3,23.1,3.4,19.7,1.31,0,21,0.65,99,1 cup,256
Blackberries Frozen Unsweetened,Fruits,64,0.43,0,1,15.67,5,10.67,1.18,0,29,0.8,140,1 cup unthawed,151
Blueberries,Fruits,57,0.33,0,1,14.49,2.4,9.96,0.74,0,6,0.28,77,1 cup,148
Boysenberries Canned Heavy Syrup,Fruits,88,0.12,0,3,22.31,2.6,NULL,0.99,0,18,0.43,90,1 cup,256
Boysenberries (Frozen),Fruits,50,0.26,0,1,12.19,5.3,6.89,1.1,0,27,0.85,139,1 cup unthawed,132
Breadfruit,Fruits,103,0.23,0,2,27.12,4.9,11,1.07,0,17,0.54,490,1 cup,220
Starfruit (Carambola),Fruits,31,0.33,0,2,6.73,2.8,3.98,1.04,0,3,0.08,133,1 cup cubes,132
Cherries Sour Red Canned Heavy Syrup Pack Solids And Liquids,Fruits,91,0.1,0,7,23.27,1.1,22.17,0.73,0,10,1.3,93,1 cup,256
Cherries Sour Red Canned Extra Heavy Syrup Pack Solids And Liquids,Fruits,114,0.09,0,7,29.23,0.8,NULL,0.71,0,10,1.26,91,1 cup,261
Sour Red Cherries (Frozen),Fruits,46,0.44,0,1,11.02,1.6,9.02,0.92,0,13,0.53,124,1 cup unthawed,155
Cherries (Sweet),Fruits,63,0.2,0,0,16.01,2.1,12.82,1.06,0,13,0.36,222,1 cup with pits yields,138
Cherries Sweet Canned Extra Heavy Syrup Pack Solids And Liquids,Fruits,102,0.15,0,3,26.23,1.5,NULL,0.59,0,9,0.35,142,1 cup pitted,261
Crabapples,Fruits,76,0.3,0,1,19.95,NULL,NULL,0.4,NULL,18,0.36,194,1 cup slices,110
Cranberries,Fruits,46,0.13,0,2,11.97,3.6,4.27,0.46,0,8,0.23,80,1 cup chopped,110
Dried Cranberries (Sweetened),Fruits,308,1.09,0,5,82.8,5.3,72.56,0.17,0,9,0.39,49,1/4 cup,40
Zante Currants,Fruits,290,0.22,0,43,76.98,4.4,62.28,3.43,0,88,1.88,777,1 cup,144
Custard-Apple,Fruits,101,0.6,0,4,25.2,2.4,NULL,1.7,NULL,30,0.71,382,,NULL
Dates (Deglet Noor),Fruits,282,0.39,0,2,75.03,8,63.35,2.45,0,39,1.02,656,1 cup chopped,147
Elderberries,Fruits,73,0.5,0,6,18.4,7,NULL,0.66,NULL,38,1.6,280,1 cup,145
Beef Australian Imported Grass-Fed  External Fat Raw,Meats,509,51.36,66,36,0.39,0,0,11.32,NULL,6,0.95,NULL,1 oz,28.4
Beef Australian Imported Grass-Fed Seam Fat Raw,Meats,562,57.73,65,34,1.06,0,0,9.58,NULL,3,0.89,NULL,1 oz,28.4
Beef Australian Imported Wagyu External Fat Aust. Marble Score 4/5 Raw,Meats,596,63.27,73,37,0,0,0,6.54,NULL,2,1,NULL,1 oz,28.4
Beef Australian Imported Wagyu Seam Fat Aust. Marble Score 4/5 Raw,Meats,594,63.3,95,32,0,0,NULL,6,NULL,2,0.97,NULL,1 oz,28.4
Beef Australian Imported Wagyu Loin Tenderloin Steak/roast Boneless Separable Lean And Fat Aust. Marble Score 4/5 Raw,Meats,206,14.09,60,63,0,0,0,19.71,NULL,4,2.2,NULL,4 oz,114
Beef Australian Imported Grass-Fed Loin Top Loin Steak/roast Boneless Separable Lean And Fat Raw,Meats,199,13.17,46,60,0.11,0,0,19.9,NULL,5,1.46,NULL,4 oz,114
Beef Australian Imported Grass-Fed Loin Top Sirloin Cap-Off Steak/roast Boneless Separable Lean Only Raw,Meats,122,3.87,54,60,0,0,0,21.9,NULL,5,2.53,NULL,4 oz,114
Beef Australian Imported Grass-Fed Rib Ribeye Steak/roast Lip-On Boneless Separable Lean Only Raw,Meats,160,8.2,50,65,0,0,0,21.47,NULL,5,1.88,NULL,4 oz,114
Beef Australian Imported Wagyu Loin Top Loin Steak/roast Boneless Separable Lean Only Aust. Marble Score 9 Raw,Meats,331,29.15,61,68,0.13,0,0,16.92,NULL,4,1.71,NULL,4 oz,114
Beef Australian Imported Wagyu Rib Small End Rib Steak/roast Boneless Separable Lean Only Aust. Marble Score 4/5 Raw,Meats,234,16.93,72,58,0,0,0,20.35,NULL,4,1.89,NULL,4 oz,114
Beef Australian Imported Wagyu Rib Small End Rib Steak/roast Boneless Separable Lean Only Aust. Marble Score 9 Raw,Meats,330,28.61,77,65,0.46,0,0,17.61,NULL,4,2.14,NULL,4 oz,114
Beef Australian Imported Grass-Fed Loin Top Sirloin Cap-Off Steak/roast Boneless Separable Lean And Fat Raw,Meats,127,4.45,55,59,0.01,0,0,21.77,NULL,5,2.51,NULL,4 oz,114
Beef Australian Imported Wagyu Rib Small End Rib Steak/roast Boneless Separable Lean And Fat Aust. Marble Score 4/5 Raw,Meats,317,27.64,76,52,0,0,0,17.07,NULL,4,1.68,NULL,4 oz,114
Beef Australian Imported Wagyu Rib Small End Rib Steak/roast Boneless Separable Lean And Fat Aust. Marble Score 9 Raw,Meats,404,38.3,82,57,0.28,0,0,14.54,NULL,3,1.82,NULL,4 oz,114
Beef Australian Imported Wagyu Loin Tenderloin Steak/roast Boneless Separable Lean And Fat Aust. Marble Score 9 Raw,Meats,248,19.11,74,61,0.58,0,0,18.5,NULL,4,2.37,NULL,4 oz,114
Beef Round Top Round Steak Boneless Separable Lean And Fat Trimmed To 0 Inch Fat All Grades Raw,Meats,124,3.34,62,54,0,0,0,23.49,0,13,2.33,312,3 oz,85
Beef Round Top Round Roast Boneless Separable Lean And Fat Trimmed To 0 Inch Fat Select Raw,Meats,121,3.04,63,54,0,0,0,23.44,0,13,2.34,313,3 oz,85
Beef Round Eye Of Round Roast Boneless Separable Lean And Fat Trimmed To 0 Inch Fat All Grades Raw,Meats,124,3.44,60,53,0,0,0,23.27,0,13,1.45,317,3 oz,85
Beef Round Eye Of Round Roast Boneless Separable Lean And Fat Trimmed To 0 Inch Fat Choice Raw,Meats,127,3.74,58,52,0,0,0,23.26,0,13,1.47,323,3 oz,85
Beef Round Eye Of Round Roast Boneless Separable Lean And Fat Trimmed To 0 Inch Fat Select Raw,Meats,120,3,62,50,0,0,0,23.28,0,13,1.37,309,3 oz,85
Beef Loin Tenderloin Roast Boneless Separable Lean And Fat Trimmed To 0 Inch Fat Choice Raw,Meats,153,7.4,61,44,0,0,0,21.5,0.1,14,2.52,279,3 oz,85
Beef Loin Tenderloin Roast Boneless Separable Lean And Fat Trimmed To 0 Inch Fat Select Raw,Meats,144,6.21,62,42,0,0,0,21.91,0.1,14,2.46,294,3 oz,85
Beef Loin Top Loin Steak Boneless Lip Off Separable Lean And Fat Trimmed To 0 Inch Fat All Grades Raw,Meats,163,8.17,61,45,0,0,0,22.43,0.1,15,1.83,273,3 oz,85
Beef Loin Top Loin Steak Boneless Lip Off Separable Lean And Fat Trimmed To 0 Inch Fat Choice Raw,Meats,171,9.16,59,45,0,0,0,22.19,0.1,15,1.91,271,3 oz,85
Beef Loin Top Loin Steak Boneless Lip Off Separable Lean And Fat Trimmed To 0 Inch Fat Select Raw,Meats,151,6.67,63,46,0,0,0,22.79,0.1,14,1.73,279,3 oz,85
Beef Loin Tenderloin Roast Boneless Separable Lean And Fat Trimmed To 0 Inch Fat Choice Cooked Roasted,Meats,188,8.82,82,56,0,0,0,27.26,0.1,14,3.24,347,3 oz,85
Beef Loin Tenderloin Roast Boneless Separable Lean And Fat Trimmed To 0 Inch Fat Select Cooked Roasted,Meats,174,7.12,85,54,0,0,0,27.38,0.1,13,3.03,349,3 oz,85
Beef Round Top Round Roast Boneless Separable Lean And Fat Trimmed To 0 Inch Fat All Grades Cooked Roasted,Meats,160,4.49,77,67,0,0,0,29.9,0,16,2.88,384,3 oz,85
Beef Round Top Round Roast Boneless Separable Lean And Fat Trimmed To 0 Inch Fat Choice Cooked Roasted,Meats,163,4.79,76,69,0,0,0,30.08,0,16,2.9,378,3 oz,85
Beef Round Top Round Steak Boneless Separable Lean Only Trimmed To 0 Inch Fat All Grades Raw,Meats,121,2.94,62,54,0,0,0,23.59,0,13,2.34,313,3 oz,85
Beef Round Top Round Steak Boneless Separable Lean Only Trimmed To 0 Inch Fat Choice Raw,Meats,124,3.26,61,56,0,0,0,23.59,0,13,2.35,309,3 oz,85
Beef Round Top Round Steak Boneless Separable Lean Only Trimmed To 0 Inch Fat Select Raw,Meats,116,2.45,63,55,0,0,0,23.59,0,13,2.34,316,3 oz,85
Beef Round Top Round Roast Boneless Separable Lean Only Trimmed To 0 Inch Fat All Grades Raw,Meats,121,2.94,62,54,0,0,0,23.59,0,13,2.34,313,3 oz,85
Beef Round Eye Of Round Roast Boneless Separable Lean Only Trimmed To 0 Inch Fat Select Raw,Meats,116,2.52,62,50,0,0,0,23.41,0,13,1.37,312,3 oz,85
Beef Round Eye Of Round Steak Boneless Separable Lean Only Trimmed To 0 Inch Fat All Grades Raw,Meats,121,3.04,60,53,0,0,0,23.37,0,13,1.45,319,3 oz,85
Beef Round Eye Of Round Steak Boneless Separable Lean Only Trimmed To 0 Inch Fat Choice Raw,Meats,124,3.38,58,52,0,0,0,23.35,0,13,1.47,324,3 oz,85
Beef Round Eye Of Round Steak Boneless Separable Lean Only Trimmed To 0 Inch Fat Select Raw,Meats,116,2.52,62,50,0,0,0,23.41,0,13,1.37,312,3 oz,85
Beef Loin Tenderloin Roast Boneless Separable Lean Only Trimmed To 0 Inch Fat All Grades Raw,Meats,139,5.74,61,44,0,0,0,21.94,0.1,13,2.5,289,3 oz,85
Beef Loin Top Loin Steak Boneless Lip Off Separable Lean Only Trimmed To 0 Inch Fat Select Raw,Meats,135,4.66,62,47,0,0,0,23.3,0.1,14,1.73,288,3 oz,85
Beef Loin Tenderloin Steak Boneless Separable Lean Only Trimmed To 0 Inch Fat All Grades Raw,Meats,139,5.74,61,44,0,0,0,21.94,0.1,13,2.5,289,3 oz,85
Beef Loin Tenderloin Steak Boneless Separable Lean Only Trimmed To 0 Inch Fat Choice Raw,Meats,143,6.16,60,45,0,0,0,21.78,0.1,13,2.55,284,3 oz,85
Beef Loin Tenderloin Steak Boneless Separable Lean Only Trimmed To 0 Inch Fat Select Raw,Meats,135,5.1,62,42,0,0,0,22.16,0.1,14,2.48,298,3 oz,85
Beef Round Top Round Roast Boneless Separable Lean Only Trimmed To 0 Inch Fat Choice Cooked Roasted,Meats,158,4.11,76,69,0.06,0,0,30.24,0,16,2.91,381,3 oz,85
Beef Round Top Round Roast Boneless Separable Lean Only Trimmed To 0 Inch Fat Select Cooked Roasted,Meats,150,3.37,78,67,0,0,0,29.81,0,17,2.89,390,3 oz,85
Beef Round Eye Of Round Steak Boneless Separable Lean Only Trimmed To 0 Inch Fat All Grades Cooked Grilled,Meats,155,3.9,78,68,0,0,0,29.85,0,17,1.88,414,3 oz,85
Beef Round Eye Of Round Steak Boneless Separable Lean Only Trimmed To 0 Inch Fat Choice Cooked Grilled,Meats,158,4.26,76,68,0,0,0,29.94,0,17,1.91,421,3 oz,85
Beef Loin Top Loin Steak Boneless Lip-On Separable Lean And Fat Trimmed To 1/8 Inch Fat Select Raw,Meats,191,11.65,64,45,0,0,0,21.54,0.1,15,1.71,258,3 oz,85
Beef Loin Top Loin Steak Boneless Lip-On Separable Lean And Fat Trimmed To 1/8 Inch Fat All Grades Raw,Meats,199,12.68,62,44,0,0,0,21.29,0.1,16,1.8,254,3 oz,85
Beef Composite Of Trimmed Retail Cuts Separable Lean Only Trimmed To 0 Inch Fat Select Raw,Meats,133,4.99,64,63,0,0,0,22.03,0.1,12,2.14,330,4 oz,114
Beef Composite Of Trimmed Retail Cuts Separable Lean And Fat Trimmed To 0 Inch Fat Select Raw,Meats,157,8,64,61,0,0,0,21.2,0.1,13,2.06,315,4 oz,114
Beef Composite Of Trimmed Retail Cuts Separable Lean Only Trimmed To 1/8 Inch Fat Select Cooked,Meats,167,6.37,74,51,0,0,0,27.51,0.1,11,2.17,294,3 oz,85
Beef Composite Of Trimmed Retail Cuts Separable Lean Only Trimmed To 1/8 Inch Fat Select Raw,Meats,130,4.55,62,58,0,0,0,22.37,0,17,1.81,328,4 oz,114
Beef Chuck Clod Roast Separable Lean Only Trimmed To 1/4 Inch Fat All Grades Cooked Roasted,Meats,173,6.75,71,71,0,0,0,26.36,NULL,7,3.09,372,3 oz,85
Beef Shoulder Steak Boneless Separable Lean Only Trimmed To 0 Inch Fat All Grades Cooked Grilled,Meats,175,5.82,82,68,0,0,0,28.6,0.1,12,2.94,372,3 oz,85
Beef Chuck Clod Steak Separable Lean Only Trimmed To 1/4 Inch Fat All Grades Cooked Braised,Meats,189,7.04,94,60,0,0,0,29.34,NULL,8,3.79,287,3 oz,85
Beef Chuck Mock Tender Steak Separable Lean And Fat Trimmed To 0 Inch Fat USDA Choice Cooked Broiled,Meats,161,5.72,65,73,0,0,0,25.73,NULL,8,3.02,293,3 oz,85
Beef Chuck Clod Roast Separable Lean And Fat Trimmed To 0 Inch Fat Select Cooked Roasted,Meats,196,8.76,73,72,0,0,0,27.3,0.1,7,3.09,372,3 oz,85
Beef Shoulder Steak Boneless Separable Lean And Fat Trimmed To 0 Inch Fat Choice Cooked Grilled,Meats,186,7.25,81,67,0,0,0,28.22,0.1,12,2.9,367,,NULL
Beef Shoulder Steak Boneless Separable Lean And Fat Trimmed To 0 Inch Fat Select Cooked Grilled,Meats,177,6.14,83,67,0,0,0,28.41,0.1,12,2.89,366,3 oz,85
Beef Plate Inside Skirt Steak Separable Lean And Fat Trimmed To 0 Inch Fat All Grades Cooked Broiled,Meats,220,12.05,60,75,0,0,0,26.13,NULL,11,2.77,289,3 oz,85
Beef Plate Outside Skirt Steak Separable Lean And Fat Trimmed To 0 Inch Fat All Grades Cooked Broiled,Meats,255,17.13,59,92,0,0,0,23.51,NULL,11,2.58,379,3 oz,85
Beef Shoulder Steak Boneless Separable Lean And Fat Trimmed To 0 Inch Fat All Grades Cooked Grilled,Meats,182,6.8,81,67,0,0,0,28.29,0.1,12,2.9,366,3 oz,85
Beef Ground 95% Lean Meat / 5% Fat Raw,Meats,137,5,62,66,0,0,0,21.41,0.1,9,2.38,346,4 oz,113
Beef Ground 95% Lean Meat / 5% Fat Patty Cooked Broiled,Meats,174,6.8,88,65,0,0,0,26.29,0,7,2.83,347,3 oz,85
Beef Ground 95% Lean Meat / 5% Fat Patty Cooked Pan-Broiled,Meats,164,5.94,84,71,0,0,0,25.8,0,9,2.85,376,3 oz,85
Beef Ground 90% Lean Meat / 10% Fat Patty Cooked Pan-Broiled,Meats,204,10.68,84,75,0,0,0,25.21,0,15,2.77,363,3 oz,85
Beef Ground 90% Lean Meat / 10% Fat Crumbles Cooked Pan-Browned,Meats,230,12.04,89,87,0,0,0,28.45,0,16,3.08,433,3 oz,85
Beef Ground 90% Lean Meat / 10% Fat Loaf Cooked Baked,Meats,214,11.1,88,61,0,0,0,26.62,0,13,2.89,300,3 oz,85
Beef Ground 85% Lean Meat / 15% Fat Raw,Meats,215,15,68,66,0,0,0,18.59,0.1,15,2.09,295,3 oz,85
Beef Ground 80% Lean Meat / 20% Fat Patty Cooked Broiled,Meats,270,17.78,88,75,0,0,0,25.75,0,24,2.48,304,,NULL
Beef Ground 80% Lean Meat / 20% Fat Patty Cooked Pan-Broiled,Meats,246,15.94,84,83,0,0,0,24.04,0,26,2.59,335,3 oz,85
Beef Ground 80% Lean Meat / 20% Fat Crumbles Cooked Pan-Browned,Meats,272,17.36,89,91,0,0,0,27,0,28,2.78,380,3 oz,85
Beef Ground 80% Lean Meat / 20% Fat Loaf Cooked Baked,Meats,254,16.17,88,67,0,0,0,25.25,0,23,2.58,271,3 oz,85
Beef Ground 75% Lean Meat / 25% Fat Loaf Cooked Baked,Meats,254,16.5,88,70,0,0,0,24.56,0,28,2.43,256,3 oz,85
Beef Rib Small End (Ribs 10-12) Separable Lean Only Trimmed To 1/8 Inch Fat Select Raw,Meats,134,4.2,73,55,0,0,0,22.53,NULL,22,1.59,353,1 oz,28.4
Beef Tenderloin Steak Separable Lean Only Trimmed To 1/8 Inch Fat Select Raw,Meats,148,5.93,64,55,0,0,0,22.06,NULL,22,1.6,354,1 oz,28.4
Beef Top Sirloin Steak Separable Lean Only Trimmed To 1/8 Inch Fat Select Raw,Meats,127,3.54,59,56,0,0,0,22.27,0,22,1.61,357,1 oz,28.4
Beef Short Loin Top Loin Steak Separable Lean Only Trimmed To 1/8 Inch Fat Select Cooked Grilled,Meats,177,5.73,78,62,0,0,0,29.44,NULL,21,1.81,386,1 oz,28.4
Beef Round Bottom Round  Roast Separable Lean Only Trimmed To 1/8 Inch Fat Select Cooked Roasted,Meats,164,4.67,74,38,0,0,0,28.45,0.1,6,2.35,238,1 oz,28.4
Beef Round Eye Of Round Roast Separable Lean Only Trimmed To 1/8 Inch Fat Select Cooked Roasted,Meats,163,4.11,75,39,0,0,0,29.59,NULL,6,2.42,245,1 oz,28.4
Beef Round Top Round Steak Separable Lean Only Trimmed To 1/8 Inch Fat Select Cooked Broiled,Meats,177,4.65,82,43,0,0,0,31.61,NULL,7,2.66,270,1 oz,28.4
Beef Round Eye Of Round Roast Separable Lean Only Trimmed To 1/8 Inch Fat All Grades Cooked Roasted,Meats,169,4.71,76,38,0,0,0,29.73,0.1,6,2.46,241,1 oz,28.4
Beef Rib Small End (Ribs 10-12) Separable Lean Only Trimmed To 1/8 Inch Fat All Grades Raw,Meats,141,5.04,75,56,0,0,0,22.33,NULL,24,1.6,347,1 oz,28.4
Beef Tenderloin Steak Separable Lean Only Trimmed To 1/8 Inch Fat All Grades Cooked Broiled,Meats,200,8.39,82,60,0,0,0,29.04,0.1,19,1.84,370,1 oz,28.4
Beef Tenderloin Steak Separable Lean Only Trimmed To 1/8 Inch Fat All Grades Raw,Meats,153,6.52,65,56,0,0,0,22.12,NULL,24,1.6,347,1 oz,28.4
Beef Short Loin Top Loin Steak Separable Lean Only Trimmed To 1/8 Inch Fat All Grades Cooked Broiled,Meats,189,7.09,81,61,0,0,0,29.3,0.1,19,1.85,372,1 oz,28.4
Beef Short Loin Top Loin Steak Separable Lean Only Trimmed To 1/8 Inch Fat All Grades Raw,Meats,138,5.15,53,57,0,0,0,22.93,NULL,25,1.64,354,3 oz,85
Beef Round Top Round Steak Separable Lean Only Trimmed To 1/8 Inch Fat All Grades Cooked Broiled,Meats,185,5.45,84,42,0,0,0,31.82,0.1,7,2.7,264,1 oz,28.4
Beef Round Top Round Steak Separable Lean Only Trimmed To 1/8 Inch Fat All Grades Raw,Meats,135,4.09,55,61,0,0,0,22.91,NULL,20,1.99,362,3 oz,85
Beef Chuck Arm Pot Roast Separable Lean Only Trimmed To 1/8 Inch Fat Choice Cooked Braised,Meats,224,8.37,106,56,0,0,0,34.72,0.1,15,3.04,275,1 oz,28.4
Beef Brisket Flat Half Separable Lean Only Trimmed To 1/8 Inch Fat Choice Cooked Braised,Meats,203,6.79,97,53,0,0,0,33.13,NULL,14,2.88,261,1 oz,28.4
Beef Round Eye Of Round Roast Separable Lean Only Trimmed To 1/8 Inch Fat Choice Raw,Meats,128,3.38,60,57,0,0,0,22.88,0,20,2.12,351,1 oz,28.4
Beef Round Top Round Steak Separable Lean Only Trimmed To 1/8 Inch Fat Choice Raw,Meats,140,4.78,63,57,0,0,0,22.69,0.1,20,2.12,352,1 oz,28.4
Soup Wonton Chinese Restaurant,Soups and Sauces,32,0.26,4,406,5.25,0.2,0.34,2.08,0,5,0.21,32,1 cup,223
Soup Ramen Noodle Dry Any Flavor Reduced Fat Reduced Sodium,Soups and Sauces,350,2.5,0,1200,70.95,2.7,0.85,10.89,0,22,4.52,128,1 (2/5) oz dry (half noodle block),40
Sauce Duck Ready-To-Serve,Soups and Sauces,245,0.13,0,712,60.66,0.6,30.54,0.36,0,11,0.39,87,2 tbsp,33
Sauce Salsa Verde Ready-To-Serve,Soups and Sauces,38,0.89,0,906,6.36,1.9,3.5,1.13,0,9,0.65,259,2 tbsp,30
Sauce Steak Tomato Based,Soups and Sauces,95,0.23,0,1647,22.04,1.5,9.82,1.25,0,19,1.37,312,2 tbsp,34
Sauce Tartar Ready-To-Serve,Soups and Sauces,211,16.7,7,667,13.3,0.5,4.25,1,0,26,0.25,68,2 tablespoons,30
Sauce Barbecue Sweet Baby Rays Original,Soups and Sauces,192,0.43,NULL,765,46.08,1.3,38.37,0.95,NULL,11,0.33,235,1 tbsp,18
Sauce Barbecue Bulls-Eye Original,Soups and Sauces,170,0.67,NULL,1012,39.95,1,35.29,0.91,NULL,43,0.69,263,1 tbsp,16
Sauce Barbecue Kc Masterpiece Original,Soups and Sauces,160,0.52,NULL,613,37.92,1.4,30.95,1,NULL,40,1.09,277,1 tbsp,18
Sauce Barbecue Open Pit Original,Soups and Sauces,132,1.41,NULL,1517,29.45,0.5,23.49,0.44,NULL,20,0.15,56,1 tbsp,17
Wasabi,Soups and Sauces,292,10.9,0,3390,46.13,6.1,13.2,2.23,0,41,0.5,182,1 tablespoon,20
Dip Bean Original Flavor,Soups and Sauces,119,3.7,0,443,15.89,4.9,0.99,5.44,0,26,1.6,368,2 tbsp,36
Sauce Horseradish,Soups and Sauces,503,50.89,50,730,10.05,1,8.98,1.09,0.2,12,0.23,44,1 tsp,5.6
Dip Fritos Bean Original Flavor,Soups and Sauces,119,3.7,NULL,443,15.89,4.9,0.99,5.44,NULL,26,1.6,368,2 tbsp,36
Cookie Vanilla With Caramel Coconut And Chocolate Coating,Baked Foods,489,25.8,2,182,64.1,4.4,35.8,3.5,0,40,3.2,195,2 cookies,29
Cookie With Peanut Butter Filling Chocolate-Coated,Baked Foods,562,35.3,0,371,52.9,3.5,30.9,8.1,0,35,2.1,217,2 cookies,25
Cookies Animal With Frosting Or Icing,Baked Foods,509,24.1,0,257,70.09,0.9,41.1,3,0,6,1.57,96,8 cookies 1 serving,31
Crackers Multigrain,Baked Foods,482,20.4,0,883,67.6,3.5,12,7.1,0,14,2.59,171,4 crackers,14
Cake Snack Cakes Not Chocolate With Icing Or Filling Low-Fat With Added Fiber,Baked Foods,412,11.14,93,316,74.3,14.9,29.71,3.71,0.3,223,1.34,73,1 cake 1 serving,27
Cookies Brownies Commercially Prepared Reduced Fat With Added Fiber,Baked Foods,345,9.68,0,290,61.58,11.1,38.73,2.77,0,0,1.99,143,1 brownie 1 serving,36
Cookies Chocolate Sandwich With Creme Filling Reduced Fat,Baked Foods,436,13.24,0,471,76.17,2.9,41.18,2.94,0,0,3.18,176,1 serving,34
Cookies Oatmeal Sandwich With Creme Filling,Baked Foods,398,18.29,0,500,55.62,2.6,31.36,2.61,0,0,1.88,136,1 cookie 1 serving,38
Cookies Peanut Butter Commercially Prepared Sugar Free,Baked Foods,523,31.03,17,448,50.52,3.4,0,10.34,0,0,2.48,202,1 serving 3 cookies,29
Bread Chapati Or Roti Plain Commercially Prepared,Baked Foods,297,7.45,NULL,409,46.36,4.9,2.72,11.25,NULL,93,3.01,266,1 piece,68
Bread Naan Plain Commercially Prepared Refrigerated,Baked Foods,291,5.65,NULL,465,50.43,2.2,3.55,9.62,NULL,84,3.25,125,1 piece,90
Crackers Standard Snack-Type With Whole Wheat,Baked Foods,463,17.84,0,748,68.37,4.9,10.43,7.29,0,167,3.65,209,5 crackers 1 serving,15
Cookies Coconut Macaroon,Baked Foods,460,22.55,0,241,61.22,5.1,45.16,3.02,0,5,0.82,123,2 cookie 1 serving,36
Crackers Sandwich-Type Peanut Butter Filled Reduced Fat,Baked Foods,437,16.67,0,639,63.49,2.8,11.11,8.33,0,0,3,122,1 package,36
Bread Cinnamon,Baked Foods,253,5.29,0,388,44.38,3.5,14.11,7.05,0,71,2.54,74,1 slice 1 serving,28
Bread Wheat Sprouted,Baked Foods,188,0,0,474,33.88,5.3,2.63,13.16,0,0,1.89,198,1 slice 1 serving,38
Bread Wheat Sprouted Toasted,Baked Foods,205,0,0,515,36.82,5.7,2.86,14.3,0,0,2.06,215,1 slice 1 serving,38
Bagels Multigrain,Baked Foods,241,1.24,6,359,47.47,6.2,8.66,9.9,0,124,2.23,204,1 piece bagel,81
Pancakes Whole Wheat Dry Mix Incomplete,Baked Foods,350,1.32,0,1632,74.11,7.9,10.53,10.53,0,158,7.11,368,1/4 cup mix 1 serving,38
Crackers Toast Thins Low Sodium,Baked Foods,442,16.13,0,177,67.66,9.7,12.9,6.45,0,0,3.48,306,1 serving,31
Crackers Whole Grain Sandwich-Type With Peanut Butter Filling,Baked Foods,465,21.18,0,635,54.59,9.4,9.41,14.12,0,33,3.07,330,6 cracker 1 serving,43
Crackers Water Biscuits,Baked Foods,384,7.14,0,571,72.81,7.1,0,7.14,0,0,0,99,4 cracker 1 serving,14
Cookies Gluten-Free Chocolate Sandwich With Creme Filling,Baked Foods,474,17.89,0,275,76.03,2.5,49,2.19,0,19,2.81,157,3 cookies,44
Cookies Gluten-Free Chocolate Wafer,Baked Foods,541,30.42,NULL,122,62.82,1.6,40.99,4.06,NULL,109,3.67,340,3 cookies,23
Cookies Gluten-Free Lemon Wafer,Baked Foods,515,24.18,NULL,111,74.39,0,42.31,0,NULL,9,0.18,36,3 cookies,30
Cookies Gluten-Free Vanilla Sandwich With Creme Filling,Baked Foods,493,20.47,NULL,201,74.61,0.5,46.68,2.66,NULL,14,0.34,105,3 cookies,44
Rolls Gluten-Free White Made With Brown Rice Flour Tapioca Starch And Potato Starch,Baked Foods,310,6.4,NULL,707,55.1,3.6,9.53,7.99,NULL,82,0.78,161,1 roll,36
Rolls Gluten-Free White Made With Rice Flour Rice Starch And Corn Starch,Baked Foods,239,2.65,0,593,50.47,5.1,6.87,3.34,0,180,3.57,76,1 roll,78
Rolls Gluten-Free White Made With Brown Rice Flour Tapioca Starch And Sorghum Flour,Baked Foods,257,8.2,NULL,544,40.24,2.9,2.98,5.65,NULL,41,0.89,165,1 roll,69
Rolls Gluten-Free Whole Grain Made With Tapioca Starch And Brown Rice Flour,Baked Foods,329,11.6,NULL,507,44.29,11.2,4.2,11.8,NULL,118,1.64,273,1 roll,44
Cookies Oatmeal Reduced Fat,Baked Foods,365,10.04,20,562,64.62,16.1,32.14,4.02,0,0,1.45,274,1 cookie,25
Cookies Chocolate Cream Covered Biscuit Sticks,Baked Foods,447,22.5,0,213,51.08,5,25,10,0,50,0.9,181,1 serving,40
Cookies Marie Biscuit,Baked Foods,406,10.58,0,370,70.54,3.5,21.16,7.05,0,0,0,307,5 cookie,28
Cookies Vanilla Sandwich With Creme Filling Reduced Fat,Baked Foods,423,10.42,0,354,78.16,2.1,37.5,4.17,0,42,2.25,104,1 serving cookie,48
Tonic Water,Beverages,34,0,0,12,8.8,0,8.8,0,0,1,0.01,0,1 fl oz,30.5
Energy Drink Red Bull Sugar Free With Added Caffeine Niacin Pantothenic Acid Vitamins B6 And B12,Beverages,5,0.08,0,83,0.7,0,0,0.25,0,13,0.02,3,1 serving 8.3 fl oz can,250
Root Beer,Beverages,41,0,0,13,10.6,0,10.6,0,0,5,0.05,1,1 fl oz,30.8
Gamay (Red Wine),Beverages,78,0,NULL,NULL,2.38,NULL,NULL,0.07,NULL,NULL,NULL,NULL,1 fl oz,29.4
Milk And Soy Chocolate Drink,Beverages,101,1.69,4,63,17.3,1.3,8.44,4.22,2.5,127,1.9,245,8 fl oz,237
Chocolate Malt Powder Prepared With 1% Milk Fortified,Beverages,57,0.97,5,60,8.81,0,7.81,3.32,2.5,160,1.14,191,1 cup dry mix,98
Carbonated Limeade High Caffeine,Beverages,17,0.11,0,40,4.11,0,3.97,0,0,2,0.03,19,1 cup,253
Low Calorie Cola,Beverages,0,0,0,16,0.1,0,0,0,NULL,4,0.02,4,1 fl oz,29.6
Coffee Ready To Drink Vanilla Light Milk Based Sweetened,Beverages,36,1.07,5,34,4.27,0,3.91,2.14,0,71,0,175, fl oz,281
Lemonade Fruit Juice Drink Light Fortified With Vitamin E And C,Beverages,21,0,0,5,5,0,5,0,0,2,0,10,8 fl oz,240
Chocolate-Flavor Beverage Mix Powder Prepared With Whole Milk,Beverages,85,3.24,9,58,11.96,0.4,NULL,3.23,NULL,95,0.3,172,1 cup (8 fl oz),266
Coffee Ready To Drink Milk Based Sweetened,Beverages,71,1.38,5,26,12.6,0,10.67,1.98,0,74,0.04,175,1 cup,262
Coffee Brewed Breakfast Blend,Beverages,2,0,0,1,0.17,0,0,0.3,0,2,0.02,50,1 cup,248
Clam And Tomato Juice Canned,Beverages,48,0.2,0,362,10.95,0.4,3.31,0.6,NULL,8,0.15,89,1 fl oz,30.2
Tea Green Ready To Drink Ginseng And Honey Sweetened,Beverages,30,0.18,0,2,7.16,0,6.87,0,0,3,0.02,5,1 cup,260
Minute Maid Lemonade,Beverages,46,0,0,6,12.08,0,11.67,0,0,2,0,10,8 fl oz,240
Diet Green Tea,Beverages,4,0,0,6,0.93,0,0.93,0,0,1,0,5,1 cup,269
Cocoa Mix No Sugar Added Powder,Beverages,377,3,0,876,71.93,7.5,37.65,15.49,0,576,4.96,2702,1 envelope alba (.675 oz),19
Cocoa Mix Nestle Rich Chocolate Hot Cocoa Mix,Beverages,400,15,0,850,75,4,60,3,NULL,100,1.8,0,1 serving 1 envelope,20
Tea Black Ready-To-Drink Lemon Sweetened,Beverages,45,0.22,0,3,10.8,0,9.49,0,0,4,0,14,1 cup,271
Decaf Coffee,Beverages,0,0,0,2,0,0,0,0.1,0,2,0.05,54,1 fl oz,29.6
Coffee,Beverages,1,0.02,0,2,0,0,0,0.12,0,2,0.01,49,1 fl oz,29.6
Espresso,Beverages,9,0.18,0,14,1.67,0,0,0.12,0,2,0.13,115,1 fl oz,29.6
Tea Black Ready-To-Drink Lemon Diet,Beverages,1,0,0,17,0.22,0,0,0,0,0,0,14,1 cup,265
Coffee Instant Regular Powder,Beverages,353,0.5,0,37,75.4,0,0,12.2,0,141,4.41,3535,1 tsp,1
Coffee Instant Decaffeinated Prepared With Water,Beverages,2,0,0,4,0.43,0,0,0.12,NULL,4,0.04,36,1 fl oz,29.9
Ocean Spray Cranberry-Apple Juice Drink Bottled,Beverages,56,0,0,19,13.68,0.6,13.12,0.29,0,2,0.04,14,8 fl oz,249
Ocean Spray Diet Cranberry Juice,Beverages,4,0,0,7,0.8,0.6,0.25,0.07,0,3,0.04,8,8 fl oz,237
Coffee Instant With Chicory,Beverages,355,0.2,0,277,78.9,0.5,NULL,9.3,NULL,103,4.76,3395,1 tsp rounded,1.8
Kraft Coffee Instant French Vanilla Cafe,Beverages,481,19.2,0,399,74.6,1.4,54.3,2.5,NULL,12,0.33,546,1 nlea serving,14
Ocean Spray Cran Raspberry Juice Drink,Beverages,49,0,0,14,11.96,0.6,11.4,0.28,0,2,0.04,18,8 fl oz,248
Ocean Spray Cran Lemonade,Beverages,45,0,0,52,11.12,0.6,10.4,0.07,0,2,0.03,10,8 fl oz,247
Ocean Spray Diet Cran Cherry,Beverages,4,0,0,8,0.7,0.6,0.22,0.21,0,1,0.04,12,8 fl oz,237
Cranberry-Grape Juice Drink Bottled,Beverages,56,0.1,0,3,14,0.1,NULL,0.2,NULL,8,0.01,24,1 fl oz,30.6
Cranberry Juice Cocktail Bottled,Beverages,54,0.1,0,2,13.52,0,11.87,0,0,3,0.1,14,1 fl oz,31.6
Cranberry Juice Cocktail Bottled Low Calorie With Calcium Saccharin And Corn Sweetener,Beverages,19,0.01,0,3,4.6,0,4.59,0.02,0,9,0.04,25,1 fl oz,29.6
Eggnog-Flavor Mix Powder Prepared With Whole Milk,Beverages,95,3.02,11,55,14.2,0,12.66,2.93,NULL,92,0.12,121,1 cup (8 fl oz),272
High Alcohol Beer,Beverages,58,0,0,4,0.27,0,0,0.9,0,8,0.03,62,1 fl oz,30.6
Malt Liquor Beverage,Beverages,40,0,0,3,0,0,0,0.35,0,3,0.03,33,1 bottle,1184
Rose Wine,Beverages,83,0,0,5,3.8,0,3.8,0.36,0,10,0.2,59,1 fl oz,30.3
Ocean Spray Cran Pomegranate,Beverages,47,0.01,0,12,12.56,0.6,12,0.07,0,2,0.12,11,8 fl oz,248
Tea Green Brewed Decaffeinated,Beverages,0,0,0,0,0,0,0,0,0,0,0,15, ml,240
Green Tea,Beverages,0,0,0,7,0,0,0,0,0,1,0,19,16 fl oz,473
Citrus Fruit Juice Drink Frozen Concentrate,Beverages,162,0.1,0,3,40.2,0.2,28.63,1.2,0,25,3.94,393,1 fl oz,35.2
Citrus Fruit Juice Drink Frozen Concentrate Prepared With Water,Beverages,46,0.03,0,4,11.42,0.1,8.13,0.34,NULL,9,1.12,112,1 fl oz,31
Fruit Punch Drink Without Added Nutrients Canned,Beverages,48,0,0,10,11.97,0,11.29,0,0,8,0.09,25,6 (3/4) fl oz,210
Tropical Punch Ready-To-Drink,Beverages,10,0,0,13,2.5,0,2.5,0,0,0,0,0,1 nlea serving,210
Grape Drink Canned,Beverages,61,0,0,16,15.72,0,13.06,0,0,52,0.07,12,1 fl oz,31.3
Tea Green Brewed Regular,Beverages,1,0,0,1,0,0,0,0.22,0,0,0.02,8,1 cup,245
Tea Instant Lemon With Added Ascorbic Acid,Beverages,385,0.3,0,5,97.6,0,NULL,0.6,NULL,3,0.16,217,1 serving (3 heaping tsp),23
86 Proof Liquor,Beverages,250,0,0,1,0.1,0,0,0,0,0,0.04,2,1 fl oz,27.8
90 Proof Liquor,Beverages,263,0,0,1,0,0,0,0,0,0,0.04,2,1 fl oz,27.8
Carbonated Beverage Chocolate-Flavored Soda,Beverages,42,0,0,4,10.7,0,10.7,0,0,4,0.1,50,1 fl oz,31
Water Bottled Non-Carbonated Evian,Beverages,0,0,NULL,0,0,NULL,NULL,0,NULL,8,0,0,1 fl oz,29.6
Powerade Zero Ion4 Calorie-Free Assorted Flavors,Beverages,0,0,0,42,0,0,0,0,0,2,0.05,10,8 fl oz,237
Wendys Tea Ready-To-Drink Unsweetened,Beverages,1,0,NULL,3,0,NULL,NULL,0.22,NULL,2,0,14,1 fl oz,29.6
Merlot,Beverages,83,0,NULL,4,2.51,0,0.62,0.07,NULL,8,0.46,127,1 fl oz,29.4
Water Non-Carbonated Bottles Natural Fruit Flavors Sweetened With Low Calorie Sweetener,Beverages,1,0,0,14,0.13,0,0,0,0,1,0,4,1 fl oz,29.6
V8 Splash Juice Drinks Diet Tropical Blend,Beverages,4,0,NULL,15,1.26,NULL,0.42,0,NULL,NULL,NULL,34,1 serving 8 oz,238
V8 Splash Juice Drinks Berry Blend,Beverages,29,0,NULL,21,7.41,NULL,7.41,0,NULL,NULL,NULL,14,1 serving 8 oz,243
V8 Splash Juice Drinks Fruit Medley,Beverages,33,0,NULL,21,7.82,NULL,7.82,0,NULL,NULL,NULL,10,1 serving 8 oz,243
V8 Splash Juice Drinks Guava Passion Fruit,Beverages,33,0,NULL,14,7.82,NULL,7.82,0,NULL,NULL,NULL,12,1 serving 8 oz,243
V8 Splash Juice Drinks Strawberry Kiwi,Beverages,29,0,NULL,21,7.41,NULL,7.41,0,NULL,NULL,NULL,14,1 serving 8 oz,243
V8 Splash Juice Drinks Tropical Blend,Beverages,29,0,NULL,21,7.41,NULL,7.41,0,NULL,NULL,NULL,12,1 serving 8 oz,243
V8 V-Fusion Juices Peach Mango,Beverages,49,0,NULL,28,11.38,0,10.57,0.41,NULL,8,0.15,85,1 serving 8 oz,246
V8 V-Fusion Juices Strawberry Banana,Beverages,49,0,NULL,28,11.79,0,10.16,0.41,NULL,8,0.15,102,1 serving 8 oz,246
Energy Drink Monster Fortified With Vitamins C B2 B3 B6 B12,Beverages,47,0,0,77,11.28,0,10.93,0.47,0,0,0.04,2,1 serving,240
Energy Drink Amp Sugar Free,Beverages,2,0,0,31,1.03,0,0,0,0,0,0,2,8 fl oz,240
Energy Drink Rockstar,Beverages,58,0.22,0,16,12.7,0,12.26,0.34,0,1,0.05,6,1 fl oz,31
Energy Drink Rockstar Sugar Free,Beverages,4,0.08,0,52,0.7,0,0,0.25,0,13,0.02,3,8 fl oz,240
Meal Supplement Drink Canned Peanut Flavor,Beverages,101,3.07,NULL,54,14.74,NULL,NULL,3.5,NULL,110,2.2,160,1 cup,158
Water With Corn Syrup And/or Sugar And Low Calorie Sweetener Fruit Flavored,Beverages,18,0,0,8,4.5,0,4.5,0,0,17,0,0,1 pouch,200
Horchata,Beverages,54,0.71,NULL,14,11.52,0,9.36,0.48,NULL,18,0.01,34,1 cup,228
Unsweetened Rice Milk,Beverages,47,0.97,0,39,9.17,0.3,5.28,0.28,1,118,0.2,27,8 fl oz (approximate weight 1 serving),240
Energy Drink Vault Citrus Flavor,Beverages,49,0,0,12,12.99,0,12.99,0,0,2,0.02,3,1 oz,31
Fruit Flavored Drink Reduced Sugar Greater Than 3% Fruit Juice High Vitamin C Added Calcium,Beverages,29,0.37,0,25,6.67,0,5,0,0.3,42,0,31,8 fl oz,240
Fruit Juice Drink Greater Than 3% Fruit Juice High Vitamin C And Added Thiamin,Beverages,54,0,0,61,13.16,0.1,12.11,0.13,0,3,0.25,122,8 fl oz,237
Tea Hibiscus Brewed,Beverages,0,0,0,4,0,0,0,0,0,8,0.08,20,8 fl oz,237
Fruit Juice Drink Greater Than 3% Juice High Vitamin C,Beverages,46,0.11,0,8,11.35,0.1,10.69,0.13,0,3,0.25,122,1 cup (8 fl oz),238
Striped Bass (Raw),Fish,97,2.33,80,69,0,0,NULL,17.73,NULL,15,0.84,256,3 oz,85
Fish Bluefish Raw,Fish,124,4.24,59,60,0,0,NULL,20.04,NULL,7,0.48,372,1 fillet,150
Fish Burbot Raw,Fish,90,0.81,60,97,0,0,NULL,19.31,NULL,50,0.9,404,1 fillet,116
Fish Butterfish Raw,Fish,146,8.02,65,89,0,0,NULL,17.28,NULL,22,0.5,375,1 fillet,32
Fish Carp Raw,Fish,127,5.6,66,49,0,0,0,17.83,24.7,41,1.24,333,3 oz,85
Fish Cisco Raw,Fish,98,1.91,50,55,0,0,NULL,18.99,NULL,12,0.4,354,1 fillet,79
Fish Cisco Smoked,Fish,177,11.9,32,481,0,0,0,16.36,13.3,26,0.49,293,1 oz,28.4
Fish Cod Atlantic Raw,Fish,82,0.67,43,54,0,0,0,17.81,0.9,16,0.38,413,3 oz,85
Cooked Atlantic Cod,Fish,105,0.86,55,78,0,0,0,22.83,1.2,14,0.49,244,3 oz,85
Fish Croaker Atlantic Cooked Breaded And Fried,Fish,221,12.67,84,348,7.54,0.4,NULL,18.2,NULL,32,0.86,340,1 fillet,87
Fish Cusk Raw,Fish,87,0.69,41,31,0,0,NULL,18.99,NULL,10,0.83,392,1 fillet,122
Fish Mahimahi Raw,Fish,85,0.7,73,88,0,0,NULL,18.5,NULL,15,1.13,416,3 oz,85
Fish Drum Freshwater Raw,Fish,119,4.93,64,75,0,0,NULL,17.54,NULL,60,0.9,275,3 oz,85
Fish Gefiltefish Commercial Sweet Recipe,Fish,84,1.73,30,524,7.41,0,NULL,9.07,NULL,23,2.48,91,1 piece,42
Fish Grouper Mixed Species Raw,Fish,92,1.02,37,53,0,0,NULL,19.38,NULL,27,0.89,483,3 oz,85
Cooked Grouper,Fish,118,1.3,47,53,0,0,NULL,24.84,NULL,21,1.14,475,3 oz,85
Fish Haddock Raw,Fish,74,0.45,54,213,0,0,0,16.32,0.5,11,0.17,286,3 oz,85
Fish Halibut Greenland Raw,Fish,186,13.84,46,80,0,0,0,14.37,27.4,3,0.66,268,3 oz,85
Canned Blue Crab,Fish,83,0.74,97,563,0,0,0,17.88,0,91,0.5,259,1 cup,135
Blue Crab Cakes,Fish,155,7.52,150,330,0.48,0,NULL,20.21,NULL,105,1.08,324,1 cake,60
Dungeness Crab (Raw),Fish,86,0.97,59,295,0.74,0,NULL,17.41,NULL,46,0.37,354,3 oz,85
Queen Crab (Raw),Fish,90,1.18,55,539,0,0,NULL,18.5,NULL,26,2.5,173,3 oz,85
Crustaceans Shrimp Mixed Species Cooked Breaded And Fried,Fish,242,12.28,138,344,11.47,0.4,0.8,21.39,0.1,67,1.26,225,3 oz,85
Cooked Shrimp,Fish,119,1.7,211,947,1.52,0,0,22.78,0.1,91,0.32,170,3 oz,85
Canned Shrimp,Fish,100,1.36,252,870,0,0,0,20.42,0,145,2.13,80,1 cup,128
Crustaceans Shrimp Mixed Species Imitation Made From Surimi,Fish,101,1.47,36,705,9.13,0,NULL,12.39,NULL,19,0.6,89,3 oz,85
Mollusks Clam Mixed Species Cooked Breaded And Fried,Fish,202,11.15,61,364,10.33,NULL,NULL,14.24,NULL,63,13.91,326,3 oz,85
Cooked Clams,Fish,148,1.95,67,1202,5.13,0,NULL,25.55,NULL,92,2.81,628,3 oz,85
Canned Clams,Fish,142,1.59,50,112,5.9,0,0,24.25,0.1,65,2.68,628,3 oz,85
Mollusks Clam Mixed Species Canned Liquid,Fish,2,0.02,3,215,0.1,0,0,0.4,0,13,0.3,149,3 oz,85
Mollusks Oyster Eastern Wild Raw,Fish,51,1.71,40,85,2.72,0,0.62,5.71,0,59,4.61,156,6 medium,84
Mollusks Oyster Eastern Cooked Breaded And Fried,Fish,199,12.58,71,417,11.62,NULL,NULL,8.77,NULL,62,6.95,244,3 oz,85
Cooked Wild Eastern Oysters,Fish,102,3.42,79,166,5.45,0,1.23,11.42,0,116,9.21,139,3 oz,85
Canned Eastern Oysters,Fish,68,2.47,55,112,3.91,0,0,7.06,0,45,6.7,229,3 oz,85
Fried Calamari,Fish,175,7.48,260,306,7.79,0,NULL,17.94,NULL,39,1.01,279,3 oz,85
Mollusks Whelk Unspecified Raw,Fish,137,0.4,65,206,7.76,0,0,23.84,0,57,5.03,347,3 oz,85
Whelk (Cooked),Fish,275,0.8,130,412,15.52,0,NULL,47.68,NULL,113,10.06,694,3 oz,85
Fish Salmon Chinook Smoked (Lox) Regular,Fish,117,4.32,23,2000,0,0,NULL,18.28,NULL,11,0.85,175,1 oz,28.4
Fish Tuna Light Canned In Water Without Salt Drained Solids,Fish,116,0.82,30,50,0,0,0,25.51,NULL,11,1.53,237,3 oz,85
Fish Tuna White Canned In Oil Without Salt Drained Solids,Fish,186,8.08,31,50,0,0,NULL,26.53,NULL,4,0.65,333,3 oz,85
Fish Tuna White Canned In Water Without Salt Drained Solids,Fish,128,2.97,42,50,0,0,NULL,23.62,NULL,14,0.97,237,3 oz,85
Fish Bass Freshwater Mixed Species Cooked Dry Heat,Fish,146,4.73,87,90,0,0,NULL,24.18,NULL,103,1.91,456,1 fillet,62
Cooked Pacific Cod,Fish,85,0.5,57,372,0,0,0,18.73,0.6,10,0.2,289,1 fillet,90
Fish Cusk Cooked Dry Heat,Fish,112,0.88,53,40,0,0,NULL,24.35,NULL,13,1.06,503,1 fillet,95
Cooked Mahimahi,Fish,109,0.9,94,113,0,0,NULL,23.72,NULL,19,1.45,533,3 oz,85
Fish Drum Freshwater Cooked Dry Heat,Fish,153,6.32,82,96,0,0,NULL,22.49,NULL,77,1.15,353,3 oz,85
Fish Mackerel Pacific And Jack Mixed Species Cooked Dry Heat,Fish,201,10.12,60,110,0,0,0,25.73,11.4,29,1.49,521,1 oz boneless,28.4
Fish Milkfish Cooked Dry Heat,Fish,190,8.63,67,92,0,0,NULL,26.32,NULL,65,0.41,374,3 oz,85
Fish Monkfish Cooked Dry Heat,Fish,97,1.95,32,23,0,0,NULL,18.56,NULL,10,0.41,513,3 oz,85
Cooked Walleye Pike,Fish,119,1.56,110,65,0,0,NULL,24.54,NULL,141,1.67,499,1 fillet,124
Wild Atlantic Salmon (Cooked),Fish,182,8.13,71,56,0,0,NULL,25.44,NULL,15,1.03,628,3 oz,85
Fish Salmon Chinook Cooked Dry Heat,Fish,231,13.38,85,60,0,0,NULL,25.72,NULL,28,0.91,505,3 oz,85
Fish Salmon Chum Cooked Dry Heat,Fish,154,4.83,95,64,0,0,NULL,25.82,NULL,14,0.71,550,3 oz,85
Fish Salmon Pink Cooked Dry Heat,Fish,153,5.28,55,90,0,0,0,24.58,13,8,0.45,439,3 oz,85
Fish Sucker White Cooked Dry Heat,Fish,119,2.97,53,51,0,0,NULL,21.49,NULL,90,1.67,487,1 fillet,124
Fish Sunfish Pumpkin Seed Cooked Dry Heat,Fish,114,0.9,86,103,0,0,NULL,24.87,NULL,103,1.54,449,1 fillet,37
Fish Trout Mixed Species Cooked Dry Heat,Fish,190,8.47,74,67,0,0,NULL,26.63,NULL,55,1.92,463,1 fillet,62
Cooked Skipjack,Fish,132,1.29,60,47,0,0,NULL,28.21,NULL,37,1.6,522,3 oz,85
Cooked Yellowfin Tuna,Fish,130,0.59,47,54,0,0,0,29.15,2,4,0.92,527,3 oz,85
Cooked Dungeness Crab,Fish,110,1.24,76,378,0.95,0,NULL,22.32,NULL,59,0.43,408,3 oz,85
Queen Crab (Cooked),Fish,115,1.51,71,691,0,0,NULL,23.72,NULL,33,2.88,200,3 oz,85
Cooked Spiny Lobster,Fish,143,1.94,90,227,3.12,0,NULL,26.41,NULL,63,1.41,208,3 oz,85
Cooked Cuttlefish,Fish,158,1.4,224,744,1.64,0,NULL,32.48,NULL,180,10.84,637,3 oz,85
Pork And Beef Beerwurst,Meats,277,22.53,62,881,3.76,0.9,0,14,0.9,27,1.73,244,2 oz,56
Beef Baloney (Bologna),Meats,299,26.13,57,1013,4.29,0,2.05,10.91,0.7,21,1.29,351,1 slice,30
Beef And Pork Baloney (Bologna),Meats,308,24.59,60,960,5.49,0,4.42,15.2,0.8,85,1.21,315,3 (1/2) oz,100
Pasta Cooked Unenriched With Added Salt,Grains and Pasta,157,0.93,0,131,30.59,1.8,0.56,5.8,0,7,0.5,44,1 cup spaghetti not packed,124
Cornmeal Degermed Unenriched White,Grains and Pasta,370,1.75,0,7,79.45,3.9,1.61,7.11,0,3,1.1,142,1 cup,157
Wheat Flour White (Industrial) 9% Protein Bleached Enriched,Grains and Pasta,367,1.43,0,2,77.32,NULL,0.54,8.89,0,20,5.06,131,,NULL
Wheat Flour White (Industrial) 9% Protein Bleached Unenriched,Grains and Pasta,367,1.43,0,2,77.32,2.4,0.54,8.89,0,20,1.26,131,,NULL
Wheat Flour White (Industrial) 10% Protein Bleached Enriched,Grains and Pasta,366,1.48,0,2,76.22,2.4,0.49,9.71,0,20,5.06,149,,NULL
Wheat Flour White (Industrial) 10% Protein Bleached Unenriched,Grains and Pasta,366,1.48,0,2,76.22,2.4,0.49,9.71,0,20,1.26,149,,NULL
Wheat Flour White (Industrial) 13% Protein Bleached Unenriched,Grains and Pasta,362,1.38,0,2,72.2,2.4,1.1,13.07,0,24,1.26,128,,NULL
Wheat Flour White (Industrial) 15% Protein Bleached Enriched,Grains and Pasta,362,1.41,0,2,69.88,2.4,0.92,15.33,0,17,5.06,120,,NULL
Wheat Flour White (Industrial) 15% Protein Bleached Unenriched,Grains and Pasta,362,1.41,0,2,69.88,2.4,0.92,15.33,0,17,1.26,120,,NULL
Millet Flour,Grains and Pasta,382,4.25,NULL,4,75.12,3.5,1.66,10.75,NULL,14,3.94,224,1 cup,119
Pasta Whole Grain 51% Whole Wheat Remaining Enriched Semolina Cooked,Grains and Pasta,156,1.48,NULL,4,30.87,4.5,0.65,5.67,NULL,11,1.58,71,1 cup spaghetti not packed,116
Pasta Whole Grain 51% Whole Wheat Remaining Enriched Semolina Dry,Grains and Pasta,361,2.55,NULL,12,73.3,11.3,2.2,13.2,NULL,25,3.41,318,1 cup spaghetti,91
Pasta Gluten-Free Brown Rice Flour Cooked Tinkyada,Grains and Pasta,138,1.67,0,4,32.2,1.7,0,3.46,0,5,0.53,25,1 cup spaghetti not packed,169
Pasta Gluten-Free Corn Flour And Quinoa Flour Cooked Ancient Harvest,Grains and Pasta,152,2.07,0,4,31.11,3.3,0.3,3.23,0,7,0.72,63,1 cup spaghetti packed,166
Fast Foods Biscuit With Egg And Sausage,Fast Foods,312,20.77,161,672,21.05,0.2,0.95,11.13,0.5,51,1.9,149,1 item,162
Biscuit With Egg Cheese And Bacon,Fast Foods,301,17.48,166,816,24.44,0.2,1.74,12.01,0.5,103,1.57,131,1 item,145
Biscuit With Ham,Fast Foods,342,16.3,22,974,38.75,0.7,1.97,11.85,0.3,142,2.41,174,1 biscuit,162
Biscuit With Sausage,Fast Foods,371,24.42,28,814,29.99,0.4,1.59,9.67,0.3,47,1.86,153,1 item,111
English Muffin With Cheese And Sausage,Fast Foods,338,20.67,43,668,25.28,0.5,1.98,13.28,0.4,210,3.14,179,1 item,108
English Muffin With Egg Cheese And Canadian Bacon,Fast Foods,228,9.66,168,617,21.67,0.4,2.13,13.64,0.6,192,2.3,173,1 sandwich,126
English Muffin With Egg Cheese And Sausage,Fast Foods,286,18.1,163,548,17.44,0.2,1.49,13.38,0.6,168,2.63,147,1 item,165
French Toast Sticks,Fast Foods,340,17.74,0,400,41.21,1.4,9.89,6,0,53,1.92,111,3 pieces,65
Sundae Strawberry,Fast Foods,175,5.13,14,60,29.18,0,NULL,4.09,NULL,105,0.21,177,1 sundae,153
Shrimp Breaded And Fried,Fast Foods,308,18.9,58,897,27.99,0.7,0.1,7.84,0,29,0.86,82,3 pieces shrimp,39
Burrito With Beans,Fast Foods,206,6.22,2,454,32.92,NULL,NULL,6.48,NULL,52,2.08,301,2 pieces,217
Burrito With Beans And Cheese,Fast Foods,205,6.05,5,563,31.23,4.2,1.73,7.35,0.1,124,2.37,261,1 each burrito,185
Pizza Hut 12 Inch Cheese Pizza Hand-Tossed Crust,Fast Foods,271,10.89,24,685,31.22,1.8,3.37,11.93,NULL,209,1.95,173,1 slice,96
Pizza Hut 12 Inch Cheese Pizza Pan Crust,Fast Foods,280,12.56,21,624,29.93,1.7,3.21,11.73,NULL,208,1.86,168,1 slice,100
Pizza Hut 12 Inch Cheese Pizza Thin N Crispy Crust,Fast Foods,303,14.1,34,784,28.64,1.6,2.67,15.29,NULL,278,1.71,191,1 slice,69
Dominos 14 Inch Cheese Pizza Crunchy Thin Crust,Fast Foods,298,15.1,27,628,28.18,2.5,4.09,12.33,NULL,292,0.91,202,1 slice,70
Dominos 14 Inch Pepperoni Pizza Classic Hand-Tossed Crust,Fast Foods,273,11.18,25,611,31.86,2.1,3.69,11.25,0,141,2.33,183,1 slice,113
Dominos 14 Inch Pepperoni Pizza Ultimate Deep Dish Crust,Fast Foods,283,12.1,24,693,31.89,2.4,3.91,11.52,NULL,149,2.54,190,1 slice,123
Dominos 14 Inch Extravaganzza Feast Pizza Classic Hand-Tossed Crust,Fast Foods,244,11.1,20,456,25.72,2,3.3,10.33,NULL,113,2.32,174,1 slice,151
Little Caesars 14 Inch Original Round Cheese Pizza Regular Crust,Fast Foods,265,9.54,24,454,31.5,1.7,4.02,13.39,0,233,2.34,170,1 slice,89
Little Caesars 14 Inch Original Round Pepperoni Pizza Regular Crust,Fast Foods,273,10.5,28,518,31.01,1.7,3.76,13.59,0,210,2.34,178,1 slice,90
Little Caesars 14 Inch Original Round Meat And Vegetable Pizza Regular Crust,Fast Foods,243,11.35,31,578,23.1,2.1,3.74,12.12,NULL,167,2.11,195,1 slice,115
Little Caesars 14 Inch Cheese Pizza Large Deep Dish Crust,Fast Foods,263,10.22,23,432,30.1,1.3,3.66,12.63,NULL,224,2.31,160,1 slice,102
Pizza Hut 14 Inch Cheese Pizza Thin N Crispy Crust,Fast Foods,306,12.8,30,857,34.22,2.4,3.13,13.37,NULL,284,2.52,197,1 slice,79
Pizza Hut 14 Inch Pepperoni Pizza Hand-Tossed Crust,Fast Foods,291,12.63,26,759,32.11,2.6,2.82,12.23,0,166,2.71,207,1 slice,110
Pizza Hut 14 Inch Pepperoni Pizza Pan Crust,Fast Foods,291,13.07,23,676,31.79,2,1.95,11.47,0,147,2.57,187,1 slice,113
Pizza Hut 14 Inch Super Supreme Pizza Hand-Tossed Crust,Fast Foods,248,10.95,28,658,26.01,2.3,3.04,11.34,NULL,104,1.53,208,1 slice,123
Fast Food Pizza Chain 14 Inch Pizza Meat And Vegetable Topping Regular Crust,Fast Foods,244,10.9,27,589,25.38,2.2,3.73,11.02,0,120,1.86,184,1 slice,136
Griddle Cake Sandwich Egg Cheese And Sausage,Fast Foods,291,17.73,132,652,22.04,0.6,7.9,10.77,0.5,96,1.51,146,1 item,199
Griddle Cake Sandwich Sausage,Fast Foods,318,17.76,24,737,31.25,1,11.23,8.41,0.2,63,1.42,145,1 item,135
Griddle Cake Sandwich Egg Cheese And Bacon,Fast Foods,272,13.19,147,718,26.19,0.8,9.56,12.03,0.3,109,1.65,158,1 item 6.1 oz,174
McDonalds Sausage Mcgriddles,Fast Foods,312,17.76,24,737,31.25,1,11.23,8.41,NULL,63,1.42,145,1 item,135
McDonalds Sausage Egg & Cheese Mcgriddles,Fast Foods,283,17.73,132,652,22.04,0.6,7.9,10.77,NULL,96,1.51,146,1 item 7 oz,199
McDonalds Vanilla Reduced Fat Ice Cream Cone,Fast Foods,162,4.86,15,67,26.36,0.1,19.49,4.24,NULL,129,0.35,193,1 item (3.2 oz),90
McDonalds Strawberry Sundae,Fast Foods,158,3.95,13,47,28.09,0,25.32,3.19,NULL,110,0.1,173,1 item (6.3 oz),178
McDonalds Sausage Burrito,Fast Foods,277,15.63,137,744,22.97,1.2,2.57,11.1,NULL,132,2.28,150,1 burrito,109
McDonalds Big Breakfast,Fast Foods,285,19.37,173,549,17.5,1.1,0.93,10.16,NULL,51,1.74,207,1 item 9.5 oz,269
McDonalds Double Cheeseburger,Fast Foods,282,16.09,48,668,18.79,0.8,4.23,15.5,NULL,178,2.24,216,1 sandwich,155
McDonalds Double Quarter Pounder With Cheese,Fast Foods,262,16.22,57,476,14.43,1,3.49,16.96,NULL,106,2.18,242,1 item,280
McDonalds Big Mac (Without Big Mac Sauce),Fast Foods,234,11.57,35,454,21.01,1.7,3.7,12.79,NULL,124,2.14,192,1 item,200
McDonalds Sausage Mcmuffin With Egg,Fast Foods,274,17.83,154,572,17.28,0.9,1.57,12.59,NULL,172,1.97,171,1 item 5.8 oz,165
McDonalds Bacon Egg & Cheese Biscuit,Fast Foods,304,18.77,167,863,22.26,0.9,2.18,13.45,NULL,109,2.13,121,1 item 4.9 oz,142
McDonalds Sausage Biscuit,Fast Foods,376,25.4,29,875,27.2,1.2,1.97,9.62,NULL,55,2.01,177,1 item 4.1 oz,117
McDonalds Sausage Biscuit With Egg,Fast Foods,311,22.26,152,664,19.28,0.8,1.43,11.27,NULL,58,2.03,165,1 item 5.7 oz,163
McDonalds Bacon Ranch Salad With Crispy Chicken,Fast Foods,122,6.3,22,273,6.08,1,1.53,8.82,NULL,46,0.61,NULL,1 item 11.3 oz,319
McDonalds Bacon Ranch Salad Without Chicken,Fast Foods,61,3.64,12,132,4.2,1.5,2.14,4.14,NULL,63,0.67,201,1 item 7.8 oz,223
McDonalds Side Salad,Fast Foods,20,0.19,0,12,4.3,1.6,2.24,1.03,NULL,24,0.65,220,1 item 3.1 oz,87
McDonalds Fruit N Yogurt Parfait,Fast Foods,105,1.3,5,58,20.72,1,12.83,2.73,NULL,86,0.45,167,1 item 5.2 oz,149
Burger King Croissanwich With Egg And Cheese,Fast Foods,283,15.78,139,650,24.79,0.7,4.03,10.35,NULL,231,1.9,168,1 item,110
Burger King French Toast Sticks,Fast Foods,349,17.74,0,428,41.21,1.4,9.89,6,NULL,53,1.92,111,1 stick,21
Burger King Hash Brown Rounds,Fast Foods,302,19.3,0,568,29.37,2.3,0.63,2.8,NULL,15,0.71,364,1 piece,5.6
Miniature Cinnamon Rolls,Fast Foods,403,17.95,21,554,53.38,2.2,17.98,7.02,NULL,54,2.55,131,1 each,25
Hamburger; Double Large Patty; With Condiments Vegetables And Mayonnaise,Fast Foods,252,15.66,46,289,13.74,1.4,3.52,13.94,0.1,35,2.8,192,1 item,374
Cheeseburger; Single Large Patty; With Condiments Vegetables And Mayonnaise,Fast Foods,268,15.8,51,473,17.73,1.1,4.5,13.69,0.1,73,2.3,208,1 sandwich,215
Cheeseburger; Single Large Patty; With Condiments,Fast Foods,269,14.4,48,591,19.72,1.2,3.6,15.21,0.1,179,1.02,223,1 item,199
Fast Foods Cheeseburger; Double Large Patty; With Condiments Vegetables And Mayonnaise,Fast Foods,253,15.63,49,405,12.62,1.3,3.61,15.5,0.1,68,4.12,202,1 item,355
Cheeseburger; Double Regular Patty; Double Decker Bun With Condiments And Special Sauce,Fast Foods,261,14.1,36,485,21.53,1.4,3.26,11.94,0.1,127,1.4,182,1 item,219
Blended Soft Serve Ice Cream With Cookies,Fast Foods,169,5.66,15,75,25.55,0.1,21.19,3.97,0,129,0.61,198,12 fl oz cup,337
Popeyes Biscuit,Fast Foods,401,23.71,2,745,40.95,3.8,3.46,6,NULL,108,2.51,173,1 biscuit,60
Popeyes Coleslaw,Fast Foods,161,11.18,7,218,14.12,1.7,10.83,0.98,NULL,31,0.23,118,1 package,120
Popeyes Mild Chicken Strips Analyzed 2006,Fast Foods,271,13.01,52,922,19.31,0.8,0,19.2,NULL,12,0.91,269,1 strip,54
Spaghetti With Meat Sauce Frozen Entree,Prepared Meals,90,1.01,6,238,15.24,1.8,2.6,5.05,0,18,1.25,144,1 serving,283
Beef Macaroni With Tomato Sauce Frozen Entree Reduced Fat,Prepared Meals,113,1.96,10,178,17.99,1.4,3.8,5.89,0,12,1.3,202,1 serving,269
Pasta With Sliced Franks In Tomato Sauce Canned Entree,Prepared Meals,90,2.38,9,287,12.7,1.6,3.17,4.37,0.4,60,0.91,191,1 serving (1 cup),252
Turkey Pot Pie Frozen Entree,Prepared Meals,176,8.8,16,350,17.7,1.1,NULL,6.5,NULL,NULL,1,NULL,1 package yields,397
Beef Pot Pie Frozen Entree Prepared,Prepared Meals,220,11.39,21,365,22.05,0.8,NULL,7.25,NULL,14,1.25,115,1 pie cooked (average weight),268
Tortellini Pasta With Cheese Filling Fresh-Refrigerated As Purchased,Prepared Meals,307,7.23,42,406,47,1.9,0.95,13.5,0,152,1.5,89,3/4 cup,81
Pizza Meat Topping Thick Crust Frozen Cooked,Fast Foods,274,11.52,21,690,30.76,2.3,3.88,11.76,0,150,1.7,201,1 slice 1/8 of 12 inch pizza,103
Pizza Pepperoni Topping Regular Crust Frozen Cooked,Fast Foods,274,13.13,27,590,24.69,2,3.39,14.38,0,168,2.43,239,1/4 pizza 12 inch diameter,127
Chili Con Carne With Beans Canned Entree,Prepared Meals,107,3.47,9,449,13.1,3.3,1.87,5.8,0,33,1.34,264,1 cup,242
Chili No Beans Canned Entree,Prepared Meals,118,7.1,21,411,6.1,0.5,1.1,7.53,0.1,30,2.01,185,1 cup,240
Spaghetti With Meatballs In Tomato Sauce Canned,Prepared Meals,100,4.11,7,280,11.45,2.7,2.91,4.37,0.2,29,1.03,217,1 cup,246
Pasta With Tomato Sauce No Meat Canned,Prepared Meals,71,0.71,6,381,13.94,0.9,4,2.22,0,13,0.91,192,1 serving (1 nlea serving),252
Lasagna With Meat & Sauce Low-Fat Frozen Entree,Prepared Meals,101,2.23,7,181,13.5,1.3,NULL,6.81,NULL,108,0.97,150,1 package,309
Burrito Beef And Bean Microwaved,Prepared Meals,298,11.94,9,659,38.95,6.9,1.36,8.73,NULL,39,3.12,271,1 burrito cooked,116
Egg Rolls Pork Refrigerated Heated,Prepared Meals,227,8.18,14,407,28.49,0,1.67,9.94,0.1,34,1.55,212,1 roll,85
Egg Rolls Chicken Refrigerated Heated,Prepared Meals,197,4.51,14,478,28.54,2.4,5.57,10.44,0,47,1.69,281,1 roll,80
Egg Rolls Vegetable Frozen Prepared,Prepared Meals,214,6.97,0,490,31.77,2.4,5.96,5.95,0,50,1.95,222,1 egg roll,68
Lasagna Vegetable Frozen Baked,Prepared Meals,139,6.04,14,445,14.18,1.9,2.54,6.87,0,150,0.55,170,1 serving,227
Hot Pockets Meatballs & Mozzarella Stuffed Sandwich Frozen,Prepared Meals,252,10.23,20,378,30.68,2.2,7.73,9.32,0.2,181,2.08,204,1 hot pocket (1 nlea serving),127
Lean Pockets Ham N Cheddar,Prepared Meals,230,6.53,20,423,32.52,1.7,7.6,10.28,0.2,196,2.15,203,1 hot pocket (1 nlea serving),127
Lean Pockets Meatballs & Mozzarella,Prepared Meals,240,7.7,20,557,32.28,2,8.81,10.49,NULL,196,2.06,221,1 each,128
Chili With Beans Microwavable Bowls,Prepared Meals,100,3.68,10,385,10.88,2.9,1.84,5.85,0,34,1.13,245,1 cup,244
Chicken Nuggets Dark And White Meat Precooked Frozen Not Reheated,Prepared Meals,268,17.31,32,540,16.09,1.6,0.72,12.02,0.3,47,0.95,206,1 serving,87
Chicken Nuggets White Meat Precooked Frozen Not Reheated,Prepared Meals,261,15.42,34,538,16.24,0.7,1.27,14.36,NULL,38,1.43,281,1 serving,82
Ravioli Cheese With Tomato Sauce Frozen Not Prepared Includes Regular And Light Entrees,Prepared Meals,111,2.61,11,280,17.31,1.4,4.09,4.52,0.1,79,0.93,233,1 cup,159
Lasagna With Meat Sauce Frozen Prepared,Prepared Meals,135,4.92,17,373,15.36,1.7,3.11,7.28,0,88,0.71,196,1 piece side,123
Beef Short Loin Porterhouse Steak Separable Lean And Fat Trimmed To 1/8 Inch Fat All Grades Cooked Grilled,Meats,276,18.57,83,64,0,0,0,25.4,0.1,19,3,257,3 oz,85
Beef Short Loin Porterhouse Steak Separable Lean And Fat Trimmed To 1/8 Inch Fat Select Raw,Meats,208,13.27,60,42,0,0,0,20.69,0.1,19,2.13,235,3 oz,85
Beef Short Loin Porterhouse Steak Separable Lean And Fat Trimmed To 1/8 Inch Fat Select Cooked Grilled,Meats,263,16.75,79,63,0,0,0,26.21,0.1,20,3.2,259,3 oz,85
Beef Short Loin T-Bone Steak Separable Lean And Fat Trimmed To 1/8 Inch Fat All Grades Raw,Meats,223,15.18,62,40,0,0,0,20.11,0.1,21,1.64,232,3 oz,85
Beef Round Knuckle Tip Side Steak Separable Lean And Fat Trimmed To 0 Inch Fat Choice Cooked Grilled,Meats,174,5.71,82,55,0,0,0,28.79,NULL,5,2.67,365,1 steak,141
Beef Round Knuckle Tip Side Steak Separable Lean And Fat  Trimmed To 0 Inch Fat Select Raw,Meats,123,3.24,61,57,0,0,0,21.96,NULL,5,2.38,386,3 oz,85
Beef Round Knuckle Tip Side Steak Separable Lean And Fat Trimmed To 0 Inch Fat Select Cooked Grilled,Meats,160,3.91,78,52,0,0,0,29.24,NULL,5,2.98,365,1 serving (3 oz),85
Beef Chuck Shoulder Clod Shoulder Tender Medallion Separable Lean And Fat Trimmed To 0 Inch Fat Choice Raw,Meats,145,6.36,56,59,0,0,0,20.51,NULL,5,2.01,339,1 medallion,40
Beef Chuck Shoulder Clod Shoulder Top And Center Steaks Separable Lean And Fat Trimmed To 0 Inch Fat Select Raw,Meats,140,5.51,58,58,0,0,0,21.13,NULL,4,2.64,370,3 oz,85
Beef Chuck Shoulder Clod Shoulder Top And Center Steaks Separable Lean And Fat Trimmed To 0 Inch Fat Select Cooked Grilled,Meats,176,6.94,77,62,0,0,0,26.66,NULL,5,3.23,401,1 steak,179
Beef Chuck Shoulder Clod Top Blade Steak Separable Lean And Fat Trimmed To 0 Inch Fat Choice Raw,Meats,182,11.33,65,74,0,0,0,18.75,NULL,5,2.23,302,3 oz,85
Beef Chuck Shoulder Clod Top Blade Steak Separable Lean And Fat Trimmed To 0 Inch Fat Choice Cooked Grilled,Meats,228,13.59,83,78,0,0,0,24.7,NULL,6,2.78,317,1 serving (3 oz),85
Beef Round Knuckle Tip Center Steak Separable Lean And Fat Trimmed To 0 Inch Fat Select Cooked Grilled,Meats,162,5.32,74,53,0,0,0,26.61,NULL,5,2.49,386,3 oz,85
Beef Round Outside Round Bottom Round Steak Separable Lean And Fat Trimmed To 0 Inch Fat Choice Raw,Meats,150,6.59,61,63,0,0,0,21.24,NULL,5,2.34,338,3 oz,85
Beef Round Outside Round Bottom Round Steak Separable Lean And Fat Trimmed To 0 Inch Fat Choice Cooked Grilled,Meats,191,8.3,78,57,0,0,0,27.22,NULL,5,2.92,361,1 serving (3 oz),85
Beef Round Outside Round Bottom Round Steak Separable Lean And Fat Trimmed To 0 Inch Fat Select Raw,Meats,129,3.83,61,62,0,0,0,22.15,NULL,5,2.91,360,3 oz,85
Beef Round Knuckle Tip Side Steak Separable Lean And Fat Trimmed To 0 Inch Fat All Grades Cooked Grilled,Meats,168,4.84,80,54,0,0,0,29.08,NULL,5,2.77,365,1 serving (3 oz),85
Beef Chuck Shoulder Clod Shoulder Top And Center Steaks Separable Lean And Fat Trimmed To 0 Inch Fat All Grades Raw,Meats,141,5.88,57,60,0,0,0,20.67,NULL,4,2.31,355,3 oz,85
Beef Chuck Shoulder Clod Shoulder Top And Center Steaks Separable Lean And Fat Trimmed To 0 Inch Fat All Grades Cooked Grilled,Meats,182,7.66,76,60,0.12,0,0,26.3,NULL,5,2.79,361,1 serving (3 oz),85
Beef Chuck Shoulder Clod Top Blade Steak Separable Lean And Fat Trimmed To 0 Inch Fat All Grades Raw,Meats,176,10.52,66,74,0,0,0,18.99,NULL,6,2.36,309,3 oz,85
Beef Round Outside Round Bottom Round Steak Separable Lean And Fat Trimmed To 0 Inch Fat All Grades Cooked Grilled,Meats,182,7.1,77,58,0,0,0,27.52,NULL,5,2.99,363,1 serving (3 oz),85
Beef Chuck Shoulder Clod Shoulder Tender Medallion Separable Lean And Fat Trimmed To 0 Inch Fat Select Cooked Grilled,Meats,172,6.43,80,58,0.33,0,0,26.45,NULL,5,2.6,348,1 medallion,34
Beef Plate Steak Boneless Inside Skirt Separable Lean Only Trimmed To 0 Inch Fat Choice Raw,Meats,171,9.76,64,67,0,0,0,20.89,0.1,6,1.74,264,3 oz,85
Beef Plate Steak Boneless Inside Skirt Separable Lean Only Trimmed To 0 Inch Fat Select Cooked Grilled,Meats,223,11.16,91,62,0,0,0,30.64,0.1,7,2.36,312,3 oz,85
Beef Plate Steak Boneless Inside Skirt Separable Lean Only Trimmed To 0 Inch Fat Select Raw,Meats,153,7.41,63,66,0,0,0,21.61,0.1,6,1.76,292,3 oz,85
Beef Plate Steak Boneless Outside Skirt Separable Lean Only Trimmed To 0 Inch Fat All Grades Cooked Grilled,Meats,282,19.01,102,71,0,0,0,27.68,0.2,7,5.21,284,3 oz,85
Beef Plate Steak Boneless Outside Skirt Separable Lean Only Trimmed To 0 Inch Fat Select Raw,Meats,198,13.44,69,65,0.23,0,0,19.14,0.2,6,3.8,260,3 oz,85
Beef Rib Eye Steak Boneless Lip Off Separable Lean Only Trimmed To 0 Inch Fat All Grades Cooked Grilled,Meats,206,10.37,79,59,0,0,0,28.11,0.1,7,2.53,296,3 oz,85
Beef Rib Eye Steak Boneless Lip Off Separable Lean Only Trimmed To 0 Inch Fat All Grades Raw,Meats,154,7.41,66,56,0,0,0,21.85,0.1,6,1.94,276,3 oz,85
Beef Rib Eye Steak Boneless Lip Off Separable Lean Only Trimmed To 0 Inch Fat Choice Cooked Grilled,Meats,215,11.75,80,60,0,0,0,27.39,0.1,8,2.65,282,3 oz,85
Beef Rib Back Ribs Bone-In Separable Lean Only Trimmed To 0 Inch Fat All Grades Raw,Meats,239,17.91,70,60,0.46,0,0,19.11,NULL,9,1.84,258,3 oz,85
Beef Rib Back Ribs Bone-In Separable Lean Only Trimmed To 0 Inch Fat Choice Cooked Braised,Meats,306,21.72,91,68,0,0,0,27.75,0.2,22,2.64,280,3 oz,85
Beef Rib Back Ribs Bone-In Separable Lean Only Trimmed To 0 Inch Fat Choice Raw,Meats,252,19.36,72,61,0.64,0,0,18.72,0.2,8,1.83,254,3 oz,85
Beef Rib Back Ribs Bone-In Separable Lean Only Trimmed To 0 Inch Fat Select Cooked Braised,Meats,287,18.84,89,68,0,0,0,29.28,0.1,22,2.68,289,3 oz,85
Beef Rib Eye Roast Bone-In Lip-On Separable Lean And Fat Trimmed To 1/8 Inch Fat Select Cooked Roasted,Meats,290,21.85,79,64,0,0,0,23.36,NULL,14,2.13,262,3 oz,85
Beef Rib Eye Roast Bone-In Lip-On Separable Lean And Fat Trimmed To 1/8 Inch Fat All Grades Cooked Roasted,Meats,300,22.91,82,63,0,0,0,23.47,0.2,13,2.14,263,3 oz,85
Beef Rib Eye Steak/roast Bone-In Lip-On Separable Lean And Fat Trimmed To 1/8 Inch Fat All Grades Raw,Meats,255,20.31,69,56,0,0,0,18.13,0.2,10,1.74,233,3 oz,85
Beef Rib Eye Steak/roast Bone-In Lip-On Separable Lean And Fat Trimmed To 1/8 Inch Fat Choice Raw,Meats,260,20.96,70,57,0,0,0,17.92,0.2,10,1.73,231,3 oz,85
Beef Rib Eye Roast Boneless Lip-On Separable Lean And Fat Trimmed To 1/8 Inch Fat All Grades Cooked Roasted,Meats,292,21.66,81,52,0,0,0,24.3,0.2,11,1.95,286,3 oz,85
Beef Rib Eye Roast Boneless Lip-On Separable Lean And Fat Trimmed To 1/8 Inch Fat Choice Cooked Roasted,Meats,303,22.98,82,51,0,0,0,23.92,0.2,11,2,281,3 oz,85
Beef Rib Eye Roast Boneless Lip-On Separable Lean And Fat Trimmed To 1/8 Inch Fat Select Cooked Roasted,Meats,277,19.68,80,54,0,0,0,24.85,0.1,11,1.87,295,3 oz,85
Beef Rib Eye Steak/roast Boneless Lip-On Separable Lean And Fat Trimmed To 1/8 Inch Fat All Grades Raw,Meats,244,18.73,70,50,0,0,0,18.85,0.1,8,1.74,236,3 oz,85
Beef Plate Steak Boneless Inside Skirt Separable Lean And Fat Trimmed To 0 Inch Fat Select Cooked Grilled,Meats,233,12.54,91,61,0,0,0,30.06,0.1,7,2.34,307,3 oz,85
Beef Plate Steak Boneless Inside Skirt Separable Lean And Fat Trimmed To 0 Inch Fat All Grades Raw,Meats,187,11.71,65,64,0,0,0,20.38,0.1,6,1.71,262,3 oz,85
Beef Plate Steak Boneless Inside Skirt Separable Lean And Fat Trimmed To 0 Inch Fat Choice Raw,Meats,195,12.78,65,65,0,0,0,20.06,0.1,6,1.7,254,3 oz,85
Beef Plate Steak Boneless Inside Skirt Separable Lean And Fat Trimmed To 0 Inch Fat Select Raw,Meats,174,10.11,65,65,0,0,0,20.87,0.1,6,1.73,283,3 oz,85
Beef Ground Unspecified Fat Content Cooked,Meats,240,14.53,84,85,0.62,0,0,25.07,0.2,25,2.67,353,3 oz,85
Beef Plate Steak Boneless Outside Skirt Separable Lean And Fat Trimmed To 0 Inch Fat Choice Raw,Meats,238,18.44,71,65,0.35,0,0,17.69,0.1,6,3.35,240,3 oz,85
Beef Plate Steak Boneless Outside Skirt Separable Lean And Fat Trimmed To 0 Inch Fat Select Raw,Meats,222,16.31,70,63,0.36,0,0,18.43,0.1,6,3.63,251,3 oz,85
Beef Rib Eye Steak Boneless Lip Off Separable Lean And Fat Trimmed To 0 Inch Fat All Grades Cooked Grilled,Meats,271,19.02,78,58,0,0,0,24.85,0.1,12,2.4,279,3 oz,85
Beef Rib Eye Steak Boneless Lip Off Separable Lean And Fat Trimmed To 0 Inch Fat Choice Cooked Grilled,Meats,285,21.1,80,58,0,0,0,23.89,0.2,12,2.49,264,3 oz,85
Beef Rib Back Ribs Bone-In Separable Lean And Fat Trimmed To 0 Inch Fat All Grades Cooked Braised,Meats,360,29.21,87,63,0,0,0,24.23,0.2,23,2.4,255,3 oz,85
Beef Rib Back Ribs Bone-In Separable Lean And Fat Trimmed To 0 Inch Fat Choice Cooked Braised,Meats,372,30.95,88,61,0,0,0,23.34,0.2,23,2.34,248,3 oz,85
Beef Rib Back Ribs Bone-In Separable Lean And Fat Trimmed To 0 Inch Fat Select Cooked Braised,Meats,341,26.59,85,64,0,0,0,25.56,0.2,24,2.49,267,3 oz,85
Beef Rib Back Ribs Bone-In Separable Lean And Fat Trimmed To 0 Inch Fat All Grades Raw,Meats,324,28.42,75,53,0.78,0,0,16.15,0.2,10,1.63,218,3 oz,85
Beef Loin Top Sirloin Cap Steak Boneless Separable Lean Only Trimmed To 1/8 Inch Fat All Grades Cooked Grilled,Meats,181,7.23,84,62,0.73,0,0,28.26,0.1,17,2.02,371,3 oz,85
Beef Loin Top Sirloin Cap Steak Boneless Separable Lean Only Trimmed To 1/8 Inch Fat Choice Cooked Grilled,Meats,189,7.96,83,62,1.07,0,0,28.19,0.1,17,2.04,374,3 oz,85
Beef Loin Top Sirloin Cap Steak Boneless Separable Lean Only Trimmed To 1/8 Inch Fat Select Cooked Grilled,Meats,170,6.14,85,63,0.22,0,0,28.36,0.1,21,1.82,389,3 oz,85
Beef Loin Top Sirloin Cap Steak Boneless Separable Lean Only Trimmed To 1/8 Inch Fat All Grades Raw,Meats,134,5.36,67,55,0,0,0,21.38,0.1,5,2,375,3 oz,85
Beef Loin Top Sirloin Cap Steak Boneless Separable Lean Only Trimmed To 1/8 Inch Fat Choice Raw,Meats,138,5.82,67,60,0,0,0,21.34,0.1,5,2.08,367,3 oz,85
Blue Cheese,Dairy and Egg Products,353,28.74,75,1146,2.34,0,0.5,21.4,0.5,528,0.31,256,1 oz,28.4
Brick Cheese,Dairy and Egg Products,371,29.68,94,560,2.79,0,0.51,23.24,0.5,674,0.43,136,1 cup diced,132
Brie Cheese,Dairy and Egg Products,334,27.68,100,629,0.45,0,0.45,20.75,0.5,184,0.5,152,1 oz,28.4
Camambert,Dairy and Egg Products,300,24.26,72,842,0.46,0,0.46,19.8,0.4,388,0.33,187,1 oz,28.4
Cottage Cheese (Blended),Dairy and Egg Products,98,4.3,17,315,3.38,0,2.67,11.12,0.1,83,0.07,104,4 oz,113
Cottage Cheese (Blended With Fruit),Dairy and Egg Products,97,3.85,13,344,4.61,0.2,2.38,10.69,0,53,0.16,90,4 oz,113
Nonfat Cottage Cheese,Dairy and Egg Products,72,0.29,7,372,6.66,0,1.85,10.34,0,86,0.15,137,1 cup (not packed),145
Lowfat Cottage Cheese (2%),Dairy and Egg Products,81,2.27,12,308,4.76,0,4,10.45,0,111,0.13,125,4 oz,113
Egg Whites (Raw),Dairy and Egg Products,52,0.17,0,166,0.73,0,0.71,10.9,0,7,0.08,163,1 large,33
Egg Yolks (Raw),Dairy and Egg Products,322,26.54,1085,48,3.59,0,0.56,15.86,5.4,129,2.73,109,1 large,17
Egg Omelet,Dairy and Egg Products,154,11.66,313,155,0.64,0,0.31,10.57,1.7,48,1.48,117,1 tbsp,15
Poached Eggs,Dairy and Egg Products,143,9.47,370,297,0.71,0,0.37,12.51,2,56,1.75,138,1 large,50
Scrambled Eggs,Dairy and Egg Products,149,10.98,277,145,1.61,0,1.39,9.99,1.8,66,1.31,132,1 large,61
Dried Eggs,Dairy and Egg Products,592,43.9,1630,476,1.13,0,0.56,48.05,8.3,244,7.2,540,1 cup sifted,85
Egg Duck Whole Fresh Raw,Dairy and Egg Products,185,13.77,884,146,1.45,0,0.93,12.81,1.7,64,3.85,222,1 egg,70
Egg Goose Whole Fresh Raw,Dairy and Egg Products,185,13.27,852,138,1.35,0,0.94,13.87,1.7,60,3.64,210,1 egg,144
Egg Quail Whole Fresh Raw,Dairy and Egg Products,158,11.09,844,141,0.41,0,0.4,13.05,1.4,64,3.65,132,1 egg,9
Egg Turkey Whole Fresh Raw,Dairy and Egg Products,171,11.88,933,151,1.15,0,NULL,13.68,NULL,99,4.1,142,1 egg,79
Milk Reduced Fat Fluid 2% Milkfat With Added Nonfat Milk Solids Without Added Vitamin A,Dairy and Egg Products,56,1.98,8,59,5.49,0,NULL,3.95,NULL,143,0.06,182,1 cup,245
Milk Canned Evaporated With Added Vitamin A,Dairy and Egg Products,134,7.56,29,106,10.04,0,NULL,6.81,NULL,261,0.19,303,1 fl oz,31.5
Milk Dry Nonfat Regular With Added Vitamin A And Vitamin D,Dairy and Egg Products,362,0.77,20,535,51.98,0,51.98,36.16,11,1257,0.32,1794,1/4 cup,30
Milk Dry Nonfat Instant Without Added Vitamin A And Vitamin D,Dairy and Egg Products,358,0.72,18,549,52.19,0,52.19,35.1,0,1231,0.31,1705,1 cup,68
Hard Goat Cheese,Dairy and Egg Products,452,35.59,105,423,2.17,0,2.17,30.52,0.7,895,1.88,48,1 oz,28.4
Cheese Substitute Mozzarella,Dairy and Egg Products,248,12.22,0,685,23.67,0,23.67,11.47,0,610,0.4,455,1 cup shredded,113
Yogurt Greek 2% Fat Mango Chobani,NULL,93,1.69,5,30,11.84,0.5,NULL,7.64,NULL,89,0.03,NULL,,NULL
Cheese Sauce Prepared From Recipe,Dairy and Egg Products,197,14.92,38,493,5.48,0.1,0.19,10.33,1,311,0.35,142,2 tbsp,30
Cheese Mexican Queso Anejo,Dairy and Egg Products,373,29.98,105,1131,4.63,0,4.63,21.44,0.5,680,0.47,87,1 cup crumbled,132
Egg Whole Raw Frozen Pasteurized,Dairy and Egg Products,147,9.95,372,128,1.01,0,0.25,12.33,2.6,62,1.74,135,1 oz,28
Egg White Raw Frozen Pasteurized,Dairy and Egg Products,48,0,0,169,1.04,0,0.25,10.2,0,8,0.04,169,1 oz,28
Egg White Dried,Dairy and Egg Products,382,0,0,1280,7.8,0,5.4,81.1,0,62,0.15,1125,1 oz,28
Milk Reduced Fat Fluid 2% Milkfat Without Added Vitamin A And Vitamin D,Dairy and Egg Products,50,1.98,8,47,4.8,0,5.06,3.3,0,120,0.02,140,1 cup,246
Parmesan Cheese Topping Fat Free,Dairy and Egg Products,370,5,20,1150,40,0,1.5,40,0,800,5,600,1 tablespoon,5
Fat Free Cream Cheese,Dairy and Egg Products,105,1,12,702,7.66,0,5.48,15.69,0,351,0.19,278,1 tbsp,18
Yogurt Chocolate Nonfat Milk,Dairy and Egg Products,112,0,1,135,23.53,1.2,14.97,3.53,0,88,0.42,339,1 container (6 oz),170
Kraft Cheez Whiz Pasteurized Process Cheese Sauce,Dairy and Egg Products,276,21,75,1638,9.2,0.3,6.7,12,NULL,359,0.19,240,2 tbsp,33
Kraft Breakstones Reduced Fat Sour Cream,Dairy and Egg Products,152,12,50,59,6.5,0.1,6.4,4.5,NULL,161,0.06,210,2 tbsp,31
Kraft Breakstones Free Fat Free Sour Cream,Dairy and Egg Products,91,1.3,9,72,15.1,0,7.2,4.7,NULL,141,0.05,219,2 tbsp,32
Cream Half And Half Fat Free,Dairy and Egg Products,59,1.4,5,100,9,0,5,2.6,0,96,0,206,2 tbsp,29
Reddi Wip Fat Free Whipped Topping,Dairy and Egg Products,149,5,16,72,25,0.4,16,3,0,108,0.03,108,1 tablespoon,4
Cream Substitute Flavored Powdered,Dairy and Egg Products,482,21.47,0,123,75.42,1.2,58.01,0.68,0,5,0.63,90,4 tsp,12
Low Fat Provolone,Dairy and Egg Products,274,17.6,55,615,3.5,0,0.55,24.7,0.3,756,0.52,138,1 cup diced,132
Cheese Mexican Blend Reduced Fat,Dairy and Egg Products,282,19.4,62,776,3.41,0,0.56,24.69,0.4,1146,0.13,93,1 oz,28.4
Milk Whole 3.25% Milkfat Without Added Vitamin A And Vitamin D,Dairy and Egg Products,61,3.27,10,43,4.78,0,5.05,3.15,0.1,113,0.03,132,1 cup,244
Yogurt Fruit Lowfat With Low Calorie Sweetener Fortified With Vitamin D,Dairy and Egg Products,105,1.41,6,58,18.6,0,2.9,4.86,1.3,152,0.07,194,1 container (6 oz),170
Yogurt Vanilla Low Fat 11 Grams Protein Per 8 Ounce Fortified With Vitamin D,Dairy and Egg Products,85,1.25,5,66,13.8,0,13.8,4.93,1.2,171,0.07,219,1 container (6 oz),170
Yogurt Vanilla Or Lemon Flavor Nonfat Milk Sweetened With Low-Calorie Sweetener Fortified With Vitamin D,Dairy and Egg Products,43,0.18,2,59,7.5,0,7.5,3.86,1.2,143,0.12,177,1 container (6 oz),170
Nonfat Chocolate Yogurt,Dairy and Egg Products,112,0,1,135,23.53,1.2,14.97,3.53,1.2,88,0.42,339,1 container (6 oz),170
Cheese Dry White Queso Seco,Dairy and Egg Products,325,24.35,78,1808,2.04,NULL,0.55,24.51,1.8,661,0.18,116,1 cup grated,97
Queso Fresco,Dairy and Egg Products,299,23.82,69,751,2.98,0,2.32,18.09,2.7,566,0.2,129,1 cup crumbled,122
Queso Blanco,Dairy and Egg Products,310,24.31,70,704,2.53,NULL,1.76,20.38,0.7,690,0.18,126,1 cup crumbled,118
Buttermilk,Dairy and Egg Products,62,3.31,11,105,4.88,0,4.88,3.21,1.3,115,0.03,135,1 cup,245
Ice Cream Sandwich,Dairy and Egg Products,237,8.57,21,129,37.14,0,18.57,4.29,0,86,0.26,115,1 serving,70
Ice Cream Cookie Sandwich,Dairy and Egg Products,240,7.4,6,162,39.6,1.2,21.3,3.7,0,73,1.1,68,1 serving,82
Ice Cream Cone Chocolate Covered With Nuts Flavors Other Than Chocolate,Dairy and Egg Products,354,21.88,21,94,34.38,1,25,5.21,0.1,63,0,222,1 unit,96
Ice Cream Sandwich Made With Light Ice Cream Vanilla,Dairy and Egg Products,186,3.04,7,146,39.64,0,17.86,4.29,0,30,0.09,41,1 serving,70
Ice Cream Sandwich Vanilla Light No Sugar Added,Dairy and Egg Products,200,2.86,21,164,42.86,7.1,6.58,5.71,0,86,0,41,1 serving,70
Ground Turmeric,Spices and Herbs,312,3.25,0,27,67.14,22.7,3.21,9.68,0,168,55,2080,1 tsp,3
Basil,Spices and Herbs,23,0.64,0,4,2.65,1.6,0.3,3.15,0,177,3.17,295,5 leaves,2.5
Dill,Spices and Herbs,43,1.12,0,61,7.02,2.1,NULL,3.46,0,208,6.59,738,5 sprigs,1
Yellow Mustard,Spices and Herbs,60,3.34,0,1104,5.83,4,0.92,3.74,0,63,1.61,152,1 tsp or 1 packet,5
Imitation Vanilla Extract,Spices and Herbs,237,0,0,4,2.41,0,NULL,0.05,0,0,0.13,98,1 tsp,4.2
Imitation Vanilla Extract (No Alcohol),Spices and Herbs,56,0,0,3,14.4,0,14.4,0.03,0,3,0.05,0,1 tsp,4.2
Distilled Vinegar,Spices and Herbs,18,0,0,2,0.04,0,0.04,0,0,6,0.03,2,1 tbsp,14.9
Capers,Spices and Herbs,23,0.86,0,2348,4.89,3.2,0.41,2.36,0,40,1.67,40,1 tbsp drained,8.6
Dried Spearmint,Spices and Herbs,285,6.03,0,344,52.04,29.8,NULL,19.93,0,1488,87.47,1924,1 tsp,0.5
Red Wine Vinegar,Spices and Herbs,19,0,NULL,8,0.27,0,0,0.04,NULL,6,0.45,39,1 tbsp,14.9
Balsamic Vinegar,Spices and Herbs,88,0,NULL,23,17.03,NULL,14.95,0.49,NULL,27,0.72,112,1 tbsp,16
Seasoning Mix Dry Sazon Coriander & Annatto,Spices and Herbs,0,0,0,17000,0,0,0,0,NULL,0,0,NULL,1/4 tsp,1
Seasoning Mix Dry Taco Original,Spices and Herbs,322,0,0,7203,58,13.3,10.83,4.5,NULL,0,7.2,1000,2 tsp,5.7
Babyfood Meat Beef Junior,Baby Foods,81,2.52,51,41,2.43,0,0,12.03,0.4,5,0.98,187,1 oz,28.4
Babyfood Meat Veal Strained,Baby Foods,81,2.45,33,39,1.51,0,0,13.12,0.7,6,0.76,170,1 tbsp,16
Babyfood Meat Pork Strained,Baby Foods,124,7.1,48,42,0,0,0,14,NULL,5,1,223,1 oz,28.4
Babyfood Meat Ham Strained,Baby Foods,97,3.8,24,44,3.7,0,0,11.3,0.4,6,1.03,204,1 tbsp,15
Babyfood Meat Chicken Junior,Baby Foods,146,9.6,59,49,0,0,0,14,0,55,0.99,122,1 tbsp,15
Babyfood Meat Chicken Sticks Junior,Baby Foods,188,14.4,78,267,1.5,0.2,1.4,14.6,0.1,73,1.56,106,1 stick,10
Babyfood Meat Turkey Strained,Baby Foods,111,6.2,58,49,1.4,0,0,11.5,0.8,41,0.7,135,1 tbsp,15
Babyfood Meat Turkey Junior,Baby Foods,111,6.2,58,49,1.4,0,0,11.5,0.8,41,0.7,135,1 tbsp,19
Finger Snacks Gerber Graduate Puffs Apple And Cinnamon,Baby Foods,344,2.3,0,13,85.79,3.8,17.84,6.19,0,535,24.74,196,,NULL
Babyfood Water Bottled Gerber Without Added Fluoride.,Baby Foods,0,0,0,0,0,0,0,0,0,0,0,0,1 serving,113
Babyfood Gerber 3rd Foods Apple Mango And Kiwi,Baby Foods,48,0,0,2,12.88,2,10.18,0.47,0,9,0.17,123,,NULL
Babyfood Tropical Fruit Medley,Baby Foods,46,0.14,0,0,12.22,1.3,9.78,0.31,0,0,0,141,,NULL
Babyfood Dinner Vegetables And Dumplings And Beef Strained,Baby Foods,48,0.9,NULL,49,7.7,NULL,0,2,NULL,14,0.39,46,1 oz,28.4
Babyfood Ravioli Cheese Filled With Tomato Sauce,Baby Foods,99,2.2,7,282,16.3,0.1,0.59,3.6,0,54,0.8,32,1 tbsp,16
Babyfood Dinner Beef Noodle Strained,Baby Foods,63,2.26,8,15,8.18,1.3,1.42,2.44,0,10,0.41,87,1 tbsp,16
Babyfood Macaroni And Cheese Toddler,Baby Foods,82,2.6,7,264,11.2,0.5,0.79,3.5,0,102,0.6,18,1 container,113
Babyfood Dinner Beef And Rice Toddler,Baby Foods,82,2.9,NULL,32,8.8,NULL,0,5,NULL,11,0.69,120,1 oz,28.4
Babyfood Dinner Beef With Vegetables,Baby Foods,96,6.93,12,38,6.36,1.8,2.16,2.03,0,19,0.33,127,1 jar beech-nut stage 2 (4 oz),113
Babyfood Dinner Vegetables And Lamb Junior,Baby Foods,51,1.7,5,13,7.1,1.1,0.94,2.1,0,13,0.34,95,1 oz,28.4
Babyfood Dinner Chicken Noodle Strained,Baby Foods,74,3.22,8,25,7.81,1.7,2.69,3.53,0.1,27,0.49,143,1 tbsp,16
Babyfood Dinner Chicken Noodle Junior,Baby Foods,74,3.23,8,25,7.8,1.7,2.67,3.53,0,27,0.49,143,1 tbsp,16
Babyfood Dinner Vegetables Noodles And Chicken Junior,Baby Foods,64,2.2,NULL,26,9.1,1.1,NULL,1.7,NULL,26,0.49,59,1 oz,28.4
Babyfood Dinner Pasta With Vegetables,Baby Foods,60,2.1,5,11,8.4,1.5,1.2,1.7,0,14,0.5,133,1 jar gerber (4 oz),113
Babyfood Dinner Vegetables And Noodles And Turkey Strained,Baby Foods,44,1.2,NULL,21,6.8,1.1,NULL,1.2,NULL,32,0.19,63,1 oz,28.4
Babyfood Dinner Vegetables And Noodles And Turkey Junior,Baby Foods,52,1.5,NULL,17,7.6,1.1,NULL,1.8,NULL,32,0.26,73,1 oz,28.4
Babyfood Dinner Turkey And Rice Strained,Baby Foods,52,1.24,5,19,7.94,0.9,1.66,2.27,0,18,0.29,91,1 tbsp,16
Babyfood Dinner Macaroni And Cheese Junior,Baby Foods,61,2,6,183,8.2,0.3,1.32,2.6,0,51,0.3,44,1 oz,28.4
Babyfood Vegetables Green Beans Strained,Baby Foods,27,0.17,0,7,6.29,2.2,1.88,1.2,0,39,0.67,146,1 cup,240
Babyfood Vegetables Green Beans Junior,Baby Foods,24,0.1,0,5,5.8,1.9,1.08,1.2,0,65,1.08,128,1 cup,240
Babyfood Green Beans Dices Toddler,Baby Foods,29,0.2,0,37,5.7,1.3,1.06,1.2,0,27,0.4,116,1 oz,28.4
Babyfood Vegetables Squash Strained,Baby Foods,28,0.2,0,5,5.73,0.9,3.37,0.81,0,24,0.32,185,1 tbsp,16
Babyfood Vegetables Squash Junior,Baby Foods,24,0.2,0,5,5.73,0.9,3.24,0.81,0,24,0.32,185,1 tbsp,16
Babyfood Vegetables Sweet Potatoes Strained,Baby Foods,57,0.1,0,22,13.2,1.5,4.05,1.1,0,16,0.37,263,1 cup,224
Babyfood Vegetables Sweet Potatoes Junior,Baby Foods,60,0.1,0,18,14,1.5,4.24,1.1,0,16,0.39,243,1 cup,224
Babyfood Fruit Applesauce Junior,Baby Foods,37,0,0,1,10.3,1.7,8.48,0,0,5,0.22,77,1 tbsp,16
Babyfood Fruit Apricot With Tapioca Strained,Baby Foods,60,0,0,0,16.3,1.5,1.41,0.3,0,9,0.3,121,1 tbsp,15
Babyfood Vegetables Corn Creamed Strained,Baby Foods,57,0.4,1,43,14.1,2.1,1.23,1.4,0,20,0.28,90,1 jar,113
Babyfood Dinner Mixed Vegetable Junior,Baby Foods,34,0.11,0,40,7.88,1,3.08,1.01,0,17,0.31,112,1 serving,99
Babyfood Fruit Bananas With Tapioca Junior,Baby Foods,67,0.2,0,0,17.8,1.6,7.1,0.4,0,8,0.3,108,1 tbsp,15
Babyfood Vegetables Mix Vegetables Junior,Baby Foods,36,0.4,0,36,8.2,1.5,1.78,1.4,0,11,0.41,170,1 serving 3.5 oz serving,99
Babyfood Vegetables Garden Vegetable Strained,Baby Foods,32,0.2,0,31,6.8,1.5,2.57,2.3,0,28,0.83,168,1 oz,28.4
Babyfood Plums Bananas And Rice Strained,Baby Foods,57,0.3,0,0,12.7,1.3,9.3,1.1,0,3,0,265,1 oz,28.4
Babyfood Dinner Turkey Rice And Vegetables Toddler,Baby Foods,60,1.6,7,176,7.5,0.8,1.12,3.8,0,11,0.4,107,1 oz,28.4
Babyfood Dinner Apples And Chicken Strained,Baby Foods,65,1.38,5,12,10.88,1.8,6.06,2.16,0,18,0.38,95,1 oz,28.4
Babyfood Dinner Broccoli And Chicken Junior,Baby Foods,62,2.48,13,17,6.34,1.4,1.43,3.59,0,37,0.52,170,1 tbsp,29
Infant Formula Mead Johnson Enfamil Premature High Protein 24 Calories Ready To Feed With Ara And Dha,NULL,81,3.9,7,55,8.66,NULL,4.1,2.8,5.8,139,1.41,77,,NULL
Infant Formula Mead Johnson Enfamil Premature 30 Calories Ready To Feed With Ara And Dha,NULL,101,4.8,8,68,11.13,NULL,2,3.2,7.2,159,1.74,95,,NULL
Infant Formula Mead Johnson Enfamil For Supplementing Powder With Ara And Dha Not Reconstituted,NULL,513,27,17,184,55.8,0,11.8,11.7,9.5,420,9.2,550,,NULL
Infant Formula Mead Johnson Enfamil Reguline Powder With Ara And Dha Not Reconstituted,NULL,513,27,17,183,55.9,NULL,30,11.7,7.5,420,2.6,550,,NULL
Infant Formula Mead Johnson Pregestimil 24 Calories Ready To Feed With Ara And Dha,NULL,72,4.4,NULL,37,5.95,NULL,0.02,2.2,1,73,1.4,86,,NULL
Toddler Drink Mead Johnson Puramino Toddler Powder With Ara And Dha Not Reconstituted,NULL,512,26,NULL,230,55.68,NULL,7.6,13.9,6.2,470,9,550,,NULL
Infant Formula Mead Johnson Enfamil For Supplementing Ready To Feed With Ara And Dha,NULL,68,3.5,NULL,24,7.6,NULL,1.93,1.51,1.2,54,1.18,71,,NULL
Babyfood Cereal Barley Prepared With Whole Milk,Baby Foods,84,3.26,10,43,9.94,0.6,5.1,3.73,1.2,162,3.49,151,1 oz,28.4
Babyfood Cereal Oatmeal With Bananas Prepared With Whole Milk,Baby Foods,86,3.46,10,48,10,0.4,5.9,3.82,1.2,153,3.63,178,1 oz,28.4
Babyfood Cereal Oatmeal With Honey Prepared With Whole Milk,Baby Foods,115,3.9,NULL,49,15.3,NULL,NULL,5,NULL,289,11.09,170,1 oz,28.4
Babyfood Cereal Rice Prepared With Whole Milk,Baby Foods,85,3.38,10,42,10.31,0,4.87,3.45,1.2,168,3.63,151,1 oz,28.4
Babyfood Cereal Rice With Honey Prepared With Whole Milk,Baby Foods,115,3.3,NULL,49,17.1,NULL,NULL,3.9,NULL,291,10.81,141,1 oz,28.4
Infant Formula Mead Johnson Enfamil With Iron Powder,Baby Foods,520,27,17,139,56.2,0,56,10.8,7.8,400,9.3,560,1 scoop,8.3
Infant Formula Mead Johnson Enfamil Lipil With Iron Powder With Ara And Dha,Baby Foods,511,27,17,139,56.2,0,56,10.8,7.8,400,9.3,560,1 scoop,8.5
Infant Formula Mead Johnson Enfamil Lipil With Iron Liquid Concentrate With Ara And Dha,Baby Foods,68,3.5,2,18,7.86,0,7,1.31,1,51,1.18,71,1 fl oz,31.3
Infant Formula Mead Johnson Enfamil Lipil With Iron Ready-To-Feed With Ara And Dha,Baby Foods,64,3.5,1,18,7.1,0,7.1,1.38,1,51,1.18,71,1 serving 100 ml,106
Infant Formula Mead Johnson Enfamil Lipil Low Iron Ready To Feed With Ara And Dha,Baby Foods,64,3.5,1,18,7.18,0,7.18,1.38,1,51,0.46,71,1 serving 100 ml,106
Infant Formula Mead Johnson Enfamil Lipil Ready-To-Feed With Ara And Dha,Baby Foods,68,3.5,2,18,7.86,0,7,1.31,1,51,1.18,71,1 serving 100 ml,106
Infant Formula Abbott Nutrition Similac Pm 60/40 Powder Not Reconstituted,Baby Foods,524,28.71,17,123,54.94,0,52.38,11.4,7.7,288,1.13,411,1 scoop,8.7
Infant Formula Mead Johnson Enfamil Nutramigen Lipil With Iron Powder Not Reconstituted With Ara And Dha,Baby Foods,514,27,0,240,53.6,0,4.5,14.1,6.3,470,9.1,560,1 scoop,9
Infant Formula Mead Johnson Enfamil Nutramigen Lipil With Iron Ready-To-Feed With Ara And Dha,Baby Foods,68,3.5,0,31,7.21,0,0.1,1.83,0.8,62,1.18,72,1 serving 100 ml,107
Infant Formula Abbott Nutrition Similac Alimentum With Iron Ready-To-Feed,Baby Foods,66,3.63,1,29,6.77,0,4.4,1.8,0.7,69,1.18,77,1 fl oz,30.5
Infant Formula Mead Johnson Enfamil Enfacare Lipil With Iron Powder With Ara And Dha,Baby Foods,505,26,16,184,53.8,0,34,13.9,9.3,600,8.9,520,1 scoop,9.4
Infant Formula Abbott Nutrition Similac With Iron Liquid Concentrate Not Reconstituted,Baby Foods,127,6.89,3,31,13.76,0,13.76,2.64,1.9,99,2.3,134,1 fl oz,31.4
Child Formula Abbott Nutrition Pediasure Ready-To-Feed,Baby Foods,99,4.77,2,36,11.15,0,10.5,2.86,1.2,93,1.34,125,1 fl oz,31
Infant Formula Mead Johnson Next Step Prosobee Lipil Powder With Ara And Dha,Baby Foods,480,21,0,171,57.1,0,56,15.6,7.1,920,9.5,570,3 scoop,28
Infant Formula Mead Johnson Next Step Prosobee Lipil Ready To Feed With Ara And Dha,Baby Foods,67,2.91,0,23,8.09,0,7.77,2.14,1,128,1.31,79,1 serving 100 ml,103
Infant Formula Nestle Good Start Soy With Ara And Dha Powder,Baby Foods,503,25.6,6,200,55.6,0,44.38,12.5,7.5,526,9,581,1 scoop,9.4
Babyfood Corn And Sweet Potatoes Strained,Baby Foods,68,0.28,1,14,15.23,1.8,4,1.26,0,18,0.31,154,1 oz,28.4
Infant Formula Abbott Nutrition Similac Alimentum Advance Ready-To-Feed With Ara And Dha,Baby Foods,67,3.63,1,29,6.77,0,4.4,1.8,0.7,69,1.18,77,1 fl oz,30.5
Infant Formula Pbm Products Store Brand Ready-To-Feed,Baby Foods,63,3.5,4,14,6.39,0,6.4,1.4,0.9,41,1.18,55,1 fl oz,30.4
Infant Formula Pbm Products Store Brand Liquid Concentrate Not Reconstituted,Baby Foods,130,7,8,29,13.9,0,13.9,2.9,1.9,83,2.36,109,1 fl oz,31.4
Infant Formula Mead Johnson Enfamil Ar Lipil Ready-To-Feed With Ara And Dha,Baby Foods,71,3.3,1,26,8.73,0.4,6.44,1.64,1,51,1.18,71,1 serving 100 ml,106
Infant Formula Mead Johnson Enfamil Ar Lipil Powder With Ara And Dha,Baby Foods,504,25,1,200,57.4,0,56.03,12.4,7.5,390,9.16,540,1 scoop,8.7
Infant Formula Abbott Nutrition Similac Neosure Ready-To-Feed With Ara And Dha,Baby Foods,69,3.77,2,23,6.94,0,6.9,1.92,1.2,72,1.23,97,1 fl oz,30.5
Infant Formula Abbott Nutrition Similac Neosure Powder With Ara And Dha,Baby Foods,520,28.33,14,170,51.75,0,52.02,14.42,9,541,9.26,731,1 fl oz,30.5
Infant Formula Abbott Nutrition Similac Sensitive (Lactose Free) Ready-To-Feed With Ara And Dha,Baby Foods,68,3.74,2,21,7.4,0,7.4,1.48,1,58,1.24,74,1 fl oz,30.5
Infant Formula Abbott Nutrition Similac Advance With Iron Liquid Concentrate Not Reconstituted,Baby Foods,127,6.89,3,31,13.52,0,13.52,2.64,1.9,99,2.3,134,1 fl oz,31.4
Shortening Household Lard And Vegetable Oil,Fats and Oils,900,100,56,0,0,0,0,0,0,0,0,0,1 tablespoon,12.8
Oil Sunflower Linoleic (Partially Hydrogenated),Fats and Oils,884,100,0,0,0,0,0,0,NULL,0,0,0,1 tbsp,13.6
Shortening Bread Soybean (Hydrogenated) And Cottonseed,Fats and Oils,884,100,0,0,0,0,0,0,NULL,0,0,0,1 tablespoon,12.8
Shortening Cake Mix Soybean (Hydrogenated) And Cottonseed (Hydrogenated),Fats and Oils,884,100,0,0,0,0,0,0,0,0,0,0,1 tbsp,12.8
Shortening Frying (Heavy Duty) Palm (Hydrogenated),Fats and Oils,884,100,0,0,0,0,NULL,0,NULL,0,0,0,1 tbsp,12.8
Shortening Household Soybean (Hydrogenated) And Palm,Fats and Oils,884,100,0,0,0,0,NULL,0,NULL,0,0,0,1 tbsp,12.8
Shortening Frying (Heavy Duty) Soybean (Hydrogenated) Linoleic (Less Than 1%),Fats and Oils,884,100,0,0,0,0,0,0,NULL,0,0,0,1 tbsp,12.8
Shortening Confectionery Fractionated Palm,Fats and Oils,884,100,0,0,0,0,NULL,0,NULL,0,0,0,1 tbsp,13.6
Oil Nutmeg Butter,Fats and Oils,884,100,0,0,0,0,0,0,NULL,0,0,0,1 tbsp,13.6
Canola Oil,Fats and Oils,884,100,0,0,0,0,0,0,0,0,0,0,1 tbsp,14
Mustard Oil,Fats and Oils,884,100,NULL,0,0,0,NULL,0,NULL,0,0,0,1 tbsp,14
Oil Sunflower High Oleic (70% And Over),Fats and Oils,884,100,0,0,0,0,0,0,0,0,0,0,1 tbsp,14
Margarine-Like Margarine-Butter Blend Soybean Oil And Butter,Fats and Oils,727,80.32,12,719,0.77,0,0,0.31,0,10,0.04,22,1 tbsp,14.1
Herring Oil,Fats and Oils,902,100,766,0,0,0,NULL,0,NULL,0,0,0,1 tbsp,13.6
Menhaden Oil,Fats and Oils,902,100,521,0,0,0,NULL,0,NULL,0,0,0,1 tbsp,13.6
Fish Oil Menhaden Fully Hydrogenated,Fats and Oils,902,100,500,0,0,0,NULL,0,NULL,0,0,0,1 tbsp,12.5
Salmon Oil,Fats and Oils,902,100,485,0,0,0,NULL,0,NULL,0,0,0,1 tbsp,13.6
Butter Light Stick Without Salt,Fats and Oils,499,55.1,106,36,0,0,0,3.3,0,48,1.09,71,1 tablespoon,14
Bacon Grease,Fats and Oils,897,99.5,95,150,0,0,0,0,2.5,0,0,0,1 tsp,4.3
Margarine Regular 80% Fat Composite Stick With Salt,Fats and Oils,717,80.71,0,751,0.7,0,0,0.16,0,3,0.06,18,1 tbsp,14
Margarine Regular 80% Fat Composite Tub With Salt,Fats and Oils,713,80.17,0,657,0.75,0,0,0.22,0,3,0,17,1 tbsp,14.2
Margarine-Like Vegetable Oil Spread 60% Fat Stick With Salt,Fats and Oils,537,60.39,0,785,0.69,0,0,0.12,0,21,0,30,1 tbsp,14.3
Margarine Regular 80% Fat Composite Tub Without Salt,Fats and Oils,713,80.17,0,28,0.75,0,0,0.22,0,3,0,17,1 tbsp,14.2
Margarine-Like Vegetable Oil Spread 60% Fat Stick/tub/bottle Without Salt,Fats and Oils,533,59.81,1,2,0.86,0,0,0.17,0,21,0,30,1 tbsp,14
Margarine-Like Vegetable Oil Spread Fat Free Liquid With Salt,Fats and Oils,43,3,1,833,2.5,0,0,1.5,0,38,0.03,50,1 tbsp,15
Margarine-Like Spread With Yogurt 70% Fat Stick With Salt,Fats and Oils,630,70,0,590,0.5,0,0,0.3,0,20,0.01,25,1 tablespoon,14
Margarine-Like Vegetable Oil Spread Fat-Free Tub,Fats and Oils,44,3.04,0,580,4.34,0,0,0.1,0,8,0.08,36,1 tbsp,14.6
Margarine-Like Vegetable Oil Spread 20% Fat With Salt,Fats and Oils,175,19.5,0,733,0.4,0,0,0,0,0,0,25,1 tbsp,15
Margarine-Like Vegetable Oil Spread 20% Fat Without Salt,Fats and Oils,175,19.5,0,0,0.4,0,0,0,0,0,0,25,1 tbsp,12.8
Salad Dressing Thousand Island Dressing Fat-Free,Fats and Oils,132,1.45,5,788,29.27,3.3,16.83,0.55,0,11,0.28,122,1 tbsp,16
Oil Industrial Mid-Oleic Sunflower,Fats and Oils,884,100,0,0,0,0,0,0,NULL,0,0.03,0,1 tablespoon,13.6
Oil Industrial Canola With Antifoaming Agent Principal Uses Salads Woks And Light Frying,Fats and Oils,884,100,0,0,0,0,0,0,NULL,0,0,0,1 tablespoon,13.6
Oil Industrial Canola For Salads Woks And Light Frying,Fats and Oils,884,100,0,0,0,0,0,0,NULL,0,0,0,1 tablespoon,13.6
Oil Industrial Canola (Partially Hydrogenated) Oil For Deep Fat Frying,Fats and Oils,884,100,0,0,0,0,0,0,NULL,0,0,0,1 tablespoon,13.6
Oil Industrial Soy (Partially Hydrogenated) Multiuse For Non-Dairy Butter Flavor,Fats and Oils,884,100,0,0,0,0,0,0,0,0,0,0,1 tbsp,13.6
Oil Industrial Soy ( Partially Hydrogenated) All Purpose,Fats and Oils,884,100,0,0,0,0,0,0,0,0,0,0,1 tbsp,13.6
Oil Industrial Soy (Partially Hydrogenated ) And Soy (Winterized) Pourable Clear Fry,Fats and Oils,884,100,0,0,0,0,0,0,NULL,0,0,0,1 tbsp,13.6
Oil Industrial Soy (Partially Hydrogenated)  And Cottonseed Principal Use As A Tortilla Shortening,Fats and Oils,884,100,0,0,0,0,0,0,0,0,0,0,1 tbsp,13.6
Oil Industrial Coconut Confection Fat Typical Basis For Ice Cream Coatings,Fats and Oils,884,100,0,5,0,0,0,0,0,2,0.15,2,1 tbsp,13.6
Oil Industrial Palm Kernel (Hydrogenated)  Used For Whipped Toppings Non-Dairy,Fats and Oils,884,100,0,6,0,0,0,0,NULL,1,0.15,2,1 tbsp,13.6
Oil Industrial Coconut (Hydrogenated) Used For Whipped Toppings And Coffee Whiteners,Fats and Oils,880,99.5,0,7,0,0,0,0,NULL,1,0.15,2,1 tbsp,13.6
Oil Industrial Palm And Palm Kernel Filling Fat (Non-Hydrogenated),Fats and Oils,880,99.5,0,6,0,0,0,0,NULL,1,0.15,4,1 tbsp,13.6
Margarine Industrial Soy And Partially Hydrogenated Soy Oil Use For Baking Sauces And Candy,Fats and Oils,714,80,0,886,0.71,0,0,0.18,NULL,3,0.12,18,1 tbsp,14
USDA Commodity Food Oil Vegetable Soybean Refined,Fats and Oils,884,100,0,0,0,0,0,0,NULL,0,0.02,0,1 tablespoon,13.6
Margarine-Like Spread Smart Balance Regular Buttery Spread With Flax Oil,Fats and Oils,583,64.63,0,646,0.14,0,0,0.14,NULL,NULL,NULL,28,1 tablespoon,14
Margarine-Like Spread Smart Balance Light Buttery Spread,Fats and Oils,337,36.41,NULL,580,1.98,NULL,NULL,0.02,NULL,3,0,32,1 tbsp,14
Raw Chicken Drumsticks,Meats,161,9.2,92,106,0.11,0,0,18.08,0.1,8,0.71,211,1 drumstick with skin,133
Chicken Broilers Or Fryers Drumstick Meat And Skin Cooked Fried Batter,Meats,268,15.75,86,269,8.28,0.3,NULL,21.95,NULL,17,1.35,186,1 unit (yield from 1 lb ready-to-cook chicken),43
Chicken Broilers Or Fryers Drumstick Meat Only Cooked Fried,Meats,195,8.08,94,96,0,0,NULL,28.62,NULL,12,1.32,249,1 unit (yield from 1 lb ready-to-cook chicken),25
Roasted Skinless Chicken Drumstick,Meats,155,5.7,130,128,0,0,0,24.24,0,11,1.14,256,1 drumstick without skin,96
Chicken Broilers Or Fryers Drumstick Meat Only Cooked Stewed,Meats,169,5.71,88,80,0,0,0,27.5,0.1,11,1.37,199,3 oz,85
Raw Chicken Leg,Meats,214,15.95,93,84,0.17,0,0,16.37,0.1,9,0.69,203,3 oz,85
Chicken Broilers Or Fryers Leg Meat Only Cooked Fried,Meats,208,9.32,99,96,0.65,0,NULL,28.38,NULL,13,1.4,254,1 unit (yield from 1 lb ready-to-cook chicken),56
Roasted Boneless Skinless Chicken Leg,Meats,174,7.8,128,99,0,0,0,24.22,0.1,12,1.08,269,3 oz,85
Chicken Broilers Or Fryers Leg Meat Only Cooked Stewed,Meats,185,8.06,89,78,0,0,0,26.26,0.1,11,1.4,190,3 oz,85
Chicken Broilers Or Fryers Neck Meat And Skin Raw,Meats,297,26.24,99,64,0,0,NULL,14.07,NULL,18,1.9,137,1 unit (yield from 1 lb ready-to-cook chicken),15
Chicken Broilers Or Fryers Neck Meat Only Cooked Fried,Meats,229,11.88,105,99,1.77,0,NULL,26.87,NULL,41,2.98,213,1 unit (yield from 1 lb ready-to-cook chicken),7
Chicken Broilers Or Fryers Neck Meat Only Cooked Simmered,Meats,179,8.18,79,64,0,0,NULL,24.56,0.1,44,2.63,140,1 unit (yield from 1 lb ready-to-cook chicken),5
Raw Chicken Thigh,Meats,221,16.61,98,81,0.25,0,0,16.52,0.1,7,0.68,204,1 thigh with skin,193
Chicken Broilers Or Fryers Thigh Meat And Skin Cooked Fried Batter,Meats,277,16.53,93,288,9.08,0.3,NULL,21.61,NULL,18,1.45,192,1 unit (yield from 1 lb ready-to-cook chicken),52
Chicken Broilers Or Fryers Thigh Meat Only Cooked Fried,Meats,218,10.3,102,95,1.18,0,NULL,28.18,0.2,13,1.46,259,1 unit (yield from 1 lb ready-to-cook chicken),31
Roasted Boneless Skinless Thigh Meat,Meats,179,8.15,133,106,0,0,0,24.76,0.2,9,1.13,269,1 thigh without skin,116
Chicken Broilers Or Fryers Thigh Meat Only Cooked Stewed,Meats,195,9.79,90,75,0,0,0,25,0.1,11,1.42,183,1 cup chopped or diced,140
Raw Chicken Wings,Meats,191,12.85,111,84,0,0,0,17.52,0.1,11,0.46,187,1 piece,107
Chicken Broilers Or Fryers Wing Meat Only Cooked Fried,Meats,211,9.15,84,91,0,0,NULL,30.15,0.1,15,1.14,208,1 unit (yield from 1 lb ready-to-cook chicken),12
Chicken Broilers Or Fryers Wing Meat Only Cooked Roasted,Meats,203,8.13,85,92,0,0,0,30.46,0.1,16,1.16,210,1 unit (yield from 1 lb ready-to-cook chicken),13
Chicken Broilers Or Fryers Wing Meat Only Cooked Stewed,Meats,181,7.18,74,73,0,0,0,27.18,0.1,13,1.12,153,1 cup chopped or diced,140
Chicken Roasting Meat And Skin And Giblets And Neck Raw,Meats,213,15.46,86,69,0.09,0,NULL,17.09,NULL,10,1.37,196,3 oz,85
Chicken Roasting Meat Only Cooked Roasted,Meats,167,6.63,75,75,0,0,NULL,25.01,NULL,12,1.21,229,1 cup chopped or diced,140
Chicken Roasting Giblets Raw,Meats,127,5.04,236,77,1.14,0,NULL,18.14,NULL,10,5.4,227,1 unit (yield from 1 lb ready-to-cook chicken),25
Chicken Roasting Giblets Cooked Simmered,Meats,165,5.22,357,60,0.86,0,NULL,26.77,NULL,12,6.09,160,1 cup chopped or diced,145
Chicken Roasting Light Meat Meat Only Raw,Meats,109,1.63,57,51,0,0,0,22.2,NULL,11,0.89,252,1 unit (yield from 1 lb ready-to-cook chicken),99
Chicken Stewing Meat And Skin And Giblets And Neck Cooked Stewed,Meats,214,11.91,107,67,0,0,0,24.88,0,13,1.64,171,3 oz,85
Chicken Stewing Meat And Skin Raw,Meats,258,20.33,71,71,0,0,0,17.55,NULL,10,1.04,204,3 oz,85
Chicken Stewing Meat And Skin Cooked Stewed,Meats,285,18.87,79,73,0,0,NULL,26.88,NULL,13,1.37,182,3 oz,85
Chicken Stewing Meat Only Raw,Meats,148,6.32,63,79,0,0,0,21.26,NULL,10,1.09,251,3 oz,85
Chicken Stewing Meat Only Cooked Stewed,Meats,237,11.89,83,78,0,0,0,30.42,NULL,13,1.43,202,1 cup chopped or diced,140
Chicken Stewing Dark Meat Meat Only Raw,Meats,157,8.12,77,101,0,0,0,19.7,NULL,10,1.22,242,1 unit (yield from 1 lb ready-to-cook chicken),105
Chicken Stewing Dark Meat Meat Only Cooked Stewed,Meats,258,15.28,95,95,0,0,NULL,28.14,NULL,12,1.64,204,1 cup chopped or diced,140
Chicken Capons Meat And Skin And Giblets And Neck Raw,Meats,232,16.9,87,47,0.08,0,NULL,18.51,NULL,11,1.41,213,3 oz,85
Chicken Capons Meat And Skin And Giblets And Neck Cooked Roasted,Meats,226,11.67,103,50,0.04,0,NULL,28.35,NULL,15,1.79,243,3 oz,85
Duck Domesticated Meat And Skin Raw,Meats,404,39.34,76,63,0,0,0,11.49,0.7,11,2.4,209,3 oz,85
Duck Domesticated Meat And Skin Cooked Roasted,Meats,337,28.35,84,59,0,0,0,18.99,0.1,11,2.7,204,1 cup chopped or diced,140
Duck Domesticated Meat Only Raw,Meats,135,5.95,77,74,0.94,0,0,18.28,0.1,11,2.4,271,1 unit (yield from 1 lb ready-to-cook duck),137
Roast Duck,Meats,201,11.2,89,65,0,0,0,23.48,0.1,12,2.7,252,1 cup chopped or diced,140
Goose Domesticated Meat And Skin Cooked Roasted,Meats,305,21.92,91,70,0,0,0,25.16,0.1,13,2.83,329,1 cup chopped or diced,140
Goose Domesticated Meat Only Raw,Meats,161,7.13,84,87,0,0,NULL,22.75,NULL,13,2.57,420,3 oz,85
Roast Goose,Meats,238,12.67,96,76,0,0,NULL,28.97,NULL,14,2.87,388,1 unit (yield from 1 lb ready-to-cook goose),143
Goose Liver Raw,Meats,133,4.28,515,140,6.32,0,NULL,16.37,NULL,43,30.53,230,1 liver,94
Guinea Hen Meat And Skin Raw,Meats,158,6.45,74,67,0,0,NULL,23.4,NULL,11,0.84,193,3 oz,85
Pheasant Leg Meat Only Raw,Meats,134,4.3,80,45,0,0,NULL,22.2,NULL,29,1.78,296,1 unit (yield from 1 lb ready-to-eat pheasant),99
Quail Meat And Skin Raw,Meats,192,12.05,76,53,0,0,NULL,19.63,NULL,13,3.97,216,1 quail,109
Quail Meat Only Raw,Meats,134,4.53,70,51,0,0,NULL,21.76,NULL,13,4.51,237,1 quail,92
Lentils Raw,Beans and Lentils,352,1.06,0,6,63.35,10.7,2.03,24.63,0,35,6.51,677,1 cup,192
Lentils (Cooked),Beans and Lentils,116,0.38,0,2,20.13,7.9,1.8,9.02,0,19,3.33,369,1 cup,198
Lima Beans Thin Seeded (Baby) Mature Seeds Cooked Boiled Without Salt,Beans and Lentils,126,0.38,0,3,23.31,7.7,NULL,8.04,0,29,2.4,401,1 cup,182
Lupins Mature Seeds Raw,Beans and Lentils,371,9.74,0,15,40.37,18.9,NULL,36.17,0,176,4.36,1013,1 cup,180
Boiled Lupin Beans,Beans and Lentils,119,2.92,0,4,9.88,2.8,NULL,15.57,0,51,1.2,245,1 cup,166
Mothbeans Mature Seeds Raw,Beans and Lentils,343,1.61,0,30,61.52,NULL,NULL,22.94,0,150,10.85,1191,1 cup,196
Mothbeans Mature Seeds Cooked Boiled Without Salt,Beans and Lentils,117,0.55,0,10,20.96,NULL,NULL,7.81,0,3,3.14,304,1 cup,177
Mungo Beans (Cooked),Beans and Lentils,105,0.55,0,7,18.34,6.4,2.01,7.54,0,53,1.75,231,1 cup,180
Peas Green Split Mature Seeds Raw,Beans and Lentils,364,3.89,0,5,61.63,22.2,3.14,23.12,0,46,4.73,852,1 cup,197
Split Peas,Beans and Lentils,118,0.39,0,2,21.1,8.3,2.9,8.34,0,14,1.29,362,1 cup,196
Raw Peanuts,Beans and Lentils,567,49.24,0,18,16.13,8.5,4.72,25.8,0,92,4.58,705,1 oz,28.4
Peanuts Spanish Oil-Roasted With Salt,Beans and Lentils,579,49.04,0,433,17.45,8.9,NULL,28.01,0,100,2.28,776,1 cup,147
Peanuts Valencia Raw,Beans and Lentils,570,47.58,0,1,20.91,8.7,NULL,25.09,0,62,2.09,332,1 cup,146
Peanuts Valencia Oil-Roasted With Salt,Beans and Lentils,589,51.24,0,772,16.3,8.9,NULL,27.04,0,54,1.65,612,1 cup,144
Peanuts Virginia Raw,Beans and Lentils,563,48.75,0,10,16.54,8.5,3.95,25.19,0,89,2.55,690,1 cup,146
Peanut Flour Low Fat,Beans and Lentils,428,21.9,0,1,31.27,15.8,NULL,33.8,0,130,4.74,1358,1 cup,60
Pigeon Peas (Red Gram) Mature Seeds Raw,Beans and Lentils,343,1.49,0,17,62.78,15,NULL,21.7,0,130,5.23,1392,1 cup,205
Pigeon Peas (Red Gram) Mature Seeds Cooked Boiled Without Salt,Beans and Lentils,121,0.38,0,5,23.25,6.7,NULL,6.76,0,43,1.11,384,1 cup,168
Refried Beans Canned Traditional Style (Includes USDA Commodity),Beans and Lentils,90,2.01,0,370,13.55,3.7,0.54,4.98,0,29,1.44,319,1 cup,238
Bacon Meatless,Beans and Lentils,309,29.52,0,1465,5.31,2.6,0,11.69,0,23,2.41,170,1 cup,144
Soybeans Mature Seeds Roasted Salted,Beans and Lentils,469,25.4,0,163,30.22,17.7,4.2,38.55,0,138,3.9,1470,1 cup,172
Dry-Roasted Soybeans,Beans and Lentils,449,21.62,0,2,28.98,8.1,NULL,43.32,0,140,3.95,1364,1 cup,93
Miso,Beans and Lentils,198,6.01,0,3728,25.37,5.4,6.2,12.79,0,57,2.49,210,1 tbsp,17
Natto,Beans and Lentils,211,11,0,7,12.68,5.4,4.89,19.4,0,217,8.6,729,1 cup,175
Soy Flour Low-Fat,Beans and Lentils,372,8.9,0,9,30.63,16,9.33,49.81,0,285,8.2,2090,1 cup stirred,88
Soy Meal Defatted Raw,Beans and Lentils,337,2.39,0,3,35.89,NULL,NULL,49.2,0,244,13.7,2490,1 cup,122
Vanilla Soy Milk,Beans and Lentils,54,1.75,0,51,6.28,0.6,3.99,3.27,0,25,0.64,118,1 cup,243
Soy Protein Concentrate Produced By Alcohol Extraction,Beans and Lentils,328,0.46,0,3,25.41,5.5,20,63.63,0,363,10.78,2202,1 oz,28.4
Firm Tofu (With Calcium And Magnesium),Beans and Lentils,78,4.17,0,12,2.85,0.9,0.6,9.04,0,201,1.61,148,1/2 cup,126
Soft Tofu,Beans and Lentils,61,3.69,0,8,1.18,0.2,0.7,7.17,0,111,1.11,120,1 piece (2-1/2 inch x 2-3/4 inch x 1 inch),120
Tofu Dried-Frozen (Koyadofu),Beans and Lentils,477,30.34,0,6,10.03,7.2,NULL,52.47,0,364,9.73,20,1 piece,17
Tofu Fried,Beans and Lentils,270,20.18,0,16,8.86,3.9,2.72,18.82,0,372,4.87,146,1 oz,28.4
Okara,Beans and Lentils,76,1.73,0,9,12.23,NULL,NULL,3.52,0,80,1.3,213,1 cup,122
Winged Beans Mature Seeds Cooked Boiled Without Salt,Beans and Lentils,147,5.84,0,13,14.94,NULL,NULL,10.62,0,142,4.33,280,1 cup,172
Hummus (Homemade),Beans and Lentils,177,8.59,0,242,20.12,4,0.27,4.86,0,49,1.56,173,1 tablespoon,15
Falafel,Beans and Lentils,333,17.8,0,294,31.84,NULL,NULL,13.31,0,54,3.42,585,1 patty (approx 2-1/4 inch dia),17
Soy Milk Original And Vanilla With Added Calcium Vitamins A And D,Beans and Lentils,43,1.47,0,47,4.92,0.2,3.65,2.6,1.1,123,0.42,122,1 cup,243
Peanut Spread Reduced Sugar,Beans and Lentils,650,54.89,0,292,14.23,7.8,6.35,24.8,0,72,2.84,818,2 tbsp,31
Peanut Butter Smooth Reduced Fat,Beans and Lentils,520,34,0,540,35.65,5.2,9.28,25.9,0,35,1.9,669,2 tablespoon,36
Peanut Butter Smooth Vitamin And Mineral Fortified,Beans and Lentils,591,50.81,0,420,18.75,5.6,10.47,25.72,0,43,16.6,667,2 tbsp,32
Peanut Butter Chunky Vitamin And Mineral Fortified,Beans and Lentils,593,51.47,0,366,17.69,5.7,10.94,26.06,0,45,17.5,744,2 tbsp,32
Mori-Nu Tofu Silken Firm,Beans and Lentils,62,2.7,0,36,2.4,0.1,1.27,6.9,NULL,32,1.03,194,1 slice,84
Mori-Nu Tofu Silken Extra Firm,Beans and Lentils,55,1.9,0,63,2,0.1,0.99,7.4,NULL,31,1.19,154,1 slice,84
Mori-Nu Tofu Silken Lite Firm,Beans and Lentils,37,0.8,0,85,1.1,0,0.45,6.3,NULL,36,0.75,63,1 slice,84
Mori-Nu Tofu Silken Lite Extra Firm,Beans and Lentils,38,0.7,0,98,1,0,0.42,7,NULL,43,0.79,57,1 slice,84
Refried Beans Canned Fat-Free,Beans and Lentils,79,0.45,0,350,13.5,4.7,0.61,5.34,0,34,1.62,344,1 cup,231
Frijoles Rojos Volteados (Refried Beans Red Canned),Beans and Lentils,144,6.93,NULL,375,15.47,4.7,NULL,5,NULL,33,1.95,310,1 cup,233
Tempeh Cooked,Beans and Lentils,195,11.38,NULL,14,7.62,NULL,NULL,19.91,0,96,2.13,401,,NULL
Vitasoy Usa Nasoya Lite Firm Tofu,Beans and Lentils,54,1.7,0,34,1.3,0.6,0.2,8.3,3.9,184,1.6,NULL,1/5 package,79
Peanut Butter (Chunk Style),Beans and Lentils,589,49.94,0,17,21.57,8,8.41,24.06,0,45,1.9,745,2 tbsp,32
Unsalted Peanut Butter (Smooth),Beans and Lentils,598,51.36,0,17,22.31,5,10.49,22.21,0,49,1.74,558,2 tbsp,32
Peanut Butter With Omega-3 Creamy,Beans and Lentils,608,54.17,NULL,356,17,6.1,3.11,24.47,NULL,45,1.67,780,1 tbsp,16
Pigeon Peas (Red Gram) Mature Seeds Cooked Boiled With Salt,Beans and Lentils,121,0.38,0,241,23.25,6.7,NULL,6.76,0,43,1.11,384,1 cup,168
Soy Sauce Made From Soy And Wheat (Shoyu) Low Sodium,Beans and Lentils,57,0.3,0,3598,5.59,0.7,0.5,9.05,0,30,1.35,352,1 tbsp,14.2
Soy Sauce Reduced Sodium Made From Hydrolyzed Vegetable Protein,Beans and Lentils,90,0.31,0,2890,14.44,0.3,5.63,8.19,0,11,0.43,3098,1 tbsp,15
Firm Tofu,Beans and Lentils,144,8.72,0,14,2.78,2.3,NULL,17.27,0,683,2.66,237,1/2 cup,126
Tofu Prepared With Calcium,Beans and Lentils,76,4.78,0,7,1.87,0.3,0.62,8.08,0,350,5.36,121,1/2 cup,124
Winged Beans Mature Seeds Cooked Boiled With Salt,Beans and Lentils,147,5.84,0,249,14.94,NULL,NULL,10.62,0,142,4.33,280,1 cup,172
Veal Australian Rib Rib Roast Separable Lean Only Raw,Meats,134,4.63,58,83,1.4,0,0,21.7,NULL,10,1.58,NULL,3 oz,85
Lamb Domestic Composite Of Trimmed Retail Cuts Separable Lean And Fat Trimmed To 1/4 Inch Fat Choice Raw,Meats,267,21.59,72,58,0,0,NULL,16.88,NULL,12,1.57,230,1 oz,28.4
Lamb Domestic Composite Of Trimmed Retail Cuts Separable Lean And Fat Trimmed To 1/4 Inch Fat Choice Cooked,Meats,294,20.94,97,72,0,0,0,24.52,0.1,17,1.88,310,3 oz,85
Lamb Domestic Foreshank Separable Lean And Fat Trimmed To 1/4 Inch Fat Choice Raw,Meats,201,13.38,72,72,0,0,NULL,18.91,NULL,11,1.67,214,1 oz,28.4
Lamb Domestic Foreshank Separable Lean And Fat Trimmed To 1/4 Inch Fat Choice Cooked Braised,Meats,243,13.46,106,72,0,0,0,28.37,0.1,20,2.14,257,1 piece cooked excluding refuse (yield from 1 lb raw meat with refuse),148
Lamb Domestic Foreshank Separable Lean Only Trimmed To 1/4 Inch Fat Choice Raw,Meats,120,3.29,69,79,0,0,NULL,21.08,NULL,9,1.79,237,1 oz,28.4
Lamb Domestic Foreshank Separable Lean Only Trimmed To 1/4 Inch Fat Choice Cooked Braised,Meats,187,6.02,104,74,0,0,NULL,31.01,NULL,20,2.27,267,1 piece cooked excluding refuse (yield from 1 lb raw meat with refuse),128
Lamb Domestic Leg Shank Half Separable Lean And Fat Trimmed To 1/4 Inch Fat Choice Cooked Roasted,Meats,225,12.45,90,65,0,0,NULL,26.41,NULL,10,1.98,326,3 oz,85
Lamb Domestic Leg Shank Half Separable Lean Only Trimmed To 1/4 Inch Fat Choice Raw,Meats,125,4.19,64,61,0,0,NULL,20.52,NULL,6,1.82,290,1 oz,28.4
Lamb Shank,Meats,180,6.67,87,66,0,0,NULL,28.17,NULL,8,2.06,342,3 oz,85
Lamb Domestic Leg Sirloin Half Separable Lean And Fat Trimmed To 1/4 Inch Fat Choice Raw,Meats,272,22.11,72,56,0,0,NULL,16.94,NULL,10,1.61,231,1 oz,28.4
Lamb Domestic Loin Separable Lean And Fat Trimmed To 1/4 Inch Fat Choice Cooked Broiled,Meats,316,23.08,100,77,0,0,0,25.17,0.1,20,1.81,327,3 oz,85
Lamb Domestic Loin Separable Lean And Fat Trimmed To 1/4 Inch Fat Choice Cooked Roasted,Meats,309,23.59,95,64,0,0,0,22.55,0.1,18,2.12,246,3 oz,85
Lamb Domestic Loin Separable Lean Only Trimmed To 1/4 Inch Fat Choice Raw,Meats,143,5.94,66,68,0,0,NULL,20.88,NULL,12,1.91,276,1 oz,28.4
Lamb Domestic Loin Separable Lean Only Trimmed To 1/4 Inch Fat Choice Cooked Broiled,Meats,216,9.73,95,84,0,0,0,29.99,0.1,19,2,376,3 oz,85
Lamb Domestic Rib Separable Lean Only Trimmed To 1/4 Inch Fat Choice Raw,Meats,169,9.23,66,72,0,0,NULL,19.98,NULL,12,1.67,265,1 oz,28.4
Lamb Domestic Rib Separable Lean Only Trimmed To 1/4 Inch Fat Choice Cooked Broiled,Meats,235,12.95,91,85,0,0,0,27.74,0.1,16,2.21,313,1 piece cooked excluding refuse (yield from 1 lb raw meat with refuse),147
Lamb Domestic Rib Separable Lean Only Trimmed To 1/4 Inch Fat Choice Cooked Roasted,Meats,232,13.31,88,81,0,0,NULL,26.16,NULL,21,1.77,315,3 oz,85
Lamb Domestic Shoulder Whole (Arm And Blade) Separable Lean And Fat Trimmed To 1/4 Inch Fat Choice Raw,Meats,264,21.45,72,61,0,0,0,16.58,0.1,16,1.5,230,1 oz,28.4
Lamb Domestic Shoulder Whole (Arm And Blade) Separable Lean And Fat Trimmed To 1/4 Inch Fat Choice Cooked Braised,Meats,344,24.55,116,75,0,0,NULL,28.68,NULL,25,2.4,248,3 oz,85
Lamb Domestic Shoulder Whole (Arm And Blade) Separable Lean Only Trimmed To 1/4 Inch Fat Choice Cooked Broiled,Meats,210,10.5,93,83,0,0,0,27.12,0.1,21,2.19,324,3 oz,85
Lamb Domestic Shoulder Whole (Arm And Blade) Separable Lean Only Trimmed To 1/4 Inch Fat Choice Cooked Roasted,Meats,204,10.77,87,68,0,0,0,24.94,0.1,19,2.13,265,3 oz,85
Lamb Domestic Shoulder Arm Separable Lean And Fat Trimmed To 1/4 Inch Fat Choice Raw,Meats,260,20.9,71,60,0,0,NULL,16.79,NULL,14,1.56,238,1 oz,28.4
Lamb Domestic Shoulder Arm Separable Lean And Fat Trimmed To 1/4 Inch Fat Choice Cooked Braised,Meats,346,24,120,72,0,0,NULL,30.39,NULL,25,2.39,306,3 oz,85
Lamb Domestic Shoulder Arm Separable Lean Only Trimmed To 1/4 Inch Fat Choice Cooked Broiled,Meats,200,9.02,92,82,0,0,NULL,27.71,NULL,17,2.31,340,3 oz,85
Lamb Domestic Shoulder Arm Separable Lean Only Trimmed To 1/4 Inch Fat Choice Cooked Roasted,Meats,192,9.26,86,67,0,0,NULL,25.46,NULL,16,2.23,277,3 oz,85
Lamb Domestic Shoulder Blade Separable Lean And Fat Trimmed To 1/4 Inch Fat Choice Raw,Meats,259,20.86,72,62,0,0,NULL,16.63,NULL,17,1.48,229,1 oz,28.4
Lamb Domestic Shoulder Blade Separable Lean And Fat Trimmed To 1/4 Inch Fat Choice Cooked Braised,Meats,345,24.73,116,75,0,0,NULL,28.51,NULL,27,2.35,243,3 oz,85
Lamb Domestic Shoulder Blade Separable Lean Only Trimmed To 1/4 Inch Fat Choice Cooked Broiled,Meats,211,11.32,91,88,0,0,NULL,25.48,NULL,24,1.81,368,3 oz,85
Lamb Domestic Shoulder Blade Separable Lean Only Trimmed To 1/4 Inch Fat Choice Cooked Roasted,Meats,209,11.57,87,68,0,0,NULL,24.61,NULL,21,2.07,258,3 oz,85
Lamb Domestic Cubed For Stew Or Kabob (Leg And Shoulder) Separable Lean Only Trimmed To 1/4 Inch Fat Raw,Meats,134,5.28,65,65,0,0,NULL,20.21,NULL,9,1.77,284,1 oz,28.4
Lamb Domestic Cubed For Stew Or Kabob (Leg And Shoulder) Separable Lean Only Trimmed To 1/4 Inch Fat Cooked Braised,Meats,223,8.8,108,70,0,0,0,33.69,0.1,15,2.8,260,3 oz,85
Lamb Domestic Cubed For Stew Or Kabob (Leg And Shoulder) Separable Lean Only Trimmed To 1/4 Inch Fat Cooked Broiled,Meats,186,7.33,90,76,0,0,NULL,28.08,NULL,13,2.34,335,3 oz,85
Lamb New Zealand Imported Frozen Composite Of Trimmed Retail Cuts Separable Fat Raw,Meats,640,67.63,87,22,0,0,NULL,6.92,NULL,23,1.14,51,1 oz,28.4
Lamb New Zealand Imported Frozen Composite Of Trimmed Retail Cuts Separable Fat Cooked,Meats,586,60.39,109,35,0,0,NULL,9.72,NULL,27,1.39,87,3 oz,85
Lamb New Zealand Imported Fore-Shank Separable Lean And Fat Raw,Meats,183,11.38,66,76,0.09,0,0,20.09,0,7,1.28,286,1 serving,115
Lamb New Zealand Imported Fore-Shank Separable Lean And Fat Cooked Braised,Meats,256,14.99,110,74,0.03,0,0,30.35,0.1,11,2.11,250,1 serving,85
Lamb New Zealand Imported Leg Chop/steak Bone-In Separable Lean Only Raw,Meats,126,4.64,66,64,0,0,0,21.1,0,11,1.64,350,1 serving,115
Lamb New Zealand Imported Frozen Leg Whole (Shank And Sirloin) Separable Lean Only Cooked Roasted,Meats,181,7.01,100,45,0,0,NULL,27.68,NULL,7,2.24,183,3 oz,85
Lamb New Zealand Imported Loin Chop Separable Lean And Fat Raw,Meats,298,26.19,69,63,0.22,0,0,15.4,0.1,14,1.24,262,1 serving,115
Game Meat Muskrat Raw,Meats,162,8.1,NULL,82,0,0,NULL,20.76,NULL,25,NULL,276,1 oz,28.4
Game Meat Muskrat Cooked Roasted,Meats,234,11.74,121,95,0,0,NULL,30.09,NULL,36,7.1,320,3 oz,85
Game Meat Opossum Cooked Roasted,Meats,221,10.2,129,58,0,0,0,30.2,0,17,4.64,438,3 oz,85
Game Meat Rabbit Domesticated Composite Of Cuts Raw,Meats,136,5.55,57,41,0,0,NULL,20.05,NULL,13,1.57,330,1 oz,28.4
Game Meat Rabbit Domesticated Composite Of Cuts Cooked Roasted,Meats,197,8.05,82,47,0,0,NULL,29.06,NULL,19,2.27,383,3 oz,85
Game Meat Squirrel Raw,Meats,120,3.21,83,103,0,0,NULL,21.23,NULL,2,4.7,304,1 oz,28.4
Game Meat Squirrel Cooked Roasted,Meats,173,4.69,121,119,0,0,0,30.77,0,3,6.81,352,3 oz,85
Lamb Variety Meats And By-Products Brain Raw,Meats,122,8.58,1352,112,0,0,NULL,10.4,NULL,9,1.75,296,1 oz,28.4
Lamb Variety Meats And By-Products Brain Cooked Braised,Meats,145,10.17,2043,134,0,0,NULL,12.55,NULL,12,1.68,205,3 oz,85
Lamb Variety Meats And By-Products Heart Raw,Meats,122,5.68,135,89,0.21,0,NULL,16.47,NULL,6,4.6,316,1 oz,28.4
Lamb Variety Meats And By-Products Heart Cooked Braised,Meats,185,7.91,249,63,1.93,0,NULL,24.97,NULL,14,5.52,188,3 oz,85
Veal Variety Meats And By-Products Heart Raw,Meats,110,3.98,104,77,0.08,0,NULL,17.18,NULL,5,4.24,261,1 oz,28.4
Veal Variety Meats And By-Products Heart Cooked Braised,Meats,186,6.75,176,58,0.13,0,NULL,29.12,NULL,8,4.32,199,3 oz,85
Lamb Variety Meats And By-Products Liver Raw,Meats,139,5.02,371,70,1.78,0,NULL,20.38,NULL,7,7.37,313,1 oz,28.4
Lamb Variety Meats And By-Products Liver Cooked Braised,Meats,220,8.81,501,56,2.53,0,NULL,30.57,NULL,8,8.28,221,3 oz,85
Lamb Liver (Cooked),Meats,238,12.65,493,124,3.78,0,NULL,25.53,NULL,9,10.2,352,3 oz,85
Veal Variety Meats And By-Products Liver Raw,Meats,140,4.85,334,77,2.91,0,0,19.93,NULL,5,6.4,308,1 oz,28.4
Veal Variety Meats And By-Products Liver Cooked Braised,Meats,192,6.26,511,78,3.77,0,0,28.42,NULL,6,5.11,329,1 slice,80
Veal Variety Meats And By-Products Lungs Cooked Braised,Meats,104,2.64,263,56,0,0,NULL,18.74,NULL,7,3.61,142,3 oz,85
Lamb Variety Meats And By-Products Mechanically Separated Raw,Meats,276,23.54,213,59,0,0,NULL,14.97,NULL,162,5.9,288,1 oz,28.4
Lamb Variety Meats And By-Products Pancreas Raw,Meats,152,9.82,260,75,0,0,NULL,14.84,NULL,8,2.3,420,1 oz,28.4
Lamb Variety Meats And By-Products Pancreas Cooked Braised,Meats,234,15.12,400,52,0,0,NULL,22.83,NULL,12,2.12,291,3 oz,85
Veal Variety Meats And By-Products Spleen Raw,Meats,98,2.2,340,97,0,0,NULL,18.3,NULL,6,9.32,362,1 oz,28.4
Veal Variety Meats And By-Products Spleen Cooked Braised,Meats,129,2.89,447,58,0,0,NULL,24.08,NULL,7,7.36,215,3 oz,85
Veal Variety Meats And By-Products Thymus Raw,Meats,101,3.07,250,67,0,0,0,17.21,NULL,3,1.05,488,1 oz,28.4
Veal Variety Meats And By-Products Thymus Cooked Braised,Meats,125,3.11,350,59,0,0,0,22.67,0,4,1.24,435,3 oz,85
Broiled Ground Lamb,Meats,283,19.65,97,81,0,0,0,24.75,0.1,22,1.79,339,3 oz,85
Lamb Domestic Composite Of Trimmed Retail Cuts Separable Lean And Fat Trimmed To 1/8 Inch Fat Choice Raw,Meats,243,18.66,70,59,0,0,NULL,17.54,NULL,12,1.62,239,1 oz,28.4
Lamb Domestic Composite Of Trimmed Retail Cuts Separable Lean And Fat Trimmed To 1/8 Inch Fat Choice Cooked,Meats,271,18.01,96,72,0,0,NULL,25.51,NULL,16,1.93,318,3 oz,85
Lamb Domestic Foreshank Separable Lean And Fat Trimmed To 1/8 Inch Fat Choice Raw,Meats,201,13.38,72,72,0,0,NULL,18.91,NULL,11,1.67,214,1 oz,28.4
Lamb Domestic Leg Shank Half Separable Lean And Fat Trimmed To 1/8 Inch Fat Choice Cooked Roasted,Meats,217,11.4,90,65,0,0,NULL,26.73,NULL,9,1.99,329,3 oz,85
Lamb Domestic Leg Sirloin Half Separable Lean And Fat Trimmed To 1/8 Inch Fat Choice Raw,Meats,261,20.8,71,56,0,0,NULL,17.21,NULL,10,1.63,235,1 oz,28.4
Lamb Domestic Leg Sirloin Half Separable Lean And Fat Trimmed To 1/8 Inch Fat Choice Cooked Roasted,Meats,284,19.67,96,68,0,0,NULL,24.95,NULL,11,2.01,304,3 oz,85
Lamb Domestic Loin Separable Lean And Fat Trimmed To 1/8 Inch Fat Choice Raw,Meats,279,22.75,72,59,0,0,NULL,17.18,NULL,14,1.66,226,1 oz,28.4
Lamb Domestic Rib Separable Lean And Fat Trimmed To 1/8 Inch Fat Choice Cooked Roasted,Meats,341,27.53,96,74,0,0,NULL,21.82,NULL,22,1.62,277,3 oz,85
Lamb Domestic Shoulder Whole (Arm And Blade) Separable Lean And Fat Trimmed To 1/8 Inch Fat Choice Raw,Meats,244,18.96,71,63,0,0,NULL,17.07,NULL,16,1.53,237,1 oz,28.4
Lamb Domestic Shoulder Whole (Arm And Blade) Separable Lean And Fat Trimmed To 1/8 Inch Fat Choice Cooked Braised,Meats,338,23.57,117,74,0,0,NULL,29.46,NULL,27,2.39,261,3 oz,85
Lamb Domestic Shoulder Whole (Arm And Blade) Separable Lean And Fat Trimmed To 1/8 Inch Fat Choice Cooked Broiled,Meats,268,18.39,95,82,0,0,NULL,23.84,NULL,23,1.83,335,3 oz,85
Lamb Domestic Shoulder Blade Separable Lean And Fat Trimmed To 1/8 Inch Fat Choice Raw,Meats,244,18.97,71,63,0,0,NULL,17.01,NULL,17,1.5,234,1 oz,28.4
Lamb Domestic Shoulder Blade Separable Lean And Fat Trimmed To 1/8 Inch Fat Choice Cooked Braised,Meats,339,23.88,116,75,0,0,NULL,28.92,NULL,27,2.38,244,3 oz,85
Lamb Domestic Shoulder Blade Separable Lean And Fat Trimmed To 1/8 Inch Fat Choice Cooked Broiled,Meats,267,18.5,95,83,0,0,NULL,23.48,NULL,24,1.73,341,3 oz,85
Lamb Domestic Shoulder Blade Separable Lean And Fat Trimmed To 1/8 Inch Fat Choice Cooked Roasted,Meats,270,19.19,92,67,0,0,NULL,22.62,NULL,21,1.95,248,3 oz,85
Lamb New Zealand Imported Frozen Leg Whole (Shank And Sirloin) Separable Lean And Fat Trimmed To 1/8 Inch Fat Raw,Meats,201,13.37,75,41,0,0,NULL,18.76,NULL,7,1.6,160,1 oz,28.4
Lamb New Zealand Imported Frozen Leg Whole (Shank And Sirloin) Separable Lean And Fat Trimmed To 1/8 Inch Fat Cooked Roasted,Meats,234,13.95,101,44,0,0,NULL,25.34,NULL,9,2.13,170,3 oz,85
Lamb New Zealand Imported Frozen Loin Separable Lean And Fat Trimmed To 1/8 Inch Fat Raw,Meats,273,22.1,82,39,0,0,NULL,17.18,NULL,17,1.59,128,1 oz,28.4
Lamb New Zealand Imported Frozen Loin Separable Lean And Fat Trimmed To 1/8 Inch Fat Cooked Broiled,Meats,296,21.28,113,50,0,0,NULL,24.41,NULL,23,2.1,164,3 oz,85
Game Meat Bison Top Sirloin Separable Lean Only Trimmed To 0 Inch Fat Raw,Meats,113,2.4,71,51,0,NULL,NULL,21.4,NULL,5,3,335,1 oz,28.4
Game Meat Bison Ribeye Separable Lean Only Trimmed To 0 Inch Fat Raw,Meats,116,2.4,62,48,0,NULL,NULL,22.1,NULL,6,2.8,344,1 oz,28.4
Game Meat Bison Shoulder Clod Separable Lean Only Trimmed To 0 Inch Fat Raw,Meats,109,2.1,66,59,0,NULL,NULL,21.1,NULL,4,3,322,1 oz,28.4
Veal Breast Separable Fat Cooked,Meats,521,53.35,95,49,0,0,NULL,9.4,NULL,6,0.45,181,1 oz,28.4
Veal Shank (Fore And Hind) Separable Lean And Fat Raw,Meats,113,3.48,75,84,0,NULL,NULL,19.15,NULL,20,0.76,314,1 oz,28.4
Veal Shank (Fore And Hind) Separable Lean And Fat Cooked Braised,Meats,191,6.2,124,93,0,NULL,NULL,31.54,NULL,33,1.25,305,3 oz,85
Veal Shank (Fore And Hind) Separable Lean Only Raw,Meats,108,2.83,75,85,0,NULL,NULL,19.28,NULL,20,0.76,316,1 oz,28.4
Veal Shank (Fore And Hind) Separable Lean Only Cooked Braised,Meats,177,4.33,126,94,0,0,NULL,32.22,NULL,34,1.26,309,3 oz,85
Lamb Australian Imported Fresh Separable Fat Raw,Meats,648,68.87,77,33,0,NULL,NULL,6.27,NULL,19,0.63,112,1 oz,28.4
Lamb Australian Imported Fresh Separable Fat Cooked,Meats,639,66.4,83,51,0,NULL,NULL,9.42,NULL,27,1.11,179,3 oz,85
Lamb Australian Imported Fresh Foreshank Separable Lean And Fat Trimmed To 1/8 Inch Fat Raw,Meats,195,12.68,67,96,0,NULL,NULL,18.85,NULL,12,1.38,270,1 oz,28.4
Lamb Australian Imported Fresh Foreshank Separable Lean And Fat Trimmed To 1/8 Inch Fat Cooked Braised,Meats,236,14.44,91,93,0,NULL,NULL,24.78,NULL,16,1.79,244,3 oz,85
Lamb Australian Imported Fresh Leg Whole (Shank And Sirloin) Separable Lean Only Trimmed To 1/8 Inch Fat Raw,Meats,135,5.23,64,81,0,NULL,NULL,20.46,NULL,8,1.64,329,1 oz,28.4
Lamb Australian Imported Fresh Leg Whole (Shank And Sirloin) Separable Lean Only Trimmed To 1/8 Inch Fat Cooked Roasted,Meats,190,8.1,89,72,0,NULL,NULL,27.31,NULL,9,2.15,326,3 oz,85
Lamb Australian Imported Fresh Leg Shank Half Separable Lean And Fat Trimmed To 1/8 Inch Fat Raw,Meats,201,13.48,66,75,0,NULL,NULL,18.59,NULL,9,1.48,301,1 oz,28.4
Lamb Australian Imported Fresh Leg Shank Half Separable Lean And Fat Trimmed To 1/8 Inch Fat Cooked Roasted,Meats,231,13.69,83,67,0,NULL,NULL,25.25,NULL,10,2.01,313,3 oz,85
Lamb Australian Imported Fresh Leg Shank Half Separable Lean Only Trimmed To 1/8 Inch Fat Raw,Meats,133,5.1,64,81,0,NULL,NULL,20.45,NULL,7,1.61,329,1 oz,28.4
Lamb Australian Imported Fresh Leg Sirloin Half Boneless Separable Lean Only Trimmed To 1/8 Inch Fat Cooked Roasted,Meats,215,10.65,105,83,0,NULL,NULL,27.75,NULL,13,2.24,318,3 oz,85
Lamb Australian Imported Fresh Leg Sirloin Chops Boneless Separable Lean And Fat Trimmed To 1/8 Inch Fat Raw,Meats,208,14.38,66,59,0,NULL,NULL,18.33,NULL,11,1.75,308,1 oz,28.4
Lamb Australian Imported Fresh Leg Sirloin Chops Boneless Separable Lean And Fat Trimmed To 1/8 Inch Fat Cooked Broiled,Meats,235,13.83,85,64,0,NULL,NULL,25.75,NULL,14,2.34,336,3 oz,85
Lamb Australian Imported Fresh Leg Sirloin Chops Boneless Separable Lean Only Trimmed To 1/8 Inch Fat Raw,Meats,132,4.91,64,64,0,NULL,NULL,20.43,NULL,9,1.94,342,1 oz,28.4
Lamb Australian Imported Fresh Leg Center Slice Bone-In Separable Lean Only Trimmed To 1/8 Inch Fat Cooked Broiled,Meats,183,7.68,85,66,0,NULL,NULL,26.75,NULL,13,2.48,354,3 oz,85
Lamb Australian Imported Fresh Loin Separable Lean And Fat Trimmed To 1/8 Inch Fat Raw,Meats,203,13.38,66,70,0,NULL,NULL,19.32,NULL,15,1.66,302,1 oz,28.4
Lamb Australian Imported Fresh Loin Separable Lean And Fat Trimmed To 1/8 Inch Fat Cooked Broiled,Meats,219,12.25,82,78,0,NULL,NULL,25.49,NULL,21,2.12,331,3 oz,85
Lamb Australian Imported Fresh Loin Separable Lean Only Trimmed To 1/8 Inch Fat Raw,Meats,146,6.24,64,75,0,NULL,NULL,21,NULL,15,1.79,327,1 oz,28.4
Lamb Australian Imported Fresh Rib Chop Frenched Bone-In Separable Lean Only Trimmed To 1/8 Inch Fat Cooked Grilled,Meats,234,11.68,92,85,0,0,0,32.16,0,11,2.36,320,3 oz,85
Lamb Australian Imported Fresh Shoulder Whole (Arm And Blade) Separable Lean And Fat Trimmed To 1/8 Inch Fat Raw,Meats,256,20.47,66,76,0,NULL,NULL,16.68,NULL,18,1.26,267,1 oz,28.4
Lamb Australian Imported Fresh Shoulder Whole (Arm And Blade) Separable Lean And Fat Trimmed To 1/8 Inch Fat Cooked,Meats,296,21.65,89,85,0,NULL,NULL,23.58,NULL,28,1.78,288,3 oz,85
Lamb Australian Imported Fresh Shoulder Whole (Arm And Blade) Separable Lean Only   Trimmed To 1/8 Inch Fat Raw,Meats,155,8.01,64,88,0,NULL,NULL,19.36,NULL,18,1.42,306,1 oz,28.4
Lamb Australian Imported Fresh Shoulder Whole (Arm And Blade) Separable Lean Only Trimmed To 1/8 Inch Fat Cooked,Meats,233,13.44,91,91,0,NULL,NULL,26.18,NULL,28,1.9,308,3 oz,85
Lamb Australian Imported Fresh Shoulder Blade Separable Lean And Fat Trimmed To 1/8 Inch Fat Raw,Meats,262,21.28,67,78,0,NULL,NULL,16.48,NULL,19,1.21,260,1 oz,28.4
Lamb Australian Imported Fresh Shoulder Blade Separable Lean And Fat Trimmed To 1/8 Inch Fat Cooked Broiled,Meats,291,22.03,84,88,0,NULL,NULL,21.71,NULL,28,1.58,295,3 oz,85
Lamb Australian Imported Fresh Shoulder Blade Separable Lean Only Trimmed To 1/8 Inch Fat Raw,Meats,164,9.09,64,90,0,NULL,NULL,19.1,NULL,19,1.36,298,1 oz,28.4
Lamb Australian Imported Fresh Shoulder Blade Separable Lean Only Trimmed To 1/8 Inch Fat Cooked Broiled,Meats,231,14.38,85,94,0,NULL,NULL,23.83,NULL,28,1.67,315,3 oz,85
Game Meat Bison Chuck Shoulder Clod Separable Lean Only Raw,Meats,119,3.15,64,62,0,0,0,21.12,NULL,5,2.88,353,1 serving ( 3 oz ),85
Game Meat Bison Ribeye Separable Lean Only 1 Inch Steak Cooked Broiled,Meats,177,5.67,79,52,0,0,0,29.45,NULL,7,2.88,371,1 serving ( 3 oz ),85
Game Meat Bison Top Round Separable Lean Only 1 Inch Steak Cooked Broiled,Meats,174,4.96,85,41,0,0,0,30.18,NULL,5,3.52,382,1 serving ( 3 oz ),85
Game Meat Bison Top Round Separable Lean Only 1 Inch Steak Raw,Meats,122,2.43,65,47,0,0,0,23.32,NULL,5,2.66,390,1 serving ( 3 oz ),85
Game Meat Deer Ground Raw,Meats,157,7.13,80,75,0,0,0,21.78,0,11,2.92,330,1 patty (cooked from 4 oz raw),85
Game Meat Deer Ground Cooked Pan-Broiled,Meats,187,8.22,98,78,0,0,0,26.45,0,14,3.35,364,1 patty,93
Game Meat Deer Loin Separable Lean Only 1 Inch Steak Cooked Broiled,Meats,150,2.38,79,57,0,0,0,30.2,0,6,4.09,398,1 steak,54
Game Meat Deer Shoulder Clod Separable Lean Only Cooked Braised,Meats,191,3.95,113,52,0,0,0,36.28,0,6,5.01,313,1 serving ( 3 oz ),85
Veal Australian Shank Hind Bone-In Separable Lean Only Raw,Meats,122,4.47,59,98,0,0,0,20.37,NULL,17,3.08,NULL,3 oz,85
Veal Australian Shank Hind Bone-In Separable Lean And Fat,Meats,144,7.2,60,95,0,0,0,19.78,NULL,16,2.95,NULL,3 oz,85
Lamb Australian Ground  85% Lean / 15% Fat Raw,Meats,255,20.71,73,77,0,NULL,NULL,17.14,NULL,9,1.41,NULL,1 serving (4 oz),113
Lamb New Zealand Imported Intermuscular Fat Cooked,Meats,596,62.44,82,52,0,0,0,8.53,0.2,6,1.39,198,,NULL
Lamb New Zealand Imported Breast Separable Lean Only Cooked Braised,Meats,270,17.53,102,86,0,0,0,28.16,0,25,1.89,183,3 oz,85
Lamb New Zealand Imported Breast Separable Lean Only Raw,Meats,149,7.98,65,107,1.02,0,0,18.31,0,13,1.15,293,4 oz,113
Lamb New Zealand Imported Chump Boneless Separable Lean Only Cooked Fast Roasted,Meats,142,5.27,74,61,0,0,0,23.69,0,4,1.73,339,3 oz,85
Lamb New Zealand Imported Subcutaneous Fat Cooked,Meats,674,72.28,66,43,0.62,0,0,5.24,0.1,6,0.7,164,,NULL
Lamb New Zealand Imported Liver Cooked Soaked And Fried,Meats,168,6.56,566,59,1.48,0,0,25.8,0,5,5.4,287,3 oz,85
Lamb New Zealand Imported Liver Raw,Meats,136,4.92,386,59,2.22,0,0,20.7,0,4,4.6,285,4 oz,113
Lamb New Zealand Imported Ground Lamb Cooked Braised,Meats,192,11.34,71,34,0,0,0,22.6,0,4,1.27,162,3 oz,85
Lamb New Zealand Imported Ground Lamb Raw,Meats,193,12.41,63,57,0,0,0,20.33,0,4,1.04,281,4 oz,113
Lamb New Zealand Imported Testes Cooked Soaked And Fried,Meats,125,4.56,523,118,0,0,0,21.01,0,8,1.69,265,3 oz,85
Lamb New Zealand Imported Testes Raw,Meats,68,2.38,393,119,0.14,0,0,11.4,0,5,1.14,265,4 oz,113
Lamb New Zealand Imported Tongue - Swiss Cut Cooked Soaked And Simmered,Meats,272,22.04,126,52,0.86,0,0,17.51,0.3,6,1.74,132,3 oz,85
Lamb New Zealand Imported Tongue - Swiss Cut Raw,Meats,225,18.61,88,77,0,0,0,14.27,0.1,6,1.25,207,4 oz,113
Lamb New Zealand Imported Tenderloin Separable Lean Only Cooked Fast Fried,Meats,155,4.81,94,59,0,0,0,27.94,0,5,2.12,433,3 oz,85
Lamb New Zealand Imported Tenderloin Separable Lean Only Raw,Meats,116,3.81,69,49,0,0,0,20.53,0,4,1.63,381,4 oz,113
Lamb New Zealand Imported Loin Saddle Separable Lean Only Cooked Fast Roasted,Meats,162,6.7,78,76,0,0,0,25.53,0,8,1.6,345,3 oz,85
Lamb New Zealand Imported Loin Saddle Separable Lean Only Raw,Meats,131,5.32,66,75,0,0,0,20.86,0,7,1.54,356,4 oz,113
Lamb New Zealand Imported Neck Chops Separable Lean Only Cooked Braised,Meats,264,15.36,121,97,0,0,0,31.4,0,58,2.28,289,3 oz,85
Lamb New Zealand Imported Netted Shoulder Rolled Boneless Separable Lean Only Cooked Slow Roasted,Meats,199,10.91,79,65,0,0,0,25.14,0.1,7,1.38,337,3 oz,85
Lamb New Zealand Imported Netted Shoulder Rolled Boneless Separable Lean Only Raw,Meats,143,6.88,58,65,0,0,0,20.2,0,5,1.16,325,4 oz,113
Lamb New Zealand Imported Rack - Fully Frenched Separable Lean Only Cooked Fast Roasted,Meats,173,8.38,72,67,0,0,0,24.39,0.1,11,1.76,330,3 oz,85
Lamb New Zealand Imported Flap Boneless Separable Lean And Fat Cooked Braised,Meats,376,32.63,76,51,0.14,0,0,20.48,0.1,8,1.11,182,3 oz,85
Lamb New Zealand Imported Flap Boneless Separable Lean And Fat Raw,Meats,337,30.14,64,69,0.27,0,0,16.17,0.1,6,0.84,240,4 oz,113
Lamb New Zealand Imported Hind-Shank Separable Lean And Fat Cooked Braised,Meats,247,14.22,111,69,0.04,0,0,29.59,0.1,8,1.99,249,3 oz,85
Lamb New Zealand Imported Hind-Shank Separable Lean And Fat Raw,Meats,186,12.12,64,76,0.73,0,0,18.39,0.1,5,1.34,299,4 oz,113
Lamb New Zealand Imported Loin Boneless Separable Lean And Fat Cooked Fast Roasted,Meats,157,4.57,86,57,0,0,0,28.96,0,6,2.05,355,3 oz,85
Lamb New Zealand Imported Loin Boneless Separable Lean And Fat Raw,Meats,122,3.99,66,60,0,0,0,21.44,0,4,1.55,368,4 oz,113
Lamb New Zealand Imported Neck Chops Separable Lean And Fat Cooked Braised,Meats,307,21.43,116,91,0.03,0,0,28.53,0.1,52,2.14,276,3 oz,85
Lamb New Zealand Imported Neck Chops Separable Lean And Fat Raw,Meats,231,17.9,72,73,0.14,0,0,17.43,0,20,1.14,290,4 oz,113
Lamb New Zealand Imported Netted Shoulder Rolled Boneless Separable Lean And Fat Cooked Slow Roasted,Meats,287,22.33,78,61,0.05,0,0,21.45,0.1,7,1.33,305,3 oz,85
Lamb New Zealand Imported Tenderloin Separable Lean And Fat Cooked Fast Fried,Meats,157,5,94,59,0,0,0,27.87,0,5,2.11,432,3 oz,85
Lamb New Zealand Imported Rack - Fully Frenched Separable Lean And Fat Cooked Fast Roasted,Meats,195,11.2,72,67,0.01,0,0,23.56,0.1,11,1.74,323,3 oz,85
Lamb New Zealand Imported Rack - Fully Frenched Separable Lean And Fat Raw,Meats,169,9.96,62,62,0.05,0,0,19.88,0.1,8,1.36,324,4 oz,113
Lamb New Zealand Imported Tunnel-Boned Leg Chump Off Shank Off Separable Lean And Fat Cooked Slow Roasted,Meats,208,12.68,79,61,0.03,0,0,23.41,0,4,1.64,349,3 oz,85
Veal Leg Top Round Cap Off Cutlet Boneless Raw,Meats,107,2.07,56,86,0,0,0,22.07,0.6,4,0.81,273,3 oz,85
Veal Loin Chop Separable Lean Only Cooked Grilled,Meats,159,4.44,78,85,0.07,0,0,29.75,0.8,13,0.79,239,3 oz,85
Veal Shank Separable Lean Only Raw,Meats,94,1.64,62,109,0,0,0,19.77,0.7,11,1.19,163,3 oz,85
Veal Foreshank Osso Buco Separable Lean Only Cooked Braised,Meats,157,4.51,92,90,0,0,0,29.12,0.8,21,2.06,205,3 oz,85
Veal Seam Fat Only Cooked,Meats,505,50.17,82,87,2.11,0,0,11.16,4.5,43,1.15,155,,NULL
Veal Shank Separable Lean And Fat Raw,Meats,107,3.3,63,107,0,0,0,19.28,0.8,12,1.17,162,3 oz,85
Veal Foreshank Osso Buco Separable Lean And Fat Cooked Braised,Meats,182,7.77,92,90,0.11,0,0,27.94,1.1,22,2,201,3 oz,85
Veal Loin Chop Separable Lean And Fat Cooked Grilled,Meats,198,9.48,79,86,0.16,0,0,28.04,1.1,17,0.82,229,3 oz,85
Veal Shoulder Blade Chop Separable Lean And Fat Cooked Grilled,Meats,199,10.57,78,111,0.15,0,0,25.72,1.3,24,1.59,235,3 oz,85
Lamb Australian Imported Fresh Tenderloin Boneless Separable Lean Only Trimmed To 1/8 Inch Fat Raw,Meats,136,4.73,76,73,0,0,0,23.42,0,2,2.27,311,4 oz,114
Lamb Australian Imported Fresh Leg Bottom Boneless Separable Lean Only Trimmed To 1/8 Inch Fat Raw,Meats,136,5.24,61,83,0,0,0,22.28,0,2,1.88,231,4 oz,114
Lamb Australian Imported Fresh Leg Trotter Off Bone-In Separable Lean Only Trimmed To 1/8 Inch Fat Cooked Roasted,Meats,215,9.59,117,80,0,0,0,32.08,0,4,2.55,308,3 oz,85
Lamb Australian Imported Fresh Leg Trotter Off Bone-In Separable Lean Only Trimmed To 1/8 Inch Fat Raw,Meats,131,4.33,76,77,0,0,0,23.11,0,3,2.25,238,4 oz,114
Lamb Australian Imported Fresh Seam Fat Cooked,Meats,554,54.72,110,53,1.55,0,0,13.81,0,8,1.39,164,,NULL
Lamb Australian Imported Fresh Seam Fat Raw,Meats,459,44.01,90,55,0,0,0,15.65,0,6,0.98,126,,NULL
Lamb Australian Imported Fresh Leg Bottom Boneless Separable Lean And Fat Trimmed To 1/8 Inch Fat Cooked Roasted,Meats,219,12.04,106,69,0,0,0,27.54,0,3,2.01,279,3 oz,85
Lamb Australian Imported Fresh Leg Bottom Boneless Separable Lean And Fat Trimmed To 1/8 Inch Fat Raw,Meats,187,11.43,63,80,0,0,0,20.97,0,3,1.76,218,4 oz,114
Lamb Australian Imported Fresh Tenderloin Boneless Separable Lean And Fat Trimmed To 1/8 Inch Fat Raw,Meats,143,5.52,76,73,0,0,0,23.23,0,2,2.25,308,4 oz,114
Lamb Australian Imported Fresh Rib Chop Frenched Denuded Bone-In Separable Lean Only Trimmed To 0 Inch Fat Cooked Grilled,Meats,236,11.5,103,85,0,0,0,33.17,0,10,2.46,294,3 oz,85
Lamb Australian Imported Fresh Rack Roast Frenched Denuded Bone-In Separable Lean And Fat Trimmed To 0 Inch Fat Cooked Roasted,Meats,193,9.91,97,71,0,0,0,25.95,0,7,1.92,227,3 oz,85
Lamb Australian Imported Fresh Rack Roast Frenched Bone-In Separable Lean And Fat Trimmed To 1/8 Inch Fat Cooked Roasted,Meats,291,20.77,97,65,0,0,0,25.96,0,7,2.47,228,3 oz,85
Cinnamon Raisin Bagels,Baked Foods,274,1.7,0,407,55.2,2.3,5.98,9.8,0,19,3.8,148,1 mini bagel (2-1/2 inch dia),26
Toasted Cinnamon Raisin Bagels,Baked Foods,294,1.8,0,370,59.3,2.5,6.43,10.6,0,20,4.09,163,1 mini bagel (2-1/2 inch dia),24
Bagel (Oat Bran),Baked Foods,255,1.2,0,590,53.3,3.6,1.63,10.7,0,12,3.08,115,1 mini bagel (2-1/2 inch dia),26
Biscuits Plain Or Buttermilk Frozen Baked,Baked Foods,338,11.03,1,942,53.87,1.3,3.48,6.2,0,49,3.3,224,1 oz,28.4
Biscuits Plain Or Buttermilk Refrigerated Dough Higher Fat,Baked Foods,307,10.58,1,977,46.32,0.7,7.4,6.66,NULL,51,2.48,162,1 biscuit,58
Biscuits Plain Or Buttermilk Refrigerated Dough Higher Fat Baked,Baked Foods,324,11.22,0,1002,49.05,2.8,8.19,6.79,0,27,2.57,152,1 biscuit,51
Biscuits Plain Or Buttermilk Prepared From Recipe,Baked Foods,353,16.3,3,580,44.6,1.5,2.18,7,NULL,235,2.9,121,1 oz,28.4
Biscuits Mixed Grain Refrigerated Dough,Baked Foods,263,5.6,0,670,47.4,NULL,NULL,6.1,NULL,17,2.75,456,1 oz,28.4
Bread Cracked-Wheat,Baked Foods,260,3.9,0,538,49.5,5.5,NULL,8.7,NULL,43,2.81,177,1 oz,28.4
Bread Egg,Baked Foods,287,6,51,380,47.8,2.3,1.78,9.5,0.4,93,3.04,115,1 oz,28.4
Bread Egg Toasted,Baked Foods,315,6.6,56,417,52.6,2.5,1.94,10.5,0.5,102,3.34,126,1 oz,28.4
French Bread,Baked Foods,272,2.42,0,602,51.88,2.2,4.62,10.75,0,52,3.91,117,1 oz,28.4
Bread Oat Bran,Baked Foods,236,4.4,0,353,39.8,4.5,7.7,10.4,0,65,3.12,147,1 oz,28.4
Bread Oat Bran Toasted,Baked Foods,259,4.8,0,387,43.7,4.9,8.46,11.4,0,71,3.43,123,1 oz,28.4
Bread Oatmeal,Baked Foods,269,4.4,0,447,48.5,4,8.14,8.4,0,66,2.7,142,1 oz,28.4
Bread Oatmeal Toasted,Baked Foods,292,4.8,0,486,52.7,4.3,8.84,9.2,0,72,2.94,154,1 oz,28.4
Bread Raisin Enriched,Baked Foods,274,4.4,0,347,52.3,4.3,5.68,7.9,0,66,2.9,227,1 oz,28.4
Bread Raisin Enriched Toasted,Baked Foods,297,4.8,0,377,56.9,4.7,6.18,8.6,0,72,3.15,246,1 oz,28.4
Bread Reduced-Calorie Oat Bran,Baked Foods,201,3.2,0,459,41.3,12,3.52,8,0,57,3.15,102,1 oz,28.4
Bread Reduced-Calorie Oat Bran Toasted,Baked Foods,239,3.8,0,547,49.2,14.3,4.2,9.5,0,68,3.75,122,1 oz,28.4
Rye Bread,Baked Foods,259,3.3,0,603,48.3,5.8,3.85,8.5,0,73,2.83,166,1 oz,28.4
Bread Rye Toasted,Baked Foods,284,3.6,0,664,53.1,6.4,4.23,9.4,0,80,3.1,183,1 oz,28.4
Wheat Bread,Baked Foods,274,4.53,0,473,47.54,4,5.73,10.67,0,125,3.6,141,1 oz,28.4
Bread Wheat Toasted,Baked Foods,313,4.27,0,601,55.77,4.7,6.42,12.96,0,165,4.09,223,1 oz,28.4
Whole Wheat Bread,Baked Foods,252,3.5,0,455,42.71,6,4.34,12.45,0,161,2.47,254,1 slice,32
Toasted Whole Wheat Bread,Baked Foods,306,4.07,0,565,51.16,7.5,5.77,16.27,0,130,2.96,326,1 oz,28.4
Bread Whole-Wheat Prepared From Recipe,Baked Foods,278,5.4,0,346,51.4,6,3.84,8.4,0,33,3.1,314,1 oz,28.4
Bread Whole-Wheat Prepared From Recipe Toasted,Baked Foods,305,5.9,0,381,56.4,6.7,4.22,9.2,0,36,3.4,345,1 oz,28.4
Bread Stuffing Cornbread Dry Mix,Baked Foods,389,4.2,0,1429,76.7,14.3,13.16,10,NULL,78,3.25,204,1 oz,28.4
Bread Stuffing Cornbread Dry Mix Prepared,Baked Foods,179,8.8,0,526,21.9,2.9,0,2.9,0,26,0.94,62,1 oz,28.4
Cake Angelfood Commercially Prepared,Baked Foods,258,0.8,0,749,57.8,1.5,NULL,5.9,NULL,140,0.52,93,1 piece (1/12 of 12 oz cake),28
Cake Angelfood Dry Mix Prepared,Baked Foods,257,0.3,0,511,58.7,0.2,30.51,6.1,0,84,0.23,135,1 piece (1/12 of 10 inch dia),50
Cake Boston Cream Pie Commercially Prepared,Baked Foods,252,8.5,37,254,42.9,1.4,36.11,2.4,0.1,23,0.38,39,1 oz,28.4
Chocolate Cake,Baked Foods,371,15.1,58,315,53.4,1.6,NULL,5.3,NULL,60,1.61,140,1 piece (1/12 of 9 inch dia),95
White Cake With Coconut Frosting,Baked Foods,356,10.3,1,284,63.2,1,57.39,4.4,0.2,90,1.16,99,1 oz,28.4
Coffeecake Cheese,Baked Foods,339,15.2,85,339,44.3,1,NULL,7,NULL,59,0.64,289,1 oz,28.4
Cinnamon Coffeecake,Baked Foods,418,23.3,32,351,46.7,2,NULL,6.8,NULL,54,1.91,123,1 oz,28.4
Cake Gingerbread Dry Mix,Baked Foods,437,13.8,0,657,74.6,1.7,46.62,4.4,0,94,4.7,341,1 oz,28.4
Gingerbread Cake,Baked Foods,356,16.4,32,327,49.2,NULL,NULL,3.9,NULL,71,2.88,439,1 oz,28.4
Upside-Down Pineapple Cake,Baked Foods,319,12.1,22,319,50.5,0.8,NULL,3.5,NULL,120,1.48,112,1 oz,28.4
Cake Pound Commercially Prepared Butter (Includes Fresh And Frozen),Baked Foods,353,13.96,66,377,53.64,0.6,33.36,5,0.8,47,1.48,149,1/6 loaf 1/6 of the loaf,61
Cake White Dry Mix Special Dietary (Includes Lemon-Flavored),Baked Foods,397,8.4,0,260,79.6,NULL,NULL,3,NULL,26,1.99,149,1 oz,28.4
Cake Sponge Commercially Prepared,Baked Foods,290,2.7,102,623,61,0.5,36.66,5.4,0.2,70,2.72,99,1 oz,28.4
Cake Sponge Prepared From Recipe,Baked Foods,297,4.3,170,228,57.7,NULL,NULL,7.3,NULL,42,1.58,141,1 oz,28.4
Cake Pudding-Type White Enriched Dry Mix,Baked Foods,423,9.5,0,665,80.9,0.7,48.95,3.9,0,77,1.36,72,1 oz,28.4
Cake White Prepared From Recipe Without Frosting,Baked Foods,357,12.4,2,327,57.2,0.8,35.49,5.4,NULL,130,1.52,95,1 piece (1/12 of 9 inch dia),74
Cake Yellow Prepared From Recipe Without Frosting,Baked Foods,361,14.6,54,343,53,0.7,NULL,5.3,NULL,146,1.64,91,1 piece (1/12 of 8 inch dia),68
Cheesecake Commercially Prepared,Baked Foods,321,22.5,55,438,25.5,0.4,21.8,5.5,0.5,51,0.63,90,1 oz,28.4
Cheesecake Prepared From Mix No-Bake Type,Baked Foods,274,12.7,29,380,35.5,1.9,NULL,5.5,NULL,172,0.47,211,1 oz,28.4
Cookies Brownies Commercially Prepared,Baked Foods,405,16.3,17,286,63.9,2.1,36.61,4.8,0,29,2.25,149,1 oz,28.4
Cookies Chocolate Wafers,Baked Foods,433,14.2,2,580,72.7,3.4,37.43,6.6,0,31,4.01,210,1 oz,28.4
Cookies Chocolate Chip Commercially Prepared Regular Lower Fat,Baked Foods,451,17.91,0,418,67.49,3,32.84,5.97,0,0,3.22,134,1 serving 3 cookies,34
Cookies Chocolate Chip Commercially Prepared Regular Higher Fat Enriched,Baked Foods,492,24.72,0,311,65.36,2,32.9,5.1,0,21,5.58,171,1 cookie,12.9
Cookies Chocolate Chip Commercially Prepared Soft-Type,Baked Foods,444,19.77,NULL,276,65.75,1.8,37.1,3.63,NULL,17,4.07,130,1 cookie,14.2
Cookies Chocolate Sandwich With Creme Filling Regular,Baked Foods,464,19.14,0,388,71,2.9,40.67,5.21,0,21,12.14,234,3 cookie,36
Cookies Chocolate Sandwich With Creme Filling Regular Chocolate-Coated,Baked Foods,481,26.4,0,326,66.4,5.2,49.58,3.6,0,35,3.13,240,1 oz,28.4
Cookies Chocolate Sandwich With Extra Creme Filling,Baked Foods,497,24.52,0,351,68.2,2.7,46,4.33,0,16,7.8,137,1 oz,28.4
Fig Bars,Baked Foods,348,7.3,0,350,70.9,4.6,46.36,3.7,0,64,2.9,207,1 oz,28.4
Forunte Cookies,Baked Foods,378,2.7,2,31,84,1.6,45.42,4.2,0,12,1.44,41,1 oz,28.4
Chocolate Coated Marshmallows,Baked Foods,421,16.9,0,188,67.7,2,44.8,4,0,46,2.53,182,1 oz,28.4
Molasses Cookies,Baked Foods,430,12.8,0,459,73.8,1,17.6,5.6,0,74,6.43,346,1 oz,28.4
Oatmeal Cookies,Baked Foods,450,18.1,0,520,68.7,2.8,24.66,6.2,0,37,2.58,142,1 oz,28.4
Cookies Oatmeal Commercially Prepared Soft-Type,Baked Foods,409,14.7,5,349,65.7,2.7,NULL,6.1,NULL,90,2.79,135,1 oz,28.4
Cookies Peanut Butter Commercially Prepared Regular,Baked Foods,473,23.82,27,463,58.15,2.1,28.58,8.92,0,41,2.11,202,1 oz,28.4
Cookies Peanut Butter Commercially Prepared Soft-Type,Baked Foods,457,24.4,0,336,57.7,1.7,NULL,5.3,NULL,12,0.89,107,1 oz,28.4
Cookies Peanut Butter Refrigerated Dough,Baked Foods,458,25,27,397,52.1,1.1,NULL,8.2,NULL,101,1.7,308,1 oz,28.4
Cookies Peanut Butter Refrigerated Dough Baked,Baked Foods,503,27.5,30,436,57.3,1.2,NULL,9.1,NULL,111,1.87,338,1 oz,28.4
Cookies Brownies Dry Mix Sugar Free,Baked Foods,426,12.5,0,83,80.4,4.2,NULL,2.9,NULL,12,1.52,335,1 oz,28.4
Cookies Chocolate Chip Commercially Prepared Special Dietary,Baked Foods,450,16.8,0,244,73.4,1.6,39.81,3.9,0,46,3.5,199,1 oz,28.4
Cookies Chocolate Sandwich With Creme Filling Special Dietary,Baked Foods,461,22.1,0,342,68,4.1,19.73,4.5,0,98,4.72,295,1 oz,28.4
Cookies Oatmeal Commercially Prepared Special Dietary,Baked Foods,449,18,0,273,69.9,2.9,31.65,4.8,0,54,4.07,175,1 oz,28.4
Cookies Sugar Refrigerated Dough Baked,Baked Foods,489,23.1,32,362,65.6,0.9,40.36,4.7,0,90,1.84,163,1 oz,28.4
Cookies Sugar Wafers With Creme Filling Regular,Baked Foods,502,23.24,0,103,70.64,1.6,42.95,3.84,0,27,3.73,117,3 cookies,36
Cookies Vanilla Sandwich With Creme Filling,Baked Foods,483,20,0,388,72.1,1.5,39.3,4.5,0,27,2.21,91,1 oz,28.4
Puff Pastry Frozen Ready-To-Bake Baked,Baked Foods,558,38.5,0,253,45.7,1.5,0.75,7.4,0,10,2.6,62,1 oz,28.4
Rye Crispbread,Baked Foods,366,1.3,0,410,82.2,16.5,1.07,7.9,0,31,2.43,319,1/2 oz,14.2
Plain Matzo Crackers,Baked Foods,395,1.4,0,0,83.7,3,0.29,10,0,13,3.16,112,1/2 oz,14.2
Matzo Egg Crackers,Baked Foods,391,2.1,83,21,78.6,2.8,NULL,12.3,NULL,40,2.7,150,1/2 oz,14.2
Crackers Matzo Whole-Wheat,Baked Foods,351,1.5,0,2,78.9,11.8,NULL,13.1,NULL,23,4.65,316,1/2 oz,14.2
Crackers Rye Sandwich-Type With Cheese Filling,Baked Foods,481,22.3,9,1044,60.8,3.6,NULL,9.2,NULL,222,2.45,342,1/2 oz,14.2
Crackers Rye Wafers Plain,Baked Foods,334,0.9,0,557,80.4,22.9,1.01,9.6,0,40,5.94,495,1/2 oz,14.2
Crackers Rye Wafers Seasoned,Baked Foods,381,9.2,0,887,73.8,20.9,NULL,9,NULL,44,3.04,454,1/2 oz,14.2
Crackers Saltines (Includes Oyster Soda Soup),Baked Foods,418,8.64,0,941,74.05,2.8,1.29,9.46,0,19,5.57,152,5 crackers,14.9
Crackers Wheat Sandwich With Cheese Filling,Baked Foods,497,25,7,839,58.2,3.1,NULL,9.8,NULL,204,2.62,306,1/2 oz,14.2
Crackers Wheat Sandwich With Peanut Butter Filling,Baked Foods,495,26.7,0,807,53.8,4.4,NULL,13.5,NULL,170,2.67,297,1/2 oz,14.2
Crackers Whole-Wheat,Baked Foods,427,14.13,0,800,69.55,10.3,1.19,10.58,0,36,3.34,345,1 serving,28
Cracker Meal,Baked Foods,383,1.7,0,16,80.9,2.6,0.33,9.3,0,23,4.64,115,1 oz,28.4
Plain Croutons,Baked Foods,407,6.6,0,698,73.5,5.1,NULL,11.9,NULL,76,4.08,124,1/2 oz,14.2
Croutons Seasoned,Baked Foods,465,18.3,7,1333,63.5,5,4.41,10.8,0,96,2.82,181,1/2 oz,14.2
Danish Pastry Cinnamon Enriched,Baked Foods,403,22.4,21,414,44.6,1.3,19.78,7,0,71,1.96,125,1 oz,28.4
Danish Pastry Cheese,Baked Foods,374,21.9,23,417,37.2,1,6.95,8,0,35,1.8,98,1 oz,28.4
Danish Pastry Fruit Enriched (Includes Apple Cinnamon Raisin Lemon Raspberry Strawberry),Baked Foods,371,18.5,114,445,47.8,1.9,27.53,5.4,0,46,1.77,83,1 oz,28.4
Doughnuts French Crullers Glazed,Baked Foods,412,18.3,11,345,59.5,1.2,35.11,3.1,0,26,2.42,78,1 oz,28.4
Doughnuts Yeast-Leavened With Creme Filling,Baked Foods,361,24.5,24,309,30,0.8,14.55,6.4,0,25,1.83,80,1 oz,28.4
Doughnuts Yeast-Leavened Glazed Enriched (Includes Honey Buns),Baked Foods,421,22.7,30,316,47.93,2.1,22.75,6.14,0.1,101,2.38,102,1 oz,28.4
Doughnuts Yeast-Leavened With Jelly Filling,Baked Foods,340,18.7,26,455,39,0.9,21.1,5.9,0,25,1.76,79,1 oz,28.4
English Muffins Raisin-Cinnamon Toasted (Includes Apple-Cinnamon),Baked Foods,276,2.21,0,342,55.04,3,13.34,8.87,0,139,4.9,194,1 oz,28.4
English Muffins,Baked Foods,223,2,0,353,44.8,4.6,1.56,8.7,0,178,2.87,186,1 oz,28.4
English Muffins Whole-Wheat,Baked Foods,203,2.1,0,364,40.4,6.7,8.09,8.8,0,265,2.45,210,1 oz,28.4
French Toast Frozen Ready-To-Heat,Baked Foods,213,6.1,82,495,32.1,1.1,NULL,7.4,NULL,107,2.21,134,1 oz,28.4
Muffins Plain Prepared From Recipe Made With Low Fat (2%) Milk,Baked Foods,296,11.4,39,467,41.4,2.7,NULL,6.9,NULL,200,2.39,121,1 oz,28.4
Muffins Blueberry Commercially Prepared (Includes Mini-Muffins),Baked Foods,375,16.07,30,336,53,1.1,31.47,4.49,0.1,44,1.3,121,1 oz,28.4
Muffins Blueberry Dry Mix,Baked Foods,293,3.25,0,479,61,1.4,32.73,3.48,NULL,18,1.62,48,1 serving,43
Muffins Blueberry Toaster-Type,Baked Foods,313,9.5,6,417,53.3,1.8,4.85,4.6,0,13,0.51,83,1 oz,28.4
Muffins Blueberry Prepared From Recipe Made With Low Fat (2%) Milk,Baked Foods,285,10.8,37,441,40.7,NULL,NULL,6.5,NULL,189,2.27,123,1 oz,28.4
Muffins Oat Bran,Baked Foods,270,7.4,0,393,48.3,4.6,8.22,7,0,63,4.2,507,1 oz,28.4
Muffins Wheat Bran Dry Mix,Baked Foods,396,12,0,700,73,NULL,NULL,7.1,NULL,36,3.6,200,1 oz,28.4
Pancakes Plain Frozen Ready-To-Heat (Includes Buttermilk),Baked Foods,233,6.83,18,461,37.75,1,8.32,5.23,0,78,5.67,90,1 oz,28.4
Pancakes Plain Dry Mix Complete (Includes Buttermilk),Baked Foods,368,3.1,2,1082,73.65,2.9,16.03,9.77,NULL,344,3.6,191,1/ 3 cup,52
Pancakes Blueberry Prepared From Recipe,Baked Foods,222,9.2,56,412,29,NULL,NULL,6.1,NULL,206,1.72,138,1 oz,28.4
Pancakes Buckwheat Dry Mix Incomplete,Baked Foods,340,2.7,0,684,71.3,8.5,7.21,10.9,0,476,4.73,316,1 oz,28.4
Pancakes Special Dietary Dry Mix,Baked Foods,349,1.4,0,456,73.9,NULL,NULL,8.9,NULL,99,3.05,676,1 oz,28.4
Pancakes Whole-Wheat Dry Mix Incomplete,Baked Foods,344,1.5,0,1419,71,NULL,NULL,12.8,NULL,449,7.84,445,1 oz,28.4
Pie Banana Cream Prepared From Recipe,Baked Foods,269,13.6,51,240,32.9,0.7,12.06,4.4,0.8,75,1.04,165,1 oz,28.4
Blueberry Pie,Baked Foods,232,10,0,287,34.9,1,9.89,1.8,0,8,0.3,50,1 oz,28.4
Pie Blueberry Prepared From Recipe,Baked Foods,245,11.9,0,185,33.5,NULL,NULL,2.7,NULL,7,1.23,50,1 oz,28.4
Pie Cherry Commercially Prepared,Baked Foods,260,11,0,246,39.8,0.8,14.29,2,0,12,0.48,81,1 oz,28.4
Pie Cherry Prepared From Recipe,Baked Foods,270,12.2,0,191,38.5,NULL,NULL,2.8,NULL,10,1.85,77,1 oz,28.4
Coconut Custard Pie,Baked Foods,260,13.2,35,335,30.2,1.8,NULL,5.9,NULL,81,0.8,175,1 oz,28.4
Pie Egg Custard Commercially Prepared,Baked Foods,210,11.6,33,275,20.8,1.6,11.58,5.5,0.8,80,0.58,106,1 oz,28.4
Pie Fried Pies Fruit,Baked Foods,316,16.1,0,333,42.6,2.6,21.4,3,0,22,1.22,65,1 oz,28.4
Pie Lemon Meringue Commercially Prepared,Baked Foods,268,8.7,45,172,47.2,1.2,23.86,1.5,0.2,56,0.61,89,1 oz,28.4
Pie Pecan Prepared From Recipe,Baked Foods,412,22.2,87,262,52.2,NULL,NULL,4.9,NULL,32,1.48,133,1 oz,28.4
Pie Pumpkin Commercially Prepared,Baked Foods,243,9.75,26,239,34.83,1.8,18.88,3.9,0.1,64,0.9,167,1 oz,28.4
Pie Pumpkin Prepared From Recipe,Baked Foods,204,9.3,42,225,26.4,NULL,NULL,4.5,NULL,94,1.27,186,1 oz,28.4
Pie Vanilla Cream Prepared From Recipe,Baked Foods,278,14.4,62,260,32.6,0.6,12.68,4.8,1.2,90,1.02,126,1 oz,28.4
Puff Pastry,Baked Foods,551,38.1,0,249,45.1,1.5,0.74,7.3,NULL,10,2.56,61,1 oz,28.4
Phyllo Dough,Baked Foods,299,6,0,483,52.6,1.9,0.18,7.1,0,11,3.21,74,1 oz,28.4
Popovers Dry Mix Enriched,Baked Foods,371,4.3,0,906,71,NULL,NULL,10.4,NULL,32,2.97,100,1 oz,28.4
Rolls Dinner Plain Commercially Prepared (Includes Brown-And-Serve),Baked Foods,310,6.47,4,467,52.04,2,5.55,10.86,0,178,3.72,139,1 roll (1 oz),28
Rolls Dinner Whole-Wheat,Baked Foods,266,4.7,0,521,51.1,7.5,8.46,8.7,0,106,2.42,272,1 roll (1 oz),28
Rolls French,Baked Foods,277,4.3,0,574,50.2,3.2,0.31,8.6,0,91,2.71,114,1 oz,28.4
Rolls Hamburger Or Hotdog Plain,Baked Foods,279,3.91,0,494,50.12,1.8,7.28,9.77,0,144,3.43,122,1 roll 1 serving,44
Rolls Hamburger Or Hotdog Mixed-Grain,Baked Foods,263,6,0,458,44.6,3.8,6.25,9.6,0,95,3.95,160,1 oz,28.4
Sweet Rolls Cinnamon Refrigerated Dough With Frosting,Baked Foods,333,12.2,0,765,51.6,NULL,NULL,5,NULL,31,2.44,58,1 oz,28.4
Sweet Rolls Cinnamon Refrigerated Dough With Frosting Baked,Baked Foods,362,13.2,0,832,56.1,NULL,NULL,5.4,NULL,34,2.65,63,1 oz,28.4
Taco Shells Baked,Baked Foods,476,21.79,0,324,63.49,6.7,1.5,6.41,0,100,1.64,231,1 shell,12.9
Toaster Pastries Brown-Sugar-Cinnamon,Baked Foods,370,7.98,NULL,361,72.64,2.3,27.24,4.06,NULL,293,5.62,105,1 oz,28.4
Wonton Wrappers (Includes Egg Roll Wrappers),Baked Foods,291,1.5,9,572,57.9,1.8,NULL,9.8,NULL,47,3.36,82,1 oz,28.4
Leavening Agents Baking Powder Double-Acting Sodium Aluminum Sulfate,Baked Foods,53,0,0,10600,27.7,0.2,0,0,0,5876,11.02,20,1 tsp,4.6
Leavening Agents Baking Powder Double-Acting Straight Phosphate,Baked Foods,51,0,0,7893,24.1,0.2,0,0.1,0,7364,11.27,5,1 tsp,4.6
Leavening Agents Baking Powder Low-Sodium,Baked Foods,97,0.4,0,90,46.9,2.2,0,0.1,0,4332,8.17,10100,1 tsp,5
Bread Crumbs Dry Grated Seasoned,Baked Foods,383,5.48,1,2100,68.49,4.9,5.74,14.13,0,182,4.92,231,1 oz,28.4
Cookies Oatmeal Prepared From Recipe Without Raisins,Baked Foods,447,17.9,36,598,66.4,NULL,NULL,6.8,NULL,105,2.7,182,1 oz,28.4
Cookies Chocolate Chip Prepared From Recipe Made With Butter,Baked Foods,488,28.4,70,341,58.2,NULL,NULL,5.7,NULL,38,2.48,221,1 oz,28.4
Bread Protein (Includes Gluten) Toasted,Baked Foods,270,2.4,0,444,48.1,3.3,1.44,13.2,0,136,4.56,346,1 oz,28.4
Rolls Dinner Plain Prepared From Recipe Made With Low Fat (2%) Milk,Baked Foods,316,7.3,35,415,53.4,1.9,NULL,8.5,NULL,60,2.96,152,1 oz,28.4
Pie Crust Cookie-Type Prepared From Recipe Graham Cracker Chilled,Baked Foods,484,24.4,0,560,63.9,1.5,37.57,4.1,NULL,20,2.12,86,1 piece (1/8 of 9 inch crust),30
Crackers Matzo Egg And Onion,Baked Foods,391,3.9,45,285,77.1,5,NULL,10,NULL,36,4.37,83,1/2 oz,14.2
Pie Crust Cookie-Type Prepared From Recipe Vanilla Wafer Chilled,Baked Foods,531,36.2,39,515,50.2,0.1,7.33,3.7,0.5,42,1.63,79,1 cup,129
Pie Crust Standard-Type Prepared From Recipe Unbaked,Baked Foods,469,30.8,0,482,42.3,3.4,0.15,5.7,0,9,2.57,59,1 piece (1/8 of 9 inch crust),24
Bread Cornbread Dry Mix Unenriched (Includes Corn Muffin Mix),Baked Foods,418,12.2,2,1111,69.5,6.5,NULL,7,NULL,57,0.59,113,1 oz,28.4
Bread Pita White Unenriched,Baked Foods,275,1.2,0,536,55.7,2.2,NULL,9.1,NULL,86,1.4,120,1 oz,28.4
Bread Raisin Unenriched,Baked Foods,274,4.4,0,390,52.3,4.3,NULL,7.9,NULL,66,1.83,227,1 oz,28.4
Bread White Commercially Prepared Low Sodium No Salt,Baked Foods,267,3.6,1,298,49.6,2.3,4.31,8.2,0,108,3.03,119,1 oz,28.4
Cookies Butter Commercially Prepared Unenriched,Baked Foods,467,18.8,117,351,68.9,0.8,NULL,6.1,NULL,29,0.29,111,1 oz,28.4
Cookies Chocolate Chip Commercially Prepared Regular Higher Fat Unenriched,Baked Foods,481,22.6,0,315,66.8,2.5,NULL,5.4,NULL,25,1,135,1 oz,28.4
Cookies Ladyfingers Without Lemon Juice And Rind,Baked Foods,363,9.1,221,147,59.7,1,NULL,10.6,NULL,47,3.58,113,1 oz,28.4
Crackers Melba Toast Plain Without Salt,Baked Foods,390,3.2,0,19,76.6,6.3,NULL,12.1,NULL,93,3.7,202,1/2 oz,14.2
Crackers Whole-Wheat Low Salt,Baked Foods,443,17.2,0,186,68.6,10.5,0.37,8.8,0,50,3.08,297,1/2 oz,14.2
Danish Pastry Cinnamon Unenriched,Baked Foods,403,22.4,21,371,44.6,1.2,NULL,7,NULL,71,0.78,125,1 oz,28.4
Danish Pastry Fruit Unenriched (Includes Apple Cinnamon Raisin Strawberry),Baked Foods,371,18.5,40,354,47.8,1.9,NULL,5.4,NULL,46,0.75,83,1 oz,28.4
Bread White Commercially Prepared Toasted Low Sodium No Salt,Baked Foods,293,4,1,376,54.4,NULL,NULL,9,NULL,119,3.33,131,1 oz,28.4
Danish Pastry Lemon Unenriched,Baked Foods,371,18.5,40,354,47.8,1.9,NULL,5.4,NULL,46,0.75,83,1 oz,28.4
English Muffins Plain Unenriched With Calcium Propionate (Includes Sourdough),Baked Foods,235,1.8,0,464,46,2.7,NULL,7.7,NULL,174,0.89,131,1 oz,28.4
Quail Breast Meat Only Raw,Meats,123,2.99,58,55,0,0,NULL,22.59,NULL,10,2.31,260,3 oz,85
Chicken Broiler Rotisserie BBQ Wing Meat And Skin,Meats,257,18.04,129,579,0.6,0,0.6,23.42,0,33,0.93,285,1 wing,51
Ruffed Grouse Breast Meat Skinless Raw,Meats,112,0.88,40,50,0,0,0,25.94,NULL,5,0.58,311,4 oz,113
Emu Ground Raw,Meats,134,4.03,69,56,0,0,0,22.77,NULL,7,4.02,320,1 patty,117
Emu Ground Cooked Pan-Broiled,Meats,163,4.65,87,65,0,0,0,28.43,NULL,8,5.01,375,1 patty (yield from 135.8 g raw meat),109
Emu Full Rump Cooked Broiled,Meats,168,2.68,129,110,0,0,0,33.67,NULL,7,6.89,324,1 serving ( 3 oz ),85
Emu Inside Drum Raw,Meats,108,1.49,67,102,0,0,0,22.22,NULL,4,5.23,318,3 oz,85
Emu Inside Drums Cooked Broiled,Meats,156,2.01,91,118,0,0,0,32.38,NULL,6,7.27,312,1 serving ( 3 oz ),85
Emu Outside Drum Raw,Meats,103,0.48,78,100,0,0,0,23.08,NULL,3,4.5,320,3 oz,85
Emu Oyster Raw,Meats,141,4.86,81,150,0,0,0,22.81,NULL,4,5.5,250,3 oz,85
Ostrich Inside Leg Raw,Meats,111,1.72,66,72,0,0,0,22.39,NULL,5,2.3,320,1 serving ( cooked from 4 oz raw ),85
Ostrich Inside Leg Cooked,Meats,141,1.94,73,83,0,0,0,29.01,NULL,6,3.12,352,1 serving ( 3 oz ),85
Ostrich Inside Strip Raw,Meats,127,2.87,73,76,0,0,0,23.69,NULL,5,4.2,330,1 serving (cooked from 4 oz raw),85
Ostrich Steak,Meats,164,4.26,97,73,0,0,0,29.37,NULL,5,4.8,366,1 serving ( 3 oz ),85
Ostrich Oyster Cooked,Meats,159,3.97,90,81,0,0,0,28.81,NULL,6,4.9,409,1 serving ( 3 oz ),85
Ostrich Round Raw,Meats,116,2.4,71,72,0,0,0,21.99,NULL,5,3.54,315,1 serving (cooked from 4 oz raw),85
Ostrich Tenderloin Raw,Meats,123,3.19,80,86,0,0,0,22.07,NULL,6,4.88,320,1 serving (cooked from 4 oz raw),85
Ostrich Tip Trimmed Raw,Meats,114,2.3,72,67,0,0,0,21.85,NULL,5,2.86,310,1 serving ( cooked from 4 oz raw),85
Raw Fatfree Ground Turkey,Meats,112,1.95,55,51,0,0,0,23.57,0.4,3,0.77,295,1 patty (cooked from 4 oz raw),85
Fat Free Ground Turkey,Meats,151,2.71,71,61,0,0,0,31.69,0.2,6,1.02,357,3 oz,85
Fat Free Broiled Turkey Patties,Meats,138,2.48,65,59,0,0,0,28.99,0.2,6,0.78,339,1 patty,85
Ground Turkey 93% Lean 7% Fat Raw,Meats,150,8.34,74,69,0,0,0,18.73,0.4,21,1.17,213,1 oz,28.4
Ground Turkey 93% Lean 7% Fat Pan-Broiled Crumbles,Meats,213,11.6,104,90,0,0,0,27.1,0.2,31,1.56,304,3 oz,85
Chicken Broilers Or Fryers Dark Meat Drumstick Meat Only Cooked Braised,Meats,149,5.95,132,117,0,0,0,23.93,0.1,12,0.94,239,1 drumstick without skin,95
Chicken Broilers Or Fryers Dark Meat Thigh Meat Only Cooked Braised,Meats,176,8.63,141,77,0,0,0,24.55,0.3,12,1.27,266,1 thigh without skin,111
Chicken Skin (Drumsticks And Thighs) Cooked Braised,Meats,443,42.76,130,75,0,0,0,14.61,0.1,9,1,161,1 oz,28.4
Chicken Skin (Drumsticks And Thighs) Raw,Meats,440,44.23,105,51,0.79,0,0,9.58,0.2,6,0.37,119,1 oz,28.4
Chicken Dark Meat Drumstick Meat Only With Added Solution Cooked Roasted,Meats,146,5,124,190,0,0,0,25.34,0.1,12,1.1,250,1 drumstick without skin,91
Chicken Dark Meat Drumstick Meat Only With Added Solution Cooked Braised,Meats,149,6.33,135,169,0,0,0,22.99,0.1,14,0.78,229,1 drumstick without skin,95
Chicken Dark Meat Thigh Meat Only With Added Solution Cooked Braised,Meats,164,7.96,126,197,0,0,0,23,0.3,12,1.07,290,3 oz,85
Chicken Dark Meat Thigh Meat Only With Added Solution Raw,Meats,110,3.69,87,156,0,0,0,19.11,0.1,8,0.6,234,3 oz,85
Chicken Dark Meat Drumstick Meat And Skin With Added Solution Raw,Meats,146,8.24,95,150,0,0,0,18.03,0.2,8,0.69,179,1 drumstick with skin,143
Chicken Dark Meat Drumstick Meat And Skin With Added Solution Cooked Roasted,Meats,180,9,128,186,0.05,0,0,24.72,0.2,13,1.11,244,1 drumstick with skin,129
Chicken Dark Meat Thigh Meat And Skin With Added Solution Cooked Braised,Meats,215,14.62,125,185,0.21,0,0,20.7,0.3,12,0.98,259,3 oz,85
Chicken Dark Meat Thigh Meat And Skin With Added Solution Raw,Meats,197,14.58,95,151,0,0,0,16.56,0.2,8,0.57,191,3 oz,85
Turkey From Whole Light Meat Meat Only With Added Solution Raw,Meats,101,1.66,54,206,0,0,0.05,21.54,0.1,14,0.54,242,4 oz,114
Turkey From Whole Light Meat Meat Only With Added Solution Cooked Roasted,Meats,127,2.08,69,238,0,0,0,26.97,0.3,13,0.55,249,3 oz,85
Turkey Skin From Whole (Light And Dark) With Added Solution Raw,Meats,381,36.8,94,138,0.21,0,0.1,12.29,1.1,13,0.57,107,1 oz,28.4
Turkey Skin From Whole (Light And Dark) With Added Solution Roasted,Meats,451,40.31,144,234,0,0,0,22.15,1.4,25,1.08,263,1 oz,28.4
Turkey Whole Meat Only With Added Solution Raw,Meats,106,2.39,61,194,0.14,0,0.06,20.87,0.2,14,0.64,237,3 oz,85
Turkey Whole Meat Only With Added Solution Roasted,Meats,140,3.7,84,223,0,0,0,26.61,0.3,14,0.77,239,3 oz,28
Turkey Whole Meat And Skin With Added Solution Raw,Meats,159,9.1,70,180,0.15,0,0.08,19.03,0.4,14,0.67,211,3 oz,85
Turkey Whole Meat And Skin With Added Solution Roasted,Meats,176,8.01,91,224,0,0,0,26.09,0.4,15,0.81,242,3 oz,85
Turkey Retail Parts Wing Meat Only Cooked Roasted,Meats,170,5.51,97,103,0,0,0,30.17,0.7,12,0.82,207,3 oz,85
Turkey Skin From Retail Parts From Dark Meat Raw,Meats,380,35.83,111,78,0,0,0,14.35,0.7,4,0.76,93,1 oz,28.4
Turkey Skin From Retail Parts From Dark Meat Cooked Roasted,Meats,414,35.03,139,106,0,0,0,24.58,0.8,6,1.65,225,1 oz,28.4
Turkey Retail Parts Drumstick Meat Only Raw,Meats,118,3.97,79,87,0,0,0,20.52,0.4,10,1.18,220,3 oz,85
Turkey Breast From Whole Bird Meat Only With Added Solution Raw,Meats,102,1.66,54,206,0.14,0,0.05,21.54,0.1,14,0.54,242,4 oz,114
Turkey Retail Parts Thigh Meat Only Cooked Roasted,Meats,159,6.25,116,104,0.46,0,0,25.14,0.3,4,1.59,296,3 oz,85
Turkey Retail Parts Drumstick Meat Only Cooked Roasted,Meats,173,6.52,118,112,0,0,0,28.61,0.3,17,1.57,257,3 oz,28
Sauce Plum Ready-To-Serve,Soups and Sauces,184,1.04,0,538,42.81,0.7,NULL,0.89,NULL,12,1.43,259,1 tbsp,19
Canned Pizza Sauce,Soups and Sauces,54,1.15,0,348,8.66,2,3.78,2.18,NULL,54,0.9,354,1/4 cup,63
Soup Tomato Bisque Canned Condensed,Soups and Sauces,96,1.95,4,698,18.47,0.8,NULL,1.76,NULL,31,0.64,325,1/2 cup (4 fl oz),129
Soup Tomato Canned Condensed,Soups and Sauces,66,0.44,0,377,15.22,1.1,8.23,1.46,0,13,0.59,562,1 cup,148
Beef Stock,Soups and Sauces,13,0.09,0,198,1.2,0,0.54,1.97,0,8,0.27,185,1 cup,240
Chicken Stock,Soups and Sauces,36,1.2,3,143,3.53,0,1.58,2.52,0,3,0.21,105,1 cup,240
Fish Stock,Soups and Sauces,16,0.81,1,156,0,0,0,2.26,0,3,0.01,144,1 cup,233
Hoisin Sauce,Soups and Sauces,220,3.39,3,1615,44.08,2.8,27.26,3.31,0,32,1.01,119,1 tbsp,16
Soup Cream Of Mushroom Canned Condensed Reduced Sodium,Soups and Sauces,52,1.69,3,383,8.1,0.6,2.13,1.21,0,13,0.48,374,1 cup,251
Soup Chicken Broth Less/reduced Sodium Ready To Serve,Soups and Sauces,7,0,0,231,0.38,0,0.22,1.36,0,8,0.26,85,1 cup,240
Soup Beef Broth Less/reduced Sodium Ready To Serve,Soups and Sauces,6,0.07,0,225,0.2,0,0.2,1.14,0,3,0.04,20,1 cup,219
Teriyaki Sauce,Soups and Sauces,89,0.02,0,1778,15.58,0.1,14.1,5.93,0,25,1.7,225,2 tbsp,36
Soup Cream Of Asparagus Canned Prepared With Equal Volume Milk,Soups and Sauces,65,3.3,9,420,6.61,0.3,NULL,2.55,NULL,70,0.35,145,1 cup (8 fl oz),248
Soup Chicken Vegetable With Potato And Cheese Chunky Ready-To-Serve,Soups and Sauces,65,4.46,7,416,5.2,0.3,0.64,1.16,0,15,0.16,73,1 cup,245
Soup Cream Of Celery Canned Prepared With Equal Volume Milk,Soups and Sauces,66,3.91,13,272,5.86,0.3,NULL,2.29,NULL,75,0.28,125,1 cup (8 fl oz),248
Soup Cheese Canned Prepared With Equal Volume Milk,Soups and Sauces,92,5.8,19,406,6.47,0.4,NULL,3.77,NULL,115,0.32,136,1 cup,251
Soup Oyster Stew Canned Prepared With Equal Volume Milk,Soups and Sauces,55,3.24,13,425,3.99,0,NULL,2.51,NULL,68,0.43,96,1 cup (8 fl oz),245
Soup Pea Green Canned Prepared With Equal Volume Milk,Soups and Sauces,94,2.77,7,352,12.69,1.1,NULL,4.97,NULL,68,0.79,148,1 cup (8 fl oz),254
Soup Cream Of Potato Canned Prepared With Equal Volume Milk,Soups and Sauces,60,2.6,9,230,6.92,0.2,NULL,2.33,NULL,67,0.22,130,1 cup (8 fl oz),248
Soup Cream Of Shrimp Canned Prepared With Equal Volume Low Fat (2%) Milk,Soups and Sauces,61,3.23,10,354,5.64,0.1,2.62,2.78,0.6,69,0.22,95,1 cup (8 fl oz),253
Soup Healthy Choice Chicken And Rice Soup Canned,Soups and Sauces,37,0.55,7,181,5.71,0.8,0.37,2.53,NULL,15,0.09,NULL,1 serving 1 cup,240
Soup Healthy Choice Garden Vegetable Soup Canned,Soups and Sauces,51,0.21,1,195,10.04,1.9,2.13,2.13,NULL,16,0,NULL,1 serving 1 cup,246
Campbells Cream Of Mushroom Soup Condensed,Soups and Sauces,81,5.5,0,697,6.59,0.6,0.4,1.29,0.2,8,0.16,67,1/2 cup condensed,129
Soup Tomato Bisque Canned Prepared With Equal Volume Milk,Soups and Sauces,79,2.63,9,442,11.73,0.2,NULL,2.51,NULL,74,0.35,241,1 cup (8 fl oz),251
Black Bean Soup,Soups and Sauces,46,0.66,0,487,7.71,3.4,1.24,2.42,0,19,0.75,125,1 cup,247
Soup Bean With Pork Canned Prepared With Equal Volume Water,Soups and Sauces,63,2.16,1,349,8.31,2.9,1.47,2.88,0,31,0.75,147,1 serving 1 cup,266
Soup Bean With Frankfurters Canned Prepared With Equal Volume Water,Soups and Sauces,75,2.79,5,437,8.8,NULL,NULL,3.99,NULL,35,0.94,191,1 cup (8 fl oz),250
Soup Beef Noodle Canned Prepared With Equal Volume Water,Soups and Sauces,34,1.23,2,325,3.58,0.3,1.03,1.93,0,8,0.44,40,1 cup (8 fl oz),244
Soup Cream Of Celery Canned Prepared With Equal Volume Water,Soups and Sauces,37,2.29,6,254,3.62,0.3,NULL,0.68,NULL,16,0.26,50,1 cup,248
Soup Chicken Gumbo Canned Prepared With Equal Volume Water,Soups and Sauces,23,0.59,2,391,3.43,0.8,1.02,1.08,0,10,0.37,31,1 cup,244
Soup Chicken Noodle Canned Prepared With Equal Volume Water,Soups and Sauces,24,0.76,4,335,2.97,0.5,0,1.16,0,5,0.33,24,1 serving 1 cup,248
Soup Chicken With Rice Canned Prepared With Equal Volume Water,Soups and Sauces,24,0.78,3,238,2.92,0.3,0.08,1.45,0,9,0.31,41,1 serving 1 cup,243
Soup Chili Beef Canned Prepared With Equal Volume Water,Soups and Sauces,57,1.24,5,388,9.23,1.2,2.49,2.49,0,18,0.79,196,1 cup,261
Campbells Chunky Soups Old Fashioned Vegetable Beef Soup,Soups and Sauces,49,1.23,6,346,6.24,1.3,1.15,3.16,NULL,17,0.54,163,1 cup,247
Minestrone,Soups and Sauces,34,1.04,1,254,4.66,0.4,NULL,1.77,NULL,14,0.38,130,1 cup (8 fl oz),241
Mushroom Barley Soup,Soups and Sauces,30,0.93,0,365,4.8,0.3,NULL,0.77,NULL,5,0.21,38,1 cup (8 fl oz),244
Cream Of Mushroom Soup,Soups and Sauces,39,2.59,0,340,3.33,0.3,0.2,0.66,0.1,7,0.09,31,1 serving 1 cup,248
Soup Pea Split With Ham Canned Prepared With Equal Volume Water,Soups and Sauces,75,1.74,3,398,11.05,0.9,NULL,4.08,NULL,9,0.9,158,1 cup (8 fl oz),253
Soup Cream Of Potato Canned Prepared With Equal Volume Water,Soups and Sauces,30,0.97,2,238,4.7,0.2,NULL,0.72,NULL,8,0.2,56,1 cup (8 fl oz),244
Soup Cream Of Shrimp Canned Prepared With Equal Volume Water,Soups and Sauces,36,2.07,7,391,3.27,0.1,0.24,1.11,0,9,0.21,24,1 cup,244
Soup Tomato Beef With Noodle Canned Prepared With Equal Volume Water,Soups and Sauces,56,1.71,2,367,8.44,0.6,0.73,1.78,0,9,0.45,88,1 cup,244
Soup Tomato Rice Canned Prepared With Equal Volume Water,Soups and Sauces,47,1.06,1,319,8.54,0.7,2.95,0.82,0,11,0.31,129,1 cup,247
Soup Vegetable With Beef Broth Canned Prepared With Equal Volume Water,Soups and Sauces,33,0.78,1,253,5.35,0.7,0.82,1.21,0,9,0.4,79,1 cup (8 fl oz),241
Soup Beef Broth Or Bouillon Powder Prepared With Water,Soups and Sauces,3,0.08,0,382,0.25,0,0.2,0.21,0,4,0.02,6,1 serving 1 cup,240
Soup Beef Broth Cubed Prepared With Water,Soups and Sauces,3,0.08,0,260,0.25,0,0.2,0.21,0,4,0.02,6,1 serving 1 cup,240
Soup Chicken Broth Or Bouillon Dry Prepared With Water,Soups and Sauces,4,0.23,0,401,0.3,0,0.29,0.28,0,6,0.02,6,1 cup 8 fl oz,241
Soup Chicken Noodle Dry Mix Prepared With Water,Soups and Sauces,23,0.55,4,229,3.67,0.1,0.31,0.84,0,2,0.2,13,1 cup,245
Olive Loaf Pork,Meats,235,16.5,38,964,9.2,0,0,11.8,1.1,109,0.54,297,1 slice (1 oz) (4 inch x 4 inch x 3/32 inch thick),28
Pastrami Turkey,Meats,139,6.21,68,1123,3.34,0.1,3.34,16.3,0.2,11,4.2,345,2 slices,57
Pate Chicken Liver Canned,Meats,201,13.1,391,386,6.55,0,0,13.45,0,10,9.19,95,1 tbsp,13
Pate Goose Liver Smoked Canned,Meats,462,43.84,150,697,4.67,0,NULL,11.4,NULL,70,5.5,138,1 tbsp,13
Pate Liver Not Specified Canned,Meats,319,28,255,697,1.5,0,NULL,14.2,NULL,70,5.5,138,1 tbsp,13
Luxury Loaf Pork,Meats,141,4.8,36,1225,4.9,0,NULL,18.4,0.7,36,1.05,377,1 slice (1 oz) (4 inch x 4 inch x 3/32 inch thick),28
Mothers Loaf Pork,Meats,282,22.3,45,1127,7.53,0,NULL,12.07,1,43,1.32,225,1 oz,28.4
Picnic Loaf Pork Beef,Meats,232,16.64,38,1164,4.76,0,NULL,14.92,1.2,47,1.02,267,1 slice (1 oz) (4 inch x 4 inch x 3/32 inch thick),28
Pork Sausage Link/patty Unprepared,Meats,288,24.8,70,739,0.93,0,0.93,15.39,1.4,8,1.02,307,1 link,25
Salami Cooked Beef,Meats,261,22.2,71,1140,1.9,0,1.5,12.6,1.2,6,2.2,188,1 slice,26
Salami Cooked Beef And Pork,Meats,336,25.9,89,1740,2.4,0,0.96,21.85,1,15,1.56,316,1 slice round,12.3
Turkey Salami,Meats,172,9.21,76,1107,1.55,0.1,1.12,19.2,0.6,40,1.25,216,1 serving,28
Dry Pork Salami,Meats,407,33.72,79,2260,1.6,0,NULL,22.58,NULL,13,1.3,378,1 package (4 oz),113
Smoked Link Sausage Pork And Beef Nonfat Dry Milk Added,Meats,313,27.61,65,1173,1.92,0,NULL,13.28,NULL,41,1.47,286,1 link (4 inch long x 1-1/8 inch dia),68
Thuringer Cervelat Summer Sausage Beef Pork,Meats,362,30.43,74,1300,3.33,0,0.85,17.45,1.1,9,2.04,260,2 oz 1 serving,56
Turkey Breast Sliced Prepackaged,Meats,106,3.77,49,898,2.2,0,0.91,14.81,0.2,14,0.42,371,1 slice,15
Sausage Vienna Canned Chicken Beef Pork,Meats,230,19.4,87,879,2.6,0,0,10.5,0.6,10,0.88,101,1 sausage (7/8 inch dia x 2 inch long),16
Honey Roll Sausage Beef,Meats,182,10.5,50,1322,2.18,0,NULL,18.58,1,9,2.2,291,1 slice (4 inch dia x 1/8 inch thick),23
Oscar Mayer Braunschweiger Liver Sausage (Sliced),Meats,331,29.35,178,1159,2.6,0.2,1.2,14.25,1.1,9,10.51,202,3 oz,85
Oscar Mayer Chicken Breast (Honey Glazed),Meats,109,1.5,53,1438,4.3,0,4.3,19.85,NULL,10,1.13,329,1 serving (4 slices),52
Oscar Mayer Ham (Chopped With Natural Juice),Meats,180,11.15,59,1249,3.65,0,2.2,16.3,NULL,9,1.3,260,1 serving (1 slice),28
Oscar Mayer Salami (Hard),Meats,368,28.7,97,1976,1.6,0,0.2,25.9,1.6,12,1.83,356,1 serving 3 slices,27
Turkey Pork And Beef Sausage Low Fat Smoked,Meats,101,2.5,21,796,11.54,0.6,0,8,0.1,10,2.2,243,3 oz,85
Frankfurter Beef Pork And Turkey Fat Free,Meats,109,1.59,41,880,11.21,0,0,12.5,0.1,54,1.78,220,1 frank 1 nlea serving,57
Luncheon Meat Pork Ham And Chicken Minced Canned Reduced Sodium Added Ascorbic Acid Includes Spam 25% Less Sodium,Meats,293,25.1,76,1036,3.4,0,0,12.5,0.6,0,0.64,564,2 oz 1 nlea serving,56
Luncheon Meat Pork With Ham Minced Canned Includes Spam (Hormel),Meats,315,26.6,71,1411,4.6,0,0,13.4,0.6,0,0.64,409,2 oz 1 nlea serving,56
Sweet Italian Sausage,Meats,149,8.42,30,570,2.1,0,0,16.13,NULL,25,1.19,194,1 link 3 oz,84
Beef And Chicken Polish Sausage,Meats,259,19.4,66,1540,3.6,0,0,17.6,NULL,12,0.88,237,1 serving 5 pieces,55
Sausage Polish Pork And Beef Smoked,Meats,301,26.56,71,848,1.98,0,0,12.07,1.1,7,1,189,1 serving 2.67 oz,76
Sausage Pork And Beef With Cheddar Cheese Smoked,Meats,296,25.84,63,848,2.13,0,0.11,12.89,0.3,57,0.73,206,12 oz serving 2.7 oz,77
Bratwurst Beef And Pork Smoked,Meats,297,26.34,78,848,2,0,0,12.2,NULL,7,1,283,1 serving 2.33 oz,66
Bratwurst Chicken Cooked,Meats,176,10.35,71,72,0,0,0,19.44,NULL,11,0.87,211,1 serving 2.96 oz,84
Bratwurst Pork Beef And Turkey Lite Smoked,Meats,186,13.53,56,982,1.62,0,1.57,14.45,NULL,14,0.94,246,1 serving 2.33 oz,66
Lowfat Pastrami,Meats,95,1.16,47,1010,1.54,0,0,19.6,NULL,9,2.78,228,1 serving 6 slices,57
Yachtwurst With Pistachio Nuts Cooked,Meats,268,22.6,64,936,1.4,0,0,14.8,NULL,19,1,NULL,1 serving 2 oz,56
Beerwurst Pork And Beef,Meats,276,22.53,62,732,4.27,0.9,0,14,NULL,27,1.73,244,1 serving 2 oz,56
Chicken Breast Fat-Free Mesquite Flavor Sliced,Meats,80,0.39,36,1040,2.25,0,0.2,16.8,NULL,4,0.3,316,1 serving 2 slices,42
Chicken Breast Oven-Roasted Fat-Free Sliced,Meats,79,0.39,36,1087,2.17,0,0.1,16.79,NULL,6,0.32,67,1 serving 2 slices,42
Frankfurter Pork,Meats,269,23.68,66,816,0.28,0.1,0,12.81,NULL,267,3.7,264,1 link,76
Macaroni And Cheese Loaf Chicken Pork And Beef,Meats,228,14.96,44,3,11.63,0,0,11.76,NULL,122,1.2,313,1 slice,38
Salami Italian Pork And Beef Dry Sliced 50% Less Sodium,Meats,350,26.4,89,936,6.4,0,0,21.8,NULL,8,1.51,378,1 serving 5 slices,28
Pate Truffle Flavor,Meats,327,28.5,105,807,6.3,NULL,NULL,11.2,NULL,70,3.94,138,1 serving 2 oz,56
Frankfurter Meat,Meats,290,25.76,77,1090,4.17,0,NULL,10.26,NULL,99,1.09,152,1 serving (1 hot dog),52
Scrapple Pork,Meats,213,13.87,49,482,14.06,0.3,0.2,8.06,0.3,7,1.89,158,1 cubic inch,17
Bologna Chicken Turkey Pork,Meats,298,26.18,80,922,5.65,0,0,9.88,NULL,82,1.16,152,1 serving,28
Pork Sausage Link/patty Fully Cooked Microwaved,Meats,438,41.66,79,990,0.62,0,0.62,15.12,1,17,0.95,225,1 patty,30
Quaker Quaker Multigrain Oatmeal Dry,Breakfast Cereals,334,2.73,0,7,72.62,11.9,2.46,12.64,0,36,2.88,322,1/2 cup (1 nlea serving),40
Chocolate-Flavored Frosted Puffed Corn,Breakfast Cereals,405,3.5,0,534,87.2,3.8,43.7,3.34,0,70,15.87,176,1 cup,30
Quaker Toasted Multigrain Crisps,Breakfast Cereals,372,5.11,0,365,74.9,10.2,16.34,12.38,0,242,29.9,438,1 (1/4) cup (1 nlea serving),57
Quaker Quaker 100% Natural Granola With Oats Wheat Honey And Raisins,Breakfast Cereals,412,10.38,2,54,74.67,9.4,24.63,9.66,0,101,2.69,501,1/2 cup (1 nlea serving),51
Quaker Low Fat 100% Natural Granola With Raisins,Breakfast Cereals,388,5.52,1,234,80.57,9.6,25.65,8.42,0,65,2.58,431,2/3 cup (1 nlea serving),55
Quaker Instant Grits Butter Flavor Dry,Breakfast Cereals,369,5.64,0,1197,74.83,4.7,0.88,8.12,NULL,413,30,121,1 packet (1 nlea serving),28
Oat Bran Quaker Quaker/mothers Oat Bran Prepared With Water Salt,Breakfast Cereals,43,0.95,0,46,7.49,1.7,NULL,2.03,NULL,11,0.97,69,,NULL
Quaker Quaker Multigrain Oatmeal Prepared With Water No Salt,Breakfast Cereals,61,0.47,0,3,13.49,2.2,NULL,2.08,NULL,8,0.56,75,,NULL
Quaker Quaker Multigrain Oatmeal Prepared With Water Salt,Breakfast Cereals,61,0.47,0,70,13.47,2.2,NULL,2.07,NULL,8,0.56,75,,NULL
Health Valley Fiber 7 Flakes,Breakfast Cereals,353,1.41,0,200,78.15,14.1,20,14.44,0,71,2.54,480,3/4 cup (1 nlea serving),31
Malt-O-Meal Berry Colossal Crunch,Breakfast Cereals,396,4.17,0,633,86.55,1.8,41.66,4.19,3.3,33,30,109,3/4 cup (1 nlea serving),30
Malt-O-Meal Crispy Rice,Breakfast Cereals,346,1.12,0,924,86.4,0.4,7.82,6.07,3,7,27.27,114,1 (1/4) cup (1 nlea serving),33
Malt-O-Meal Tootie Fruities,Breakfast Cereals,391,3.2,0,453,85.94,2.2,45.31,4.69,3.1,313,28.12,104,1 cup (1 nlea serving),32
Quaker Mothers Peanut Butter Bumpers Cereal,Breakfast Cereals,407,7.33,0,774,79.68,2.5,29.29,7.62,0,23,1.97,296,1 cup (1 nlea serving),33
Quaker Mothers Toasted Oat Bran Cereal,Breakfast Cereals,372,5.04,0,653,75.41,8.6,15.57,11.45,0,58,4.07,489,3/4 cup (1 nlea serving),32
Quaker Shredded Wheat Bagged Cereal,Breakfast Cereals,348,2.01,0,4,81.01,11.8,0.81,11.24,0,45,3.33,358,3 biscuits (1 nlea serving),63
Sun Country Kretschmer Wheat Germ Regular,Breakfast Cereals,366,9.56,0,6,49.38,11.9,7.14,31.43,0,50,8.34,1097,2 tbsp (1 nlea serving),14
Quaker Quick Oats Dry,Breakfast Cereals,371,6.87,0,3,68.18,9.4,1.42,13.7,0,47,4.64,358,1/2 cup,40
Malt-O-Meal Frosted Flakes,Breakfast Cereals,389,0.87,0,451,90.2,1.2,39.27,4.25,3.2,3,11.6,82,3/4 cup (1 nlea serving),31
Quaker Instant Oatmeal Raisin And Spice Dry,Breakfast Cereals,360,4,0,440,75.68,5.8,35.65,9.11,0,235,9.1,360,1 packet (1 nlea serving),43
Quaker Instant Grits Redeye Gravy & Country Ham Flavor Dry,Breakfast Cereals,342,1.58,0,1805,75.86,4.6,0.71,9.83,NULL,441,42.03,172,1 packet (1 nlea serving),28
Quaker Instant Grits Product With American Cheese Flavor Dry,Breakfast Cereals,360,4.67,1,1518,74.18,4.3,2.02,8.8,NULL,418,30.38,134,1 packet (1 nlea serving),28
Quaker Instant Grits Ham N Cheese Flavor Dry,Breakfast Cereals,355,4.68,1,1930,71.08,4.2,2.69,10.73,NULL,409,38.2,210,1 packet (1 nlea serving),28
Malt-O-Meal Honey Graham Squares,Breakfast Cereals,398,9.97,0,838,74.68,4.4,32.7,4.46,3.8,367,33.81,226,3/4 cup (1 nlea serving),30
Malt-O-Meal Raisin Bran Cereal,Breakfast Cereals,342,1.87,0,466,80.37,10.2,33.04,7.63,2.5,33,15.25,546,1 cup (1 nlea serving),59
Malt-O-Meal Blueberry Muffin Tops Cereal,Breakfast Cereals,443,11.48,0,462,79.91,4.7,35.36,4.9,3.2,338,34.29,179,3/4 cup (1 nlea serving),30
Malt-O-Meal Farina Hot Wheat Cereal Dry,Breakfast Cereals,365,0.49,0,3,77.2,2.9,0.7,10.48,0,377,40.93,93,3 tbsp (1 nlea serving),35
Malt-O-Meal Maple & Brown Sugar Hot Wheat Cereal Dry,Breakfast Cereals,368,0.47,0,5,80.52,1.8,28,8.82,0,318,31.29,130,1/4 cup (1 nlea serving),45
Malt-O-Meal Frosted Mini Spooners,Breakfast Cereals,354,1.94,0,18,81.81,10.9,20,9.09,0,29,29.45,327,1 cup (1 nlea serving),55
Malt-O-Meal Fruity Dyno-Bites,Breakfast Cereals,404,3.15,1,630,90.1,1,42.6,3.9,4.9,3,7.62,76,3/4 cup,27
Ralston Enriched Bran Flakes,Breakfast Cereals,390,3.36,0,586,79.77,16.9,17.17,10.21,8.6,45,67.67,630,1 serving (nlea serving size = 0.75 cup),29
Ralston Corn Biscuits,Breakfast Cereals,376,1.05,0,767,85.79,2.6,9.51,5.83,8.3,378,38.37,200,1 cup (nlea serving),30
Malt-O-Meal Chocolate Prepared With Water Without Salt,Breakfast Cereals,47,0.1,0,1,9.22,0.4,2.17,1.37,0,49,5.59,32,1 serving (3 t dry cereal plus 1 cup water),268
Post Great Grains Cranberry Almond Crunch,Breakfast Cereals,384,5.9,0,214,76.6,11.1,25.5,8.9,2.1,40,3.8,308,3/4 cup (1 nlea serving),48
Rice And Wheat Cereal Bar,Snacks,409,9.09,0,428,72.73,1.8,31.8,9.09,0,31,2.56,143,1 bar,22
Quaker Quaker Honey Graham Life Cereal,Breakfast Cereals,373,4.14,0,488,78.56,6.3,23.12,9.33,NULL,366,29.73,269,3/4 cup (1 nlea serving),32
Cream Of Wheat 2 1/2 Minute Cook Time Cooked With Water Stove-Top Without Salt,Breakfast Cereals,56,0.2,NULL,34,11.74,0.7,0.07,1.44,NULL,104,4.09,23,1 cup,244
Cream Of Wheat 2 1/2 Minute Cook Time Cooked With Water Microwaved Without Salt,Breakfast Cereals,52,0.37,NULL,45,10.1,0.7,0.34,1.88,NULL,131,4.98,26,1 cup,231
Cream Of Wheat 1 Minute Cook Time Dry,Breakfast Cereals,359,1.47,NULL,7,72.63,4.4,0.51,11.77,NULL,801,29.75,151,3 tablespoon (1 serving),33
Cream Of Wheat 1 Minute Cook Time Cooked With Water Stove-Top Without Salt,Breakfast Cereals,56,0.42,NULL,4,11.16,0.4,0.07,1.65,NULL,125,4.7,23,1 cup,245
Cream Of Wheat 1 Minute Cook Time Cooked With Water Microwaved Without Salt,Breakfast Cereals,55,0.37,NULL,4,10.67,1.5,2.98,1.95,NULL,126,4.88,23,1 cup,237
Quaker Capn Crunchs Oops! All Berries Cereal,Breakfast Cereals,395,3.99,0,637,87.1,2.6,44.18,4.6,NULL,11,21.57,189,1 cup (1 nlea serving),32
Quaker Oatmeal Squares Golden Maple,Breakfast Cereals,380,4.83,0,347,78.04,8.3,16.82,11.3,NULL,201,29,358,1 cup (1 nlea serving),56
Post Honey Bunches Of Oats With Vanilla Bunches,Breakfast Cereals,394,5.1,0,267,81.8,7.8,20.7,7.9,2.7,33,28.9,262,1 cup (1 nlea serving),56
Quaker Instant Oatmeal Cinnamon Spice Reduced Sugar,Breakfast Cereals,358,6.11,0,760,69.45,8.8,11.91,11.26,NULL,313,12,329,1 packet (1 nlea serving),34
Natures Path Organic Flax Plus Flakes,Breakfast Cereals,350,5.46,0,458,75.27,16.6,12.25,11.91,0,55,5.89,501,3/4 cup (1 nlea serving),30
Barbaras Puffins Original,Breakfast Cereals,333,3.7,0,704,84,18.5,18.52,7.41,0,70,1.33,315,3/4 cup (1 nlea serving),27
Post Honey Bunches Of Oats With Real Strawberries,Breakfast Cereals,399,4.9,0,410,83.3,5.4,24,6.7,3.2,26,26.1,219,3/4 cup (1 nlea serving),31
Post Honey Bunches Of Oats With Cinnamon Bunches,Breakfast Cereals,400,5,0,464,82.8,5.8,20.4,7.1,3.3,36,28,184,3/4 cup (1 nlea serving),30
Figs,Fruits,74,0.3,0,1,19.18,2.9,16.26,0.75,0,35,0.37,232,1 large (2-1/2 inch dia),64
Figs Canned Water Pack Solids And Liquids,Fruits,53,0.1,0,1,13.99,2.2,11.79,0.4,0,28,0.29,103,1 cup,248
Figs Canned Light Syrup Pack Solids And Liquids,Fruits,69,0.1,0,1,17.95,1.8,16.15,0.39,0,27,0.29,102,1 cup,252
Figs Canned Heavy Syrup Pack Solids And Liquids,Fruits,88,0.1,0,1,22.9,2.2,20.7,0.38,0,27,0.28,99,1 cup,259
Figs Canned Extra Heavy Syrup Pack Solids And Liquids,Fruits,107,0.1,0,1,27.86,NULL,NULL,0.38,0,26,0.28,97,1 cup,261
Fruit Cocktail (Peach And Pineapple And Pear And Grape And Cherry) Canned Extra Light Syrup Solids And Liquids,Fruits,45,0.07,0,4,11.63,1.1,NULL,0.4,0,8,0.3,104,1/2 cup,123
Fruit Cocktail (Peach And Pineapple And Pear And Grape And Cherry) Canned Light Syrup Solids And Liquids,Fruits,57,0.07,0,6,14.93,1,13.93,0.4,0,6,0.29,89,1 cup,242
Fruit Cocktail (Peach And Pineapple And Pear And Grape And Cherry) Canned Heavy Syrup Solids And Liquids,Fruits,73,0.07,0,6,18.91,1,17.91,0.39,0,6,0.29,88,1 cup,248
Fruit Cocktail (Peach And Pineapple And Pear And Grape And Cherry) Canned Extra Heavy Syrup Solids And Liquids,Fruits,88,0.07,0,6,22.89,1.1,NULL,0.39,0,6,0.28,86,1/2 cup,130
Gooseberries,Fruits,44,0.58,0,1,10.18,4.3,NULL,0.88,NULL,25,0.31,198,1 cup,150
Gooseberries Canned Light Syrup Pack Solids And Liquids,Fruits,73,0.2,0,2,18.75,2.4,NULL,0.65,NULL,16,0.33,77,1 cup,252
Goji Berries Dried,Fruits,349,0.39,0,298,77.06,13,45.61,14.26,NULL,190,6.8,NULL,5 tbsp,28
Grapefruit,Fruits,32,0.1,0,0,8.08,1.1,6.98,0.63,0,12,0.09,139,1 cup sections with juice,230
White Florida Grapefruit,Fruits,32,0.1,0,0,8.19,NULL,NULL,0.63,0,15,0.05,150,1 cup sections with juice,230
Grapefruit Sections Canned Water Pack Solids And Liquids,Fruits,36,0.1,0,2,9.15,0.4,8.75,0.58,0,15,0.41,132,1 cup,244
Grapefruit Sections Canned Juice Pack Solids And Liquids,Fruits,37,0.09,0,7,9.21,0.4,8.8,0.7,0,15,0.21,169,1 cup,249
Grapefruit Sections Canned Light Syrup Pack Solids And Liquids,Fruits,60,0.1,0,2,15.44,0.4,15.04,0.56,0,14,0.4,129,1 cup,254
Grapefruit Juice,Fruits,39,0.68,0,2,7.74,0.3,7.96,0.51,0,146,0.06,132,8 fl oz,240
White Grapefruit Juice,Fruits,39,0.1,0,1,9.2,0.1,9.1,0.5,0,9,0.2,162,1 cup,247
Muscadine Grapes,Fruits,57,0.47,NULL,1,13.93,3.9,NULL,0.81,NULL,37,0.26,203,1 grape,6
Grape Juice (With Added Vitamin C),Fruits,60,0.13,0,5,14.77,0.2,14.2,0.37,0,11,0.25,104,1 cup,253
Grape Juice,Fruits,60,0.13,0,5,14.77,0.2,14.2,0.37,0,11,0.25,104,1 cup,253
Groundcherries,Fruits,53,0.7,0,NULL,11.2,NULL,NULL,1.9,NULL,9,1,NULL,1 cup,140
Guavas,Fruits,68,0.95,0,2,14.32,5.4,8.92,2.55,0,18,0.26,417,1 cup,165
Strawberry Guavas,Fruits,69,0.6,0,37,17.36,5.4,NULL,0.58,NULL,21,0.22,292,1 cup,244
Beef Top Loin Petite Roast Boneless Separable Lean Only Trimmed To 1/8 Inch Fat All Grades Cooked Roasted,Meats,195,8.76,81,62,0.82,0,0,28.33,0.1,17,2.02,371,3 oz,85
Beef Top Loin Petite Roast Boneless Separable Lean Only Trimmed To 1/8 Inch Fat Choice Cooked Roasted,Meats,206,9.97,79,62,0.88,0,0,28.24,0.1,17,2.02,371,3 oz,85
Beef Top Loin Petite Roast Boneless Separable Lean Only Trimmed To 1/8 Inch Fat Select Cooked Roasted,Meats,179,6.95,85,64,0.74,0,0,28.48,0.1,22,1.85,396,3 oz,85
Beef Top Loin Petite Roast/filet Boneless Separable Lean Only Trimmed To 1/8 Inch Fat All Grades Raw,Meats,143,5.84,69,60,0,0,0,22.61,0.1,5,2.17,407,3 oz,85
Beef Loin Top Sirloin Filet Boneless Separable Lean Only Trimmed To 0 Inch Fat Select Cooked Grilled,Meats,165,4.68,74,56,0,0,0,30.78,0.1,6,3.19,390,1 fillet,115
Beef Loin Top Sirloin Petite Roast Boneless Separable Lean Only Trimmed To 0 Inch Fat All Grades Cooked Roasted,Meats,170,5.92,86,57,0,0,0,29.12,0.1,5,2.75,377,3 oz,85
Beef Loin Top Sirloin Petite Roast Boneless Separable Lean Only Trimmed To 0 Inch Fat Select Cooked Roasted,Meats,165,5.25,84,58,0,0,0,29.35,0.1,6,2.75,426,3 oz,85
Beef Loin Top Sirloin Petite Roast/filet Boneless Separable Lean Only Trimmed To 0 Inch Fat All Grades Raw,Meats,128,3.98,69,65,0,0,0,23.04,0.1,5,2.24,395,3 oz,85
Beef Ribeye Cap Steak Boneless Separable Lean Only Trimmed To 0 Inch Fat All Grades Cooked Grilled,Meats,246,15.7,76,86,1.53,0,0,24.66,0.1,7,3.07,351,3 oz,85
Beef Ribeye Cap Steak Boneless Separable Lean Only Trimmed To 0 Inch Fat Choice Cooked Grilled,Meats,259,17.21,78,86,1.81,0,0,24.24,0.1,7,3.06,349,3 oz,85
Beef Ribeye Cap Steak Boneless Separable Lean Only Trimmed To 0 Inch Fat Select Cooked Grilled,Meats,226,13.43,73,79,1.1,0,0,25.28,0.1,6,3.22,346,3 oz,85
Beef Ribeye Cap Steak Boneless Separable Lean Only Trimmed To 0 Inch Fat All Grades Raw,Meats,180,10.6,64,88,1.51,0,0,19.7,0.1,6,2.64,357,3 oz,85
Beef Ribeye Petite Roast Boneless Separable Lean Only Trimmed To 0 Inch Fat All Grades Cooked Roasted,Meats,178,7.31,85,55,0,0,0,28.15,0.1,6,2.68,398,3 oz,85
Beef Ribeye Petite Roast Boneless Separable Lean Only Trimmed To 0 Inch Fat Choice Cooked Roasted,Meats,188,8.42,83,54,0,0,0,28,0.1,5,2.65,363,3 oz,85
Beef Ribeye Petite Roast Boneless Separable Lean Only Trimmed To 0 Inch Fat Select Cooked Roasted,Meats,164,5.65,89,84,0,0,0,28.37,0.1,6,3.46,372,3 oz,85
Beef Loin Top Sirloin Cap Steak Boneless Separable Lean And Fat Trimmed To 1/8 Inch Fat All Grades Cooked Grilled,Meats,242,15,84,89,0.8,0,0,26,0.2,7,3.16,361,3 oz,85
Beef Loin Top Sirloin Cap Steak Boneless Separable Lean And Fat Trimmed To 1/8 Inch Fat Select Raw,Meats,179,10.9,68,78,0,0,0,20.1,0.1,7,2.74,339,3 oz,85
Beef Top Loin Filet Boneless Separable Lean And Fat Trimmed To 1/8 Inch Fat All Grades Cooked Grilled,Meats,239,14.1,86,93,0.6,0,0,27.4,0.2,7,3.3,376,1 fillet,135
Beef Top Loin Filet Boneless Separable Lean And Fat Trimmed To 1/8 Inch Fat Choice Cooked Grilled,Meats,253,15.9,85,91,0.6,0,0,26.8,0.2,7,3.23,368,1 fillet,135
Beef Top Loin Filet Boneless Separable Lean And Fat Trimmed To 1/8 Inch Fat Select Cooked Grilled,Meats,219,11.6,87,86,0.4,0,0,28.3,0.1,6,3.52,378,1 fillet,135
Beef Top Loin Petite Roast/filet Boneless Separable Lean And Fat Trimmed To 1/8 Inch Fat Choice Raw,Meats,199,12.6,65,89,0.6,0,0,20.8,0.1,6,2.66,360,3 oz,85
Beef Top Loin Petite Roast/filet Boneless Separable Lean And Fat Trimmed To 1/8 Inch Fat Select Raw,Meats,170,9.3,76,85,0,0,0,21.6,0.1,7,2.98,369,3 oz,85
Beef Australian Imported Grass-Fed Ground 85% Lean / 15% Fat Raw,Meats,239,18.12,66,62,0,0,0,17.72,NULL,6,1.79,NULL,4 oz (4 oz),114
Beef Loin Top Loin Steak Boneless Lip-On Separable Lean Only Trimmed To 1/8 Inch Fat Choice Cooked Grilled,Meats,208,10.34,80,56,0,0,0,28.66,0.1,13,2.58,293,3 oz,85
Beef Loin Top Loin Steak Boneless Lip-On Separable Lean Only Trimmed To 1/8 Inch Fat Select Cooked Grilled,Meats,184,7.26,80,51,0,0,0,29.67,0.1,13,2.61,315,3 oz,85
Beef Loin Top Loin Steak Boneless Lip-On Separable Lean Only Trimmed To 1/8 Inch Fat All Grades Cooked Grilled,Meats,198,9.11,80,54,0,0,0,29.06,0.1,13,2.59,299,3 oz,85
Beef Loin Top Loin Steak Boneless Lip-On Separable Lean And Fat Trimmed To 1/8 Inch Fat Choice Raw,Meats,205,13.36,61,44,0,0,0,21.13,0.1,16,1.88,253,3 oz,85
Beef New Zealand Imported Brisket Point End Separable Lean Only Cooked Braised,Meats,202,7.05,95,30,0,0,0,34.51,0.2,6,2.78,178,3 oz,85
Beef New Zealand Imported Brisket Point End Separable Lean Only Raw,Meats,125,4.62,54,51,0,0,0,20.92,0.1,4,2.06,321,4 oz,114
Beef New Zealand Imported Chuck Eye Roll Separable Lean Only Raw,Meats,131,5.41,61,56,0,0,0,20.46,0.1,4,2.04,315,,NULL
Beef New Zealand Imported Chuck Eye Roll Separable Lean Only Cooked Braised,Meats,208,8.89,98,38,0,0,0,32.08,0.2,6,2.71,189,1 serving,85
Beef New Zealand Imported Flank Separable Lean Only Cooked Braised,Meats,194,7.92,78,28,0,0,0,30.75,0.3,5,2.41,192,3 oz,85
Beef New Zealand Imported Flank Separable Lean Only Raw,Meats,142,6.67,49,47,0,0,0,20.53,0.1,4,1.57,331,4 oz,113
Beef New Zealand Imported Flat Separable Lean Only Cooked Braised,Meats,226,10.3,94,30,0,0,0,33.22,0,6,3.23,172,3 oz,85
Beef New Zealand Imported Flat Separable Lean Only Raw,Meats,154,7.69,55,50,0,0,0,21.3,0,5,1.9,291,4 oz,113
Beef New Zealand Imported Variety Meats And By-Products Heart Cooked Boiled,Meats,179,6,201,59,0,0,0,31.29,0.2,6,6.81,184,3 oz,85
Beef New Zealand Imported Intermuscular Fat Cooked,Meats,560,57.22,87,25,3.39,0,0,7.9,0.4,16,1.18,125,3 oz,85
Beef New Zealand Imported Intermuscular Fat Raw,Meats,602,63.78,104,32,0.01,0,0,6.97,0.3,11,0.76,143,4 oz,113
Beef New Zealand Imported Variety Meats And By-Products Kidney Cooked Boiled,Meats,157,5.27,1002,123,0,0,0,27.28,0.8,14,5.7,144,3 oz,85
Beef New Zealand Imported Knuckle Cooked Fast Fried,Meats,178,7.58,76,49,0,0,0,27.51,0.1,5,2.25,405,3 oz,85
Beef New Zealand Imported Manufacturing Beef Raw,Meats,119,3.68,49,55,0.23,0,0,21.23,0.1,6,1.95,340,4 oz,113
Beef New Zealand Imported Oyster Blade Separable Lean Only Cooked Braised,Meats,196,8.46,87,25,0,0,0,29.87,0.2,5,2.78,151,3 oz,85
Beef New Zealand Imported Oyster Blade Separable Lean Only Raw,Meats,155,7.56,56,59,0,0,0,21.83,0.2,4,1.95,297,4 oz,113
Beef New Zealand Imported Ribs Prepared Cooked Fast Roasted,Meats,197,9.74,69,58,0.09,0,0,27.23,0.3,18,2.21,363,3 oz,85
Beef New Zealand Imported Subcutaneous Fat Cooked,Meats,731,78.3,63,25,0,0,0,6.5,0.3,17,0.47,129,3 oz,85
Beef New Zealand Imported Subcutaneous Fat Raw,Meats,685,72.38,64,26,0,0,0,8.5,0.3,20,0.38,93,4 oz,113
Beef New Zealand Imported Sweetbread Cooked Boiled,Meats,318,29.79,249,52,0,0,0,12.53,0.6,4,1.12,258,3 oz,85
Beef New Zealand Imported Sweetbread Raw,Meats,303,28.6,217,64,0,0,0,11.51,0.6,4,1.15,318,4 oz,113
Beef New Zealand Imported Tenderloin Separable Lean Only Cooked Fast Fried,Meats,200,9.01,81,45,0.27,0,0,29.37,0.2,4,3.01,427,3 oz,85
Beef New Zealand Imported Variety Meats And By-Products Tripe Cooked Boiled,Meats,103,2.98,199,40,0,0,0,19,0.3,158,3.72,102,3 oz,85
Beef New Zealand Imported Variety Meats And By-Products Tripe Uncooked Raw,Meats,77,1.98,117,81,0,0,0,14.86,0.2,112,4.44,217,4 oz,113
Beef New Zealand Imported Bolar Blade Separable Lean And Fat Cooked Fast Roasted,Meats,228,11.37,92,33,0,0,0,31.3,0.2,6,2.54,177,3 oz,85
Beef New Zealand Imported Bolar Blade Separable Lean And Fat Raw,Meats,159,8.22,57,54,0,0,0,21.29,0.1,4,1.97,313,4 oz,114
Beef New Zealand Imported Chuck Eye Roll Separable Lean And Fat Cooked Braised,Meats,252,14.74,95,37,0,0,0,29.92,0.2,7,2.52,183,3 oz,85
Beef New Zealand Imported Chuck Eye Roll Separable Lean And Fat Raw,Meats,181,11.45,61,53,0,0,0,19.38,0.2,6,1.89,295,4 oz,114
Beef New Zealand Imported Cube Roll Separable Lean And Fat Cooked Fast Roasted,Meats,286,19.45,91,49,0.03,0,0,27.79,0.4,6,2.2,338,3 oz,85
Beef New Zealand Imported Cube Roll Separable Lean And Fat Raw,Meats,225,16.31,60,43,1.26,0,0,18.22,0.2,5,1.91,297,4 oz,114
Beef New Zealand Imported Flat Separable Lean And Fat Raw,Meats,177,10.55,58,49,0,0,0,20.57,0,5,1.84,283,4 oz,113
Beef New Zealand Imported Hind Shin Separable Lean And Fat Cooked Braised,Meats,196,8.5,88,43,0.07,0,0,29.82,0.2,7,2.6,211,3 oz,85
Beef New Zealand Imported Hind Shin Separable Lean And Fat Raw,Meats,147,7.2,57,61,0,0,0,20.61,0,5,1.95,313,4 oz,113
Beef New Zealand Imported Oyster Blade Separable Lean And Fat Cooked Braised,Meats,197,8.68,87,25,0,0,0,29.79,0.2,5,2.77,151,3 oz,85
Beef New Zealand Imported Striploin Separable Lean And Fat Raw,Meats,252,19.53,57,43,0.6,0,0,18.49,0.2,7,1.38,268,4 oz,113
Beef New Zealand Imported Tenderloin Separable Lean And Fat Cooked Fast Fried,Meats,202,9.35,81,45,0.27,0,0,29.26,0.2,4,2.99,425,3 oz,85
Beef New Zealand Imported Tenderloin Separable Lean And Fat Raw,Meats,146,6.88,58,39,0,0,0,21.04,0.1,4,2.18,359,4 oz,113
Beef Ground 93% Lean Meat / 7% Fat Raw,Meats,152,7,63,66,0,0,0,20.85,0.1,10,2.33,336,4 oz,113
Beef Ground 97% Lean Meat / 3% Fat Raw,Meats,121,3,60,66,0,0,0,21.98,0.1,8,2.44,357,4 oz,113
Broiled Ground Beef Patty (97% Lean),Meats,153,4.46,88,64,0,0,0,26.36,0,5,2.88,353,3 oz,85
Pan-Broiled Ground Beef Patty (97% Lean),Meats,144,3.65,84,69,0,0,0,26.03,0,7,2.89,382,3 oz,85
Beef Ground 97% Lean Meat / 3% Fat Loaf Cooked Baked,Meats,154,4.06,88,56,0,0,0,27.58,0,6,3.11,321,3 oz,85
Beef Round Bottom Round Steak Separable Lean Only Trimmed To 1/8 Inch Fat Choice Cooked Braised,Meats,228,9.02,97,45,0,0,0,34.22,0.1,7,3.01,278,1 oz,28.4
Beef Short Loin Top Loin Steak Separable Lean Only Trimmed To 1/8 Inch Fat Choice Raw,Meats,155,6.43,66,58,0,0,0,22.78,NULL,29,1.66,348,3 oz,85
Beef Tenderloin Steak Separable Lean Only Trimmed To 1/8 Inch Fat Choice Cooked Broiled,Meats,206,9.1,85,59,0,0,0,29.01,NULL,16,1.95,358,1 oz,28.4
Beef Top Sirloin Steak Separable Lean Only Trimmed To 1/8 Inch Fat Choice Cooked Broiled,Meats,187,6.72,81,61,0,0,0,29.51,0.1,17,2.01,369,1 oz,28.4
Beef Short Loin Top Loin Steak Separable Lean Only Trimmed To 1/8 Inch Fat Choice Cooked Broiled,Meats,201,8.45,84,60,0,0,0,29.16,NULL,16,1.97,362,1 oz,28.4
Beef Round Eye Of Round Roast Separable Lean Only Trimmed To 1/8 Inch Fat Select Raw,Meats,119,2.62,58,62,0,0,0,22.31,NULL,22,1.92,364,1 oz,28.4
Beef Round Top Round Steak Separable Lean Only Trimmed To 1/8 Inch Fat Select Raw,Meats,129,3.37,61,64,0,0,0,23.13,NULL,22,1.97,373,1 oz,28.4
Beef Round Bottom Round Roast Separable Lean Only Trimmed To 1/8 Inch Fat Select Raw,Meats,128,3.66,59,62,0,0,0,22.18,NULL,21,1.9,361,1 oz,28.4
Beef Rib Small End (Ribs 10-12) Separable Lean Only Trimmed To 1/8 Inch Fat All Grades Cooked Broiled,Meats,195,7.63,87,62,0,0,0,29.58,0.1,19,1.88,378,1 oz,28.4
Beef Bottom Sirloin Tri-Tip Roast Separable Lean Only Trimmed To 0 Inch Fat Select Raw,Meats,129,4.21,59,54,0,0,0,21.34,NULL,22,1.55,344,3 oz,85
Beef Round Tip Round Roast Separable Lean Only Trimmed To 0 Inch Fat All Grades Raw,Meats,126,3.95,57,54,0,0,0,21.07,NULL,18,1.77,323,3 oz,85
Beef Round Tip Round Roast Separable Lean Only Trimmed To 0 Inch Fat Choice Raw,Meats,130,4.55,58,52,0,0,0,20.76,NULL,18,1.92,318,3 oz,85
Beef Round Tip Round Roast Separable Lean Only Trimmed To 0 Inch Fat Select Raw,Meats,122,3.35,55,58,0,0,0,21.38,NULL,20,1.78,337,3 oz,85
Beef Brisket Flat Half Separable Lean And Fat Trimmed To 1/8 Inch Fat Choice Raw,Meats,278,22.15,91,61,0.12,0,0,18.12,NULL,15,1.68,281,3 oz,85
Beef Brisket Flat Half Separable Lean And Fat Trimmed To 1/8 Inch Fat Select Raw,Meats,276,22.21,94,58,0,0,0,17.77,NULL,17,1.5,271,3 oz,85
Beef Brisket Flat Half Separable Lean And Fat Trimmed To 1/8 Inch Fat Choice Cooked Braised,Meats,298,19.47,107,46,0,0,0,28.66,NULL,16,2.46,227,3 oz,85
Microwave Popcorn,Snacks,402,6.1,0,571,76.04,13.6,0.65,10.72,0,14,2.87,284,1 oz,28.4
Snickers Marathon Double Chocolate Nut Bar,Snacks,377,8.99,4,333,51.66,10.5,22.67,22.35,NULL,1495,17.95,NULL,1 bar,55
Snacks M&m Mars Kudos Whole Grain Bars Peanut Butter,Snacks,463,20.78,0,268,64.69,2.6,44.29,5.88,NULL,871,0.89,NULL,1 bar,28
Formulated Bar Mars Snackfood Us Snickers Marathon Honey Nut Oat Bar,Snacks,381,7.87,NULL,318,55.13,11,26.26,22.5,4.5,NULL,18.15,NULL,1 bar,55
Snacks M&m Mars Kudos Whole Grain Bar M&Ms Milk Chocolate,Snacks,415,11.95,4,341,73.01,2.4,37.81,3.78,NULL,943,0.85,NULL,1 bar,24
Formulated Bar Mars Snackfood Us Snickers Marathon Energy Bar All Flavors,Snacks,386,10.79,4,383,50.3,6.7,28.71,21.91,4.5,754,16.31,351,1 bar,55
Formulated Bar Power Bar Chocolate,Snacks,363,3.11,0,308,69.63,5.7,30.07,14.15,0,504,11.7,362,1 bar,68
Formulated Bar Mars Snackfood Us Cocoavia Chocolate Blueberry Snack Bar,Snacks,325,9.27,2,260,57.87,4.6,33.4,6.21,NULL,1207,1.88,NULL,1 bar,22
Formulated Bar Slim-Fast Optima Meal Bar Milk Chocolate Peanut,Snacks,386,8.92,7,253,60.21,5.1,25,16.19,5.4,668,4.98,289,1 bar,55
Soychips,Snacks,385,7.35,0,842,53.15,3.5,1.8,26.5,0,171,5.2,7,1 oz,28.4
Popcorn Microwave Regular (Butter) Flavor Made With Palm Oil,Snacks,535,30.22,0,763,57.26,10,0.3,8.38,0,23,2.06,393,1 cup,7.9
Snacks Plantain Chips Salted,Snacks,531,29.59,0,202,63.84,3.5,0.92,2.28,0,9,0.97,786,1 oz,28.4
Tortilla Chips Yellow Plain Salted,Snacks,497,22.33,0,310,67.38,4.7,1.21,6.62,0,104,1.32,206,1 oz,28.4
Snacks Granola Bar Kashi Golean Crunchy Mixed Flavors,Snacks,393,9.23,0,486,59.58,5.9,27.3,17.88,0,434,5.2,300,1 bar,47
Snacks Granola Bar Chewy Reduced Sugar All Flavors,Snacks,412,12.5,0,312,69.4,3.1,20.8,5.55,0,417,2.03,199,1 bar,24
Snacks Granola Bites Mixed Flavors,Snacks,451,17.5,0,167,66.27,5.7,30,7.17,0,41,1.56,285,1 package,20
Snacks Pita Chips Salted,Snacks,457,15.2,0,854,68.26,3.8,4.76,11.79,0,17,4.59,129,1 oz,28.4
Snacks Granola Bars Soft Almond Confectioners Coating,Snacks,455,20,0,486,60.13,4.3,34,8.6,0,136,1.49,320,1 bar,35
Formulated Bar High Fiber Chewy Oats And Chocolate,Snacks,389,10,0,237,69.82,22.5,25,5,0,250,0.9,447,1 bar,40
Snacks Bagel Chips Plain,Snacks,451,15.14,0,233,66.36,4.1,6.02,12.34,0,24,5.05,140,1 oz,28.4
Snacks Nutri-Grain Fruit And Nut Bar,Snacks,403,10.93,0,195,66.72,7.5,32.45,9.38,0.8,65,5.65,328,1 bar,32
Snacks Yucca (Cassava) Chips Salted,Snacks,515,25.91,NULL,296,69.23,3.7,3.36,1.34,NULL,52,0.72,868,1 oz,28.4
Snacks Granola Bar General Mills Nature Valley Chewy Trail Mix,Snacks,415,11.43,0,185,72.27,3.8,42.86,5.71,0,116,8.71,189,1 bar,35
Snacks Granola Bar Quaker Dipps All Flavors,Snacks,480,20.42,0,269,64.96,3.2,37.61,7.52,0.1,65,1.16,231,1 bar,31
Snacks Brown Rice Chips,Snacks,384,2.8,0,326,81.5,4.2,0.6,8.2,0,11,1.49,290,1 cake,9
Snack Pretzel Hard Chocolate Coated,Snacks,467,17.64,0,494,70.07,3.5,38.8,7.05,0,141,2.54,199,1 serving,28
Snacks Peas Roasted Wasabi-Flavored,Snacks,432,14.11,0,300,62.2,3.8,14.11,14.11,0,123,3.8,732,,NULL
Formulated Bar South Beach Protein Bar,Snacks,412,15.17,3,436,38.4,7.3,15.17,30.34,0,322,5.4,793,,NULL
Snack Balance Original Bar,Snacks,415,12,1,253,48.73,3.1,34.89,28,1.6,543,10.9,678,,NULL
Snacks Shrimp Cracker,Snacks,426,17.86,2,571,59.09,5.6,21.43,7.14,0,20,1.91,193,,NULL
Rice Crackers,Snacks,416,5,0,233,82.64,0,0,10,0,0,0,243,,NULL
Low Carb Monster Energy Drink,Beverages,5,0,0,75,1.38,0,1.38,0,0,0,0,0,8 fl oz,240
Whiskey Sour Mix,Beverages,383,0.1,0,274,97.3,0,97.3,0.6,NULL,272,0.39,19,1 packet,17
Alcoholic Beverage Whiskey Sour Prepared With Water Whiskey And Powder Mix,Beverages,164,0.02,0,47,15.85,0,15.81,0.1,NULL,46,0.08,4,1 fl oz,29.4
The Coca-Cola Company Nos Energy Drink Original Grape Loaded Cherry Charged Citrus Fortified With Vitamins B6 And B12,Beverages,44,0,0,85,11.25,0,11.25,0,0,0,0,0,16 fl oz,480
Vitamin Fortified Water,Beverages,5,0,0,10,1.25,0,0,0,0,0,0,8,8 fl oz,240
Abbott Eas Whey Protein Powder,Beverages,385,5.13,205,385,17.95,0,5.13,66.67,0,256,0.92,564,2 scoop,39
Alcoholic Beverage Creme De Menthe 72 Proof,Beverages,371,0.3,0,5,41.6,0,41.6,0,0,0,0.07,0,1 fl oz,33.6
Nestle Boost Plus Nutritional Drink Ready-To-Drink,Beverages,138,5.38,4,77,17.29,1.2,8.46,5.38,2.3,135,1.73,138,1 bottle,237
Slimfast Meal Replacement  High Protein Shake Ready-To-Drink 3-2-1 Plan,Beverages,61,3.38,4,72,0.85,0.4,0.6,6.59,1.1,130,0.96,179,1 bottle,295
Unilever Slimfast Meal Replacement Regular Ready-To-Drink  3-2-1 Plan,Beverages,57,1.93,3,68,7.74,1.6,5.95,3.32,1.1,161,0.87,193,1 bottle,295
Unilever Slimfast Shake Mix Powder 3-2-1 Plan,Beverages,448,13.34,5,472,73.92,18.1,38.02,8.13,9.6,364,0.68,247,1 scoop,26
Fuze Orange Mango Fortified With Vitamins A C E B6,Beverages,38,0.06,0,10,9.2,0.2,9,0.68,0,9,0.1,192,1 bottle,500
Unilever Slimfast Shake Mix High Protein Whey Powder 3-2-1 Plan,Beverages,433,13.46,6,495,50,18.2,20.59,27.87,9.6,1039,24.84,752,1 scoop,26
Acai Berry Drink Fortified,Beverages,62,0.83,0,13,12.83,1.2,11.1,0.83,0,19,0.16,130,8 fl oz,266
Sweet Dessert Wine,Beverages,160,0,0,9,13.69,0,7.78,0.2,0,8,0.24,92,1 fl oz,29.5
Whey Protein Powder Isolate,Beverages,359,1.16,12,372,29.07,0,1.16,58.14,0,698,1.26,872,3 scoop,86
Orange Juice Light No Pulp,Beverages,21,0,0,4,5.42,0,4.17,0.21,0,0,0,188,8 fl oz,240
The Coca-Cola Company Hi-C Flashin Fruit Punch,Beverages,45,0,0,8,12.5,0,12.5,0,0,0,0,0,6 (3/4) fl oz,200
Protein Powder Whey Based,Beverages,352,1.56,16,156,6.25,3.1,0,78.13,0,469,1.13,500,1/3 cup,32
Protein Powder Soy Based,Beverages,388,5.56,0,733,28.89,6.7,22.22,55.56,0,178,12,933,1 scoop,45
Rich Chocolate Powder,Beverages,372,0,0,636,92.96,0,81.82,0,9.1,909,16.36,0,2 tbsp,11
Gerolsteiner Brunnen Gmbh & Co. Kg (Gerolsteiner) Naturally Sparkling Mineral Bottled Water,Beverages,0,0,0,13,0,0,0,0,0,33,0,2,,NULL
Chocolate Malt Powder Prepared With Fat Free Milk,Beverages,49,0.17,2,77,8.64,0,7.77,3.25,1.5,234,0.74,158,1 serving,256
Table Wine,Beverages,83,0,0,5,2.72,0,0.79,0.07,0,8,0.37,99,1 serving (5 fl oz),148
V8 Splash Smoothies Peach Mango,Beverages,37,0,0,29,7.76,0,7.35,1.22,NULL,41,0.15,24,1 serving 8 oz,245
Unsweetened Chocolate Almond Milk,Beverages,21,1.46,0,75,1.25,0.4,0,0.83,1,188,0.45,96,1 cup,240
The Coca-Cola Company Glaceau Vitamin Water Revive Fruit Punch Fortified,Beverages,0,0,0,0,0,0,0,0,0,0,0,148,20 fl oz,591
Minute Maid Lemonada Limeade,Beverages,50,0,0,6,13.75,0,12.92,0,0,2,0,10,8 fl oz,240
Red Wine,Beverages,85,0,0,4,2.61,0,0.62,0.07,0,8,0.46,127,1 fl oz,29.4
Barbera,Beverages,85,0,NULL,NULL,2.79,NULL,NULL,0.07,NULL,NULL,NULL,NULL,1 fl oz,29.4
Zinfandel,Beverages,88,0,NULL,NULL,2.86,NULL,NULL,0.07,NULL,NULL,NULL,NULL,1 fl oz,29.4
Petite Sirah,Beverages,85,0,NULL,NULL,2.68,NULL,NULL,0.07,NULL,NULL,NULL,NULL,1 fl oz,29.5
Claret,Beverages,83,0,NULL,NULL,3.01,NULL,NULL,0.07,NULL,NULL,NULL,NULL,1 fl oz,29.4
Chenin Blanc,Beverages,80,0,NULL,NULL,3.31,NULL,NULL,0.07,NULL,NULL,NULL,NULL,1 fl oz,29.5
Fume Blanc,Beverages,82,0,NULL,NULL,2.27,NULL,NULL,0.07,NULL,NULL,NULL,NULL,1 fl oz,29.3
Mixed Vegetable And Fruit Juice Drink With Added Nutrients,Beverages,29,0.01,0,21,7.47,0,2.1,0.04,0,3,0.04,19,8 fl oz,247
Alcoholic Beverage Wine Table White Muller Thurgau,Beverages,76,0,NULL,NULL,3.48,NULL,NULL,0.07,NULL,NULL,NULL,NULL,1 fl oz,29.5
Cream Soda,Beverages,51,0,0,12,13.3,0,13.3,0,0,5,0.05,1,1 fl oz,30.9
Riesling,Beverages,80,0,NULL,NULL,3.74,NULL,NULL,0.07,NULL,NULL,NULL,NULL,1 fl oz,29.6
Sauvignon Blanc,Beverages,81,0,NULL,NULL,2.05,NULL,NULL,0.07,NULL,NULL,NULL,NULL,1 fl oz,29.3
Late Harvest White Wine,Beverages,112,0,NULL,NULL,13.39,NULL,NULL,0.07,NULL,NULL,NULL,NULL,1 fl oz,30.8
Grape Soda,Beverages,43,0,0,15,11.2,0,NULL,0,NULL,3,0.08,1,1 fl oz,31
Carbonated Low Calorie Other Than Cola Or Pepper  Without Caffeine,Beverages,0,0,0,6,0,0,0,0.1,0,4,0.04,2,1 fl oz,29.6
Carbonated Lemon-Lime Soda No Caffeine,Beverages,41,0,0,10,10.42,0,10.38,0.09,0,2,0.02,1,1 fl oz,30.8
Sprite,Beverages,40,0.02,0,9,10.14,0,8.98,0.05,0,2,0.11,1,1 fl oz,30.8
Carbonated Low Calorie Other Than Cola Or Pepper With Aspartame Contains Caffeine,Beverages,0,0,0,6,0,0,0,0.1,0,4,0.04,2,1 fl oz,29.6
Burgundy,Beverages,86,0,NULL,NULL,3.69,NULL,NULL,0.07,NULL,NULL,NULL,NULL,1 fl oz,29.5
Pepper Soda,Beverages,41,0.1,0,10,10.4,0,NULL,0,NULL,3,0.04,1,1 fl oz,30.7
Energy Drink Red Bull,Beverages,43,0,0,39,10.23,0,10.22,0.46,0,6,0.06,3,1 can 8.4 fl oz,258
Tea Black Ready To Drink Decaffeinated Diet,Beverages,0,0,0,4,0.83,0,0,0,0,11,0,27,1 cup,240
Tea Black Ready To Drink Decaffeinated,Beverages,38,0,0,8,8.75,0,7.92,0,0,11,0,27,1 cup,240
Grape Juice Drink Canned,Beverages,57,0,0,9,14.55,0.1,14.11,0,0,7,0.13,33,1 fl oz,31.3
Cranberry Juice Cocktail,Beverages,52,0.34,NULL,2,12.25,NULL,11.41,0,NULL,3,0.04,19,1 cup,271
Snapple Tea Black And Green Ready To Drink Peach Diet,Beverages,2,0,0,3,0.1,0,0,0.1,NULL,0,0,19,,NULL
Lemonade Frozen Concentrate White,Beverages,196,0.7,0,7,49.89,0.3,44.46,0.22,0,7,0.09,72,1 fl oz,36.5
Lemonade Frozen Concentrate White Prepared With Water,Beverages,40,0.04,0,4,10.42,0,9.98,0.07,NULL,4,0.16,15,1 fl oz,30.9
Snapple Tea Black And Green Ready To Drink Lemon Diet,Beverages,2,0,0,3,0.1,0,0,0.1,NULL,0,0,20,,NULL
Malted Drink Mix Natural With Added Nutrients Powder Prepared With Whole Milk,Beverages,86,3.21,11,72,10.67,0,8.37,3.67,NULL,123,1.36,200,1 cup (8 fl oz),265
Malted Drink Mix Natural Powder Dairy Based.,Beverages,428,9.52,24,405,71.21,0.1,47.62,14.29,0,298,0.7,758,1 serving (3 heaping tsp or 1 envelope),21
Malted Drink Mix Natural Powder Prepared With Whole Milk,Beverages,88,3.62,12,79,10.23,0.1,9.56,3.86,NULL,117,0.09,183,1 cup (8 fl oz),265
Ovaltine Chocolate Malt Powder,Beverages,372,0,0,530,92.96,0,72.73,0,9.1,909,16.36,0,1 cup,78
Orange And Apricot Juice Drink Canned,Beverages,51,0.1,0,2,12.7,0.1,12.06,0.3,0,5,0.1,80,1 fl oz,31.2
Pineapple And Grapefruit Juice Drink Canned,Beverages,47,0.1,0,14,11.6,0.1,11.52,0.2,0,7,0.31,61,1 fl oz,31.3
Pineapple And Orange Juice Drink Canned,Beverages,50,0,0,3,11.8,0.1,11.59,1.3,0,5,0.27,46,1 fl oz,31.3
Shake Fast Food Vanilla,Beverages,148,6.52,23,81,19.59,0.9,13.63,3.37,0,115,0.46,166,1 fl oz,20.8
Black Tea (Brewed),Beverages,1,0,0,3,0.3,0,0,0,0,0,0.02,37,1 fl oz,29.6
Tea Instant Decaffeinated Lemon Diet,Beverages,338,0.6,0,412,85.4,0,1.88,3.3,0,21,8.87,2568,2 tsp,1.6
Tea Instant Decaffeinated Lemon Sweetened,Beverages,401,0.73,0,5,98.55,0,95.29,0.12,NULL,2,0.21,169,1 serving (3 heaping tsp),23
Tea Instant Unsweetened Powder,Beverages,315,0,0,72,58.66,8.5,5.53,20.21,0,118,2.26,6040,1 serving 1 tsp,0.7
Tea Instant Lemon Diet,Beverages,2,0,0,6,0.44,0,0.01,0.02,0,3,0.05,14,1 fl oz,29.8
Tea Herb Other Than Chamomile Brewed,Beverages,1,0,0,1,0.2,0,0,0,0,2,0.08,9,1 fl oz,29.6
Water Bottled Perrier,Beverages,0,0,0,1,0,0,NULL,0,NULL,14,0,0,1 fl oz,29.6
Water Bottled Poland Spring,Beverages,0,0,0,1,0,0,NULL,0,NULL,1,0.01,0,1 fl oz,29.6
Orange-Flavor Drink Breakfast Type Powder,Beverages,386,0,0,17,98.94,0.4,92.31,0,0,385,0.02,190,1 serving 2 tbsp,26
Orange-Flavor Drink Breakfast Type Powder Prepared With Water,Beverages,49,0,0,5,12.65,0.1,11.8,0,NULL,52,0,25,1 fl oz,33.9
Orange-Flavor Drink Breakfast Type Low Calorie Powder,Beverages,217,0,0,81,85.9,3.8,2.6,3.6,NULL,1378,0.07,3132,1 portion amount of dry mix to make 8 fl oz prepared,2.5
English Muffins Plain Unenriched Without Calcium Propionate (Includes Sourdough),Baked Foods,235,1.8,0,464,46,2.7,NULL,7.7,NULL,52,0.89,131,1 oz,28.4
Pie Apple Commercially Prepared Unenriched Flour,Baked Foods,237,11,0,266,34,1.6,NULL,1.9,NULL,11,1.21,65,1 oz,28.4
Pie Fried Pies Cherry,Baked Foods,316,16.1,0,374,42.6,2.6,NULL,3,NULL,22,1.22,65,1 oz,28.4
Tortillas Ready-To-Bake Or -Fry Corn Without Added Salt,Baked Foods,222,2.5,0,11,46.6,5.2,NULL,5.7,NULL,175,1.4,154,1 oz,28.4
Tortillas Ready-To-Bake Or -Fry Flour Without Added Calcium,Baked Foods,325,7.1,0,478,55.6,3.3,NULL,8.7,NULL,39,3.3,131,1 oz,28.4
Cake Pound Commercially Prepared Fat-Free,Baked Foods,283,1.2,0,341,61,1.1,34.34,5.4,0,43,2.06,110,1 oz,28.4
Cake Yellow Light Dry Mix,Baked Foods,404,5.5,0,604,84.1,1.3,NULL,4.7,NULL,155,1.31,65,1 oz,28.4
Archway Home Style Cookies Coconut Macaroon,Baked Foods,460,22.55,0,200,61.23,5.1,45.16,3.02,NULL,5,0.82,123,1 serving,22
Archway Home Style Cookies Date Filled Oatmeal,Baked Foods,400,12.05,6,331,68.16,2.1,34.27,4.67,NULL,28,2.26,159,1 serving,25
Archway Home Style Cookies Dutch Cocoa,Baked Foods,431,14.99,7,384,69.44,2.6,35.35,4.5,NULL,13,3.36,239,1 serving,24
Archway Home Style Cookies Frosty Lemon,Baked Foods,430,17.11,0,449,64.78,0.7,33.35,4.41,NULL,41,1.62,92,1 serving,26
Archway Home Style Cookies Iced Molasses,Baked Foods,420,14.43,12,605,69.12,1,38.43,3.5,NULL,24,4.1,125,1 serving,28
Archway Home Style Cookies Old Fashioned Molasses,Baked Foods,406,11.83,25,561,70.55,1.1,36.09,4.27,NULL,32,4.99,NULL,1 serving,26
Archway Home Style Cookies Old Fashioned Windmill Cookies,Baked Foods,468,17.55,1,471,72.23,1.8,32.64,5.17,NULL,36,3.06,113,1 serving,20
Archway Home Style Cookies Peanut Butter,Baked Foods,480,24.28,37,404,58.48,2.8,32.55,9,NULL,35,2.72,209,1 serving,21
Archway Home Style Cookies Raspberry Filled,Baked Foods,400,13.26,6,334,65.92,2.2,31.76,4.35,NULL,20,2.32,118,1 serving,25
George Weston Bakeries Brownberry Sage And Onion Stuffing Mix Dry,Baked Foods,390,5.1,NULL,1680,72.7,5.4,NULL,13.3,NULL,NULL,3.81,NULL,1 serving,67
Keebler Keebler Chocolate Graham Selects,Baked Foods,465,16.6,NULL,357,71.8,NULL,26.5,7.1,NULL,NULL,NULL,NULL,1 serving,31
Continental Mills Krusteaz Almond Poppyseed Muffin Mix Artificially Flavored Dry,Baked Foods,418,10.3,NULL,590,75.6,1.7,40,5.6,NULL,82,2.47,NULL,1 serving,40
Mckee Baking Little Debbie Nutty Bars Wafers With Peanut Butter Chocolate Covered,Baked Foods,548,32.8,NULL,223,55.2,NULL,34,8,NULL,NULL,NULL,NULL,1 serving,57
Nabisco Nabisco Ritz Crackers,Baked Foods,492,23.21,NULL,882,63.51,2.3,8.14,7.23,NULL,154,4.47,119,1 cracker,3.3
Pillsbury Buttermilk Biscuits Artificial Flavor Refrigerated Dough,Baked Foods,236,2.79,0,854,47.07,1.6,4.46,6.4,NULL,23,2.6,NULL,1 biscuit,64
Pillsbury Chocolate Chip Cookies Refrigerated Dough,Baked Foods,450,21.26,6,326,60.75,1.7,37.67,3.82,NULL,14,2.03,NULL,1 serving 2 cookies,38
Pillsbury Crusty French Loaf Refrigerated Dough,Baked Foods,243,2.88,0,575,46.35,2.6,5.06,8.59,NULL,19,2.27,NULL,1 serving,52
Sorghum Flour Refined Unenriched,Grains and Pasta,357,1.24,NULL,1,76.85,1.9,NULL,9.53,NULL,6,0.97,145,1 cup,161
Rice Brown Parboiled Cooked Uncle Bens,Grains and Pasta,147,0.85,NULL,4,31.33,1.7,0.15,3.09,NULL,3,0.53,61,1 cup,155
Pasta Gluten-Free Rice Flour And Rice Bran Extract Cooked De Boles,Grains and Pasta,200,1.7,0,4,40.75,1.9,0,4.21,NULL,21,0.62,55,1 cup spaghetti,121
Pasta Gluten-Free Corn And Rice Flour Cooked,Grains and Pasta,179,1,0,4,38.05,1.4,0,3.2,0,2,0.22,24,1 cup spaghetti,141
Biscuit With Egg And Bacon,Fast Foods,305,20.73,235,844,19.06,0.5,2.19,11.33,0.6,126,2.49,167,1 biscuit,150
Biscuit With Egg And Ham,Fast Foods,233,14.08,156,1093,16.37,0.4,2.2,10.64,0.6,115,2.37,166,1 biscuit,182
Biscuit With Crispy Chicken Fillet,Fast Foods,300,14.93,24,868,30.56,1.4,2.62,11.93,0.1,44,1.76,206,1 item,132
Croissant With Egg Cheese And Bacon,Fast Foods,289,16.4,170,602,22.5,1,4.8,12.92,0.8,146,1.55,160,1 item,128
Croissant With Egg Cheese And Ham,Fast Foods,261,14.95,140,711,18.98,0.9,5.42,12.45,0.8,95,1.4,179,1 item,155
Croissant With Egg Cheese And Sausage,Fast Foods,308,21.78,123,577,15.9,1.8,3.12,12.09,0.7,90,1.65,158,1 sandwich,171
Egg Scrambled,Fast Foods,212,16.18,426,187,2.08,0,1.64,13.84,1.1,57,2.59,147,2 eggs,96
Potatoes Hash Browns Round Pieces Or Patty,Fast Foods,272,17.04,0,566,28.88,2.7,0.56,2.58,0,19,0.6,355,1 round piece,5.5
Vanilla Light Soft-Serve Ice Cream With Cone,Fast Foods,163,4.86,15,81,26.36,0.1,19.49,4.24,0,129,0.35,193,1 item,120
Sundae Caramel,Fast Foods,196,5.98,16,126,31.81,0,NULL,4.71,NULL,122,0.14,205,1 sundae,155
Sundae Hot Fudge,Fast Foods,180,5.46,13,115,30.17,0,NULL,3.57,NULL,131,0.37,250,1 sundae,158
Burrito With Beans And Beef,Fast Foods,191,7.47,26,570,19.52,3,2.19,11.52,0.1,90,1.91,269,1 item,241
Burrito With Beans Cheese And Beef,Fast Foods,180,6.8,12,451,23.37,3.7,2.1,7.03,0.1,90,1.82,204,1 burrito,241
Pizza Hut 12 Inch Pepperoni Pizza Hand-Tossed Crust,Fast Foods,280,11.38,26,801,31.55,1.7,3.67,12.86,NULL,155,2.14,207,1 slice,96
Pizza Hut 12 Inch Pepperoni Pizza Pan Crust,Fast Foods,298,14.21,25,692,30.49,1.8,3.2,11.97,NULL,146,2.14,199,1 slice,96
Pizza Hut 12 Inch Super Supreme Pizza Hand-Tossed Crust,Fast Foods,243,10.72,20,689,25.62,2,3.71,10.9,NULL,129,2,233,1 slice,127
Dominos 14 Inch Cheese Pizza Classic Hand-Tossed Crust,Fast Foods,257,8.97,17,523,33.24,2.2,4.02,10.8,0,167,2.34,161,1 slice,108
Dominos 14 Inch Cheese Pizza Ultimate Deep Dish Crust,Fast Foods,265,9.83,16,615,33.48,2.4,4.22,10.76,NULL,166,2.49,169,1 slice,118
Papa Johns 14 Inch Cheese Pizza Original Crust,Fast Foods,260,9.25,19,578,32.74,1.9,5.32,11.53,0,166,1.97,138,1 slice,117
Papa Johns 14 Inch Pepperoni Pizza Original Crust,Fast Foods,275,11.86,26,671,30.04,1.2,4.84,11.97,0,152,1.98,150,1 slice,123
Papa Johns 14 Inch The Works Pizza Original Crust,Fast Foods,240,10.21,21,570,26.69,2.5,4.84,10.27,NULL,99,1.5,160,1 slice,153
Papa Johns 14 Inch Cheese Pizza Thin Crust,Fast Foods,295,15.66,28,528,26.26,2.3,3.85,12.29,NULL,238,0.51,160,1 slice,87
Little Caesars 14 Inch Pepperoni Pizza Large Deep Dish Crust,Fast Foods,265,10.81,26,492,29.03,1.5,3.39,12.93,NULL,201,2.3,173,1 slice,104
Little Caesars 14 Inch Cheese Pizza Thin Crust,Fast Foods,309,16.99,39,455,22.85,1.6,2.76,16.23,NULL,422,0.64,177,1 slice,48
Pizza Hut 14 Inch Cheese Pizza Hand-Tossed Crust,Fast Foods,275,10.42,18,674,33.42,2.4,3.13,11.98,0,209,2.62,183,1 slice,105
Pizza Hut 14 Inch Cheese Pizza Pan Crust,Fast Foods,276,11.25,18,580,32.85,2.1,2.47,10.85,0,192,2.47,170,1 slice,112
Cheese Pizza,Fast Foods,266,9.69,17,598,33.33,2.3,3.58,11.39,0,188,2.48,172,1 slice,107
Fast Food Pizza Chain 14 Inch Pizza Cheese Topping Thick Crust,Fast Foods,271,10.54,17,597,33.17,2.2,3.34,10.81,0,179,2.48,169,1 slice,115
Fast Food Pizza Chain 14 Inch Pizza Cheese Topping Thin Crust,Fast Foods,302,13.95,28,742,31.2,2.5,3.61,12.85,0,288,1.71,199,1 slice,76
Pepperoni Pizza,Fast Foods,282,11.91,25,685,31.98,2.3,3.26,11.74,0,153,2.52,195,1 slice,111
Fast Food Pizza Chain 14 Inch Pizza Pepperoni Topping Thick Crust,Fast Foods,287,12.58,24,684,31.84,2.2,2.93,11.49,0,148,2.55,189,1 slice,118
McDonalds Chicken Mcnuggets,Fast Foods,302,19.81,44,566,15.09,NULL,0.08,15.79,NULL,11,0.89,252,4 pieces,64
McDonalds Hash Brown,Fast Foods,271,16.3,0,580,28.56,2.8,0.54,2.48,NULL,19,0.56,341,1 serving 1 patty,53
McDonalds Hotcakes (Plain),Fast Foods,228,5.84,13,358,38.27,1.4,8.84,6,NULL,84,1.83,173,3 hotcakes 5.3 oz,149
McDonalds Bacon Egg & Cheese Mcgriddles,Fast Foods,272,13.19,147,673,26.19,0.8,9.56,12.03,NULL,109,1.65,NULL,1 item 5.8 oz,165
McDonalds Hot Caramel Sundae,Fast Foods,188,4.89,16,80,33.36,0,23.54,3.58,NULL,127,0.08,186,1 item (6.4 oz),182
McDonalds Hot Fudge Sundae,Fast Foods,186,5.91,13,94,30.05,0.4,26.89,4.14,NULL,139,0.83,246,1 item (6.3 oz),179
McDonalds Mcflurry With M&Ms,Fast Foods,177,6.46,16,54,26.82,0.2,24.37,4.02,NULL,135,0.27,208,1 regular (12 fl oz),348
McDonalds Mcflurry With Oreo Cookies,Fast Foods,165,5.66,15,75,25.55,0.1,21.19,3.97,NULL,129,0.61,198,1 regular (12 fl oz),337
McDonalds Mcchicken Sandwich,Fast Foods,273,13.21,27,624,27.97,1.3,3.57,10.43,NULL,88,1.74,173,1 sandwich,131
McDonalds Mcchicken Sandwich (Without Mayonnaise),Fast Foods,240,8.46,22,555,30.95,1.4,4.16,11.08,NULL,96,1.78,184,1 item,138
McDonalds Egg Mcmuffin,Fast Foods,228,9.66,165,617,21.67,1.1,2.13,13.64,NULL,192,2.3,173,1 sandwich,126
McDonalds Sausage Mcmuffin,Fast Foods,333,21.06,39,693,24.52,1.4,1.93,12.66,NULL,224,2.04,188,1 item 4 oz,115
McDonalds Deluxe Breakfast With Syrup And Margarine,Fast Foods,285,15.23,109,437,29.48,1,9.88,7.56,NULL,50,1.5,170,1 item 14.8 oz,420
McDonalds Hotcakes And Sausage,Fast Foods,294,12.5,19,484,37.55,1.6,7.29,7.81,NULL,78,1.41,148,1 item,192
McDonalds Pancakes,Fast Foods,272,8.06,9,283,46.08,0.9,20.58,4.05,NULL,57,1.28,125,1 item,221
McDonalds Bacon Ranch Salad With Grilled Chicken,Fast Foods,81,3.14,28,230,3.64,1,1.73,10.28,NULL,48,0.65,NULL,1 item 10.8 oz,305
McDonalds Fruit N Yogurt Parfait (Without Granola),Fast Foods,90,1.13,5,38,17.67,0.9,11.9,2.47,NULL,87,0.36,165,1 item,142
McDonalds Filet-O-Fish (Without Tartar Sauce),Fast Foods,243,7.62,25,464,31.08,1,4.27,12.47,NULL,128,1.64,194,1 item,124
Burger King Croissanwich With Sausage Egg And Cheese,Fast Foods,308,21.78,123,577,15.9,1.8,3.12,12.09,NULL,90,1.65,158,1 sandwich,171
Burger King Croissanwich With Sausage And Cheese,Fast Foods,376,25.45,43,782,23,0.7,3.36,13.73,NULL,107,1.87,205,1 item,131
Hamburger; Single Large Patty; With Condiments Vegetables And Mayonnaise,Fast Foods,226,12.37,33,342,17.33,1.5,4,11.34,0.1,46,2.99,188,1 item,247
Hamburger; Single Regular Patty; Double Decker Bun With Condiments And Special Sauce,Fast Foods,259,13.3,32,386,22.69,1.4,NULL,12.17,NULL,103,2.07,194,1 item,205
Cheeseburger; Double Regular Patty; With Condiments,Fast Foods,282,16.18,50,617,17.97,0.9,4.16,16.24,0.2,150,2.35,226,1 sandwich,155
Cheeseburger; Double Large Patty; With Condiments,Fast Foods,272,16.22,57,480,14.43,1,3.49,16.96,NULL,106,2.18,242,1 item,280
Chicken Tenders,Fast Foods,271,13.95,48,769,17.25,1.2,0.4,19.22,0.2,17,0.73,373,1 strip,30
Bagel With Egg Sausage Patty Cheese And Condiments,Fast Foods,295,16.97,133,550,22.64,0.2,2.87,12.98,0.4,94,1.77,123,1 item,219
Bagel With Breakfast Steak Egg Cheese And Condiments,Fast Foods,282,14.07,130,642,22.99,0.2,2.97,15.95,0.4,93,2.06,145,1 item,254
Soft Serve Blended With Chocolate Candy,Fast Foods,182,6.46,16,54,26.82,0.2,24.37,4.02,0,135,0.27,208,12 fl oz cup,348
Macaroni And Cheese Canned Entree,Prepared Meals,82,2.46,6,302,11.52,0.5,0.5,3.38,0,35,0.9,84,1 serving,244
Hot Pockets Croissant Pockets Chicken Broccoli And Cheddar Stuffed Sandwich Frozen,Prepared Meals,235,8.6,29,346,30.4,1.1,7.6,8.9,0.2,152,2.97,188,1 serving (1 hot pocket),127
Hot Pockets Ham N Cheese Stuffed Sandwich Frozen,Prepared Meals,270,15,23,386,24.69,1.5,7.6,9.16,0.2,152,2,188,1 serving (1 hot pocket),127
Ravioli Cheese-Filled Canned,Prepared Meals,77,1.45,3,306,13.64,1.3,3.72,2.48,0,33,0.74,232,1 cup,242
Ravioli Meat-Filled With Tomato Sauce Or Meat Sauce Canned,Prepared Meals,97,3.41,5,283,13.26,1.5,1.97,3.24,0,12,1.09,178,1 cup,262
Beef Stew Canned Entree,Prepared Meals,99,5.53,13,388,7.85,0.9,1.76,4.41,0,12,2.48,163,1 cup (1 serving),196
Chicken Pot Pie Frozen Entree Prepared,Prepared Meals,204,11.85,15,393,19.21,1.1,2.26,5.11,0.1,20,0.76,110,1 pie,302
Beef Corned Beef Hash With Potato Canned,Prepared Meals,164,10.24,32,412,9.27,1.1,0.34,8.73,0,19,1,172,1 cup,236
Lasagna Cheese Frozen Prepared,Prepared Meals,130,5.33,13,284,13.84,1.7,4.23,6.54,0,111,1.27,182,1 cup 1 serving,225
Lasagna With Meat & Sauce Frozen Entree,Prepared Meals,124,4.42,14,347,14.39,1.4,2.96,6.63,0,73,0.65,184,1 piece side,134
Burrito Beef And Bean Frozen,Prepared Meals,239,9.61,8,587,30.84,4.2,0.7,7.26,NULL,34,2.96,221,1 burrito frozen,139
Burrito Bean And Cheese Frozen,Prepared Meals,221,6.3,2,351,34.01,3.4,3.21,7.07,0,52,2.51,210,1 burrito,129
Macaroni And Cheese Canned Microwavable,Prepared Meals,134,5.99,20,335,13.96,0.4,1.41,5.98,NULL,57,0.91,72,7 (1/2) oz 1 serving,213
Turkey Stuffing Mashed Potatoes W/gravy Assorted Vegetables Frozen Microwaved,Prepared Meals,128,3.89,14,326,16.32,1.3,4.82,6.97,0.1,27,0.79,230,1 serving,385
Rice Bowl With Chicken Frozen Entree Prepared (Includes Fried Teriyaki And Sweet And Sour Varieties),Prepared Meals,126,1.56,16,333,22.46,0.7,4.07,5.65,0,13,0.35,123,1 bowl,340
Macaroni And Cheese Dinner With Dry Sauce Mix Boxed Uncooked,Prepared Meals,379,4.82,7,680,70.12,3.2,9.61,13.86,0,146,2.75,347,1 serving (makes about 1 cup prepared),70
Macaroni And Cheese Dry Mix Prepared With 2% Milk And 80% Stick Margarine From Dry Mix,Prepared Meals,190,8.28,3,338,23.93,1.2,4.27,4.89,NULL,63,0.99,129,1 cup,198
Macaroni And Cheese Frozen Entree,Prepared Meals,149,6.41,10,290,17.28,1.1,1.53,5.6,0,114,0.57,95,1 cup,137
Potato Salad With Egg,Prepared Meals,157,9.4,17,329,16.18,1.3,4.95,1.96,0.1,15,0.5,242,1/2 cup,125
Pulled Pork In Barbecue Sauce,Prepared Meals,168,4.42,35,666,18.74,1.2,15.2,13.19,0.2,44,1.24,305,1 cup,249
Corn Dogs Frozen Prepared,Prepared Meals,250,12.02,44,668,26.96,1,7.54,8.57,0.4,72,1.9,125,1 corndog,78
Chicken Tenders Breaded Frozen Prepared,Prepared Meals,240,13.58,36,527,14.86,1.7,0.57,14.62,0.1,39,0.84,281,1 piece,21
Rice And Vermicelli Mix Chicken Flavor Unprepared,Prepared Meals,356,1.04,0,884,76.08,1.2,0.7,10.64,0,18,2.77,153,1/ 3 cup,56
Rice And Vermicelli Mix Chicken Flavor Prepared With 80% Margarine,Prepared Meals,136,3.45,NULL,377,23.54,0.7,0.64,2.65,NULL,7,0.95,58,1 cup,233
Beef Shoulder Pot Roast Or Steak Boneless Separable Lean And Fat Trimmed To 0 Inch Fat All Grades Raw,Meats,130,4.97,66,72,0,0,0,21.39,0,12,2.62,395,3 oz,85
Beef Short Loin Porterhouse Steak Separable Lean And Fat Trimmed To 1/8 Inch Fat All Grades Raw,Meats,214,14.06,61,48,0,0,0,20.49,0.1,19,1.98,243,3 oz,85
Beef Short Loin T-Bone Steak Separable Lean And Fat Trimmed To 1/8 Inch Fat All Grades Cooked Grilled,Meats,289,20.36,83,62,0,0,0,24.6,0.1,19,3.24,248,3 oz,85
Beef Short Loin T-Bone Steak Separable Lean And Fat Trimmed To 1/8 Inch Fat Select Raw,Meats,215,14.19,62,52,0,0,0,20.28,0.1,23,1.73,246,3 oz,85
Beef Short Loin T-Bone Steak Separable Lean And Fat Trimmed To 1/8 Inch Fat Select Cooked Grilled,Meats,281,19.22,84,62,0,0,0,25.18,0.1,18,3.32,261,3 oz,85
Beef Round Knuckle Tip Side Steak Separable Lean And Fat Trimmed To 0 Inch Fat Choice Raw,Meats,133,4.66,61,62,0,0,0,21.41,NULL,5,2.14,378,3 oz,85
Beef Chuck Shoulder Clod Shoulder Tender Medallion Separable Lean And Fat Trimmed To 0 Inch Fat Choice Cooked Grilled,Meats,181,7.68,76,60,0,0,0,26.07,NULL,5,2.58,361,1 medallion,30
Beef Chuck Shoulder Clod Shoulder Tender Medallion Separable Lean And Fat Trimmed To 0 Inch Fat Select Raw,Meats,142,5.79,58,60,0,0,0,20.93,NULL,5,2.39,366,1 medallion,44
Beef Chuck Shoulder Clod Shoulder Top And Center Steaks Separable Lean And Fat Trimmed To 0 Inch Fat Choice Raw,Meats,143,6.12,57,61,0,0,0,20.39,NULL,4,2.14,347,3 oz,85
Beef Chuck Shoulder Clod Shoulder Top And Center Steaks Separable Lean And Fat Trimmed To 0 Inch Fat Choice Cooked Grilled,Meats,184,8.11,74,59,0,0,0,26.07,NULL,5,2.57,342,1 serving (3 oz),85
Beef Chuck Shoulder Clod Top Blade Steak Separable Lean And Fat Trimmed To 0 Inch Fat Select Raw,Meats,166,9.22,66,75,0,0,0,19.38,NULL,6,2.62,324,3 oz,85
Beef Chuck Shoulder Clod Top Blade Steak Separable Lean And Fat Trimmed To 0 Inch Fat Select Cooked Grilled,Meats,212,11.52,83,76,0,0,0,25.29,NULL,6,3.1,333,1 serving (3 oz),85
Beef Round Knuckle Tip Center Steak Separable Lean And Fat Trimmed To 0 Inch Fat Choice Raw,Meats,150,6.85,58,54,0,0,0,20.74,NULL,5,1.94,365,3 oz,85
Beef Round Knuckle Tip Center Steak Separable Lean And Fat Trimmed To 0 Inch Fat Choice Cooked Grilled,Meats,188,8.13,75,51,0,0,0,26.88,NULL,5,2.51,373,3 oz,85
Beef Round Knuckle Tip Center Steak Separable Lean And Fat Trimmed To 0 Inch Fat Select Raw,Meats,137,5.21,59,53,0,0,0,20.98,NULL,5,2.01,360,3 oz,85
Beef Round Outside Round Bottom Round Steak Separable Lean And Fat Trimmed To 0 Inch Fat Select Cooked Grilled,Meats,166,5.17,75,60,0,0,0,28.01,NULL,5,3.12,368,1 serving (3 oz),85
Beef Chuck Shoulder Clod Shoulder Tender Medallion Separable Lean And Fat Trimmed To 0 Inch Fat All Grades Raw,Meats,144,6.22,57,58,0,0,0,20.54,NULL,5,1.95,327,1 medallion,41
Beef Chuck Shoulder Clod Shoulder Tender Medallion Separable Lean And Fat Trimmed To 0 Inch Fat All Grades Cooked Grilled,Meats,177,7.2,78,59,0,0,0,26.22,NULL,5,2.59,356,1 medallion,32
Beef Round Knuckle Tip Side Steak Separable Lean And Fat Trimmed To 0 Inch Fat All Grades Raw,Meats,129,4,61,61,0,0,0,21.69,NULL,5,2.22,381,3 oz,85
Beef Chuck Shoulder Clod Top Blade Steak Separable Lean And Fat Trimmed To 0 Inch Fat All Grades Cooked Grilled,Meats,222,12.79,83,77,0,0,0,24.93,NULL,6,2.88,322,1 serving (3 oz),85
Beef Round Knuckle Tip Center Steak Separable Lean And Fat Trimmed To 0 Inch Fat All Grades Raw,Meats,143,5.89,59,54,0,0,0,20.93,NULL,5,1.96,363,3 oz,85
Beef Round Knuckle Tip Center Steak Separable Lean And Fat Trimmed To 0 Inch Fat All Grades Cooked Grilled,Meats,177,6.78,77,52,0,0,0,27.12,NULL,5,2.51,377,1 steak,150
Beef Round Outside Round Bottom Round Steak Separable Lean And Fat Trimmed To 0 Inch Fat All Grades Raw,Meats,142,5.53,61,62,0,0,0,21.59,NULL,5,2.53,345,3 oz,85
Beef Rib Eye Roast Boneless Lip-On Separable Lean Only Trimmed To 1/8 Inch Fat Select Cooked Roasted,Meats,202,9.68,79,59,0,0,0,28.72,0.1,8,2.02,335,3 oz,85
Beef Plate Steak Boneless Inside Skirt Separable Lean Only Trimmed To 0 Inch Fat All Grades Cooked Grilled,Meats,234,12.69,92,63,0,0,0,29.99,0.1,7,2.47,303,3 oz,85
Beef Plate Steak Boneless Inside Skirt Separable Lean Only Trimmed To 0 Inch Fat All Grades Raw,Meats,164,8.82,64,66,0,0,0,21.17,0.1,6,1.75,272,3 oz,85
Beef Plate Steak Boneless Inside Skirt Separable Lean Only Trimmed To 0 Inch Fat Choice Cooked Grilled,Meats,242,13.72,93,64,0,0,0,29.56,0.1,7,2.51,298,3 oz,85
Beef Plate Steak Boneless Outside Skirt Separable Lean Only Trimmed To 0 Inch Fat All Grades Raw,Meats,206,14.53,69,67,0.19,0,0,18.74,0.2,5,3.6,253,3 oz,85
Beef Plate Steak Boneless Outside Skirt Separable Lean Only Trimmed To 0 Inch Fat Choice Cooked Grilled,Meats,291,20.28,105,71,0,0,0,27.03,0.2,7,5.06,286,3 oz,85
Beef Plate Steak Boneless Outside Skirt Separable Lean Only Trimmed To 0 Inch Fat Choice Raw,Meats,212,15.26,70,68,0.17,0,0,18.47,0.2,5,3.53,251,3 oz,85
Skirt Steak,Meats,268,17.1,99,70,0,0,0,28.65,0.2,8,5.46,284,3 oz,85
Beef Rib Eye Steak Boneless Lip Off Separable Lean Only Trimmed To 0 Inch Fat Choice Raw,Meats,162,8.5,63,56,0,0,0,21.44,0.1,7,2.04,262,3 oz,85
Beef Rib Eye Steak Boneless Lip Off Separable Lean Only Trimmed To 0 Inch Fat Select Cooked Grilled,Meats,191,8.31,77,59,0,0,0,29.18,0.1,6,2.34,318,3 oz,85
Beef Rib Eye Steak Boneless Lip Off Separable Lean Only Trimmed To 0 Inch Fat Select Raw,Meats,142,5.78,70,55,0,0,0,22.46,0.1,5,1.8,297,3 oz,85
Beef Rib Back Ribs Bone-In Separable Lean Only Trimmed To 0 Inch Fat All Grades Cooked Braised,Meats,299,20.57,90,68,0,0,0,28.36,0.2,22,2.66,284,3 oz,85
Beef Rib Back Ribs Bone-In Separable Lean Only Trimmed To 0 Inch Fat Select Raw,Meats,221,15.73,67,59,0.2,0,0,19.71,0.1,9,1.86,264,3 oz,85
Beef Rib Eye Steak Bone-In Lip-On Separable Lean And Fat Trimmed To 1/8 Inch Fat Choice Cooked Grilled,Meats,313,24.7,83,60,0,0,0,22.71,0.2,22,2.29,242,3 oz,85
Beef Rib Eye Steak Bone-In Lip-On Separable Lean And Fat Trimmed To 1/8 Inch Fat Select Cooked Grilled,Meats,304,23.47,80,59,0,0,0,23.19,0.2,22,2.29,246,3 oz,85
Beef Rib Eye Steak Bone-In Lip-On Separable Lean And Fat Trimmed To 1/8 Inch Fat All Grades Cooked Grilled,Meats,309,24.2,82,60,0,0,0,22.9,0.2,22,2.29,243,3 oz,85
Beef Rib Eye Roast Bone-In Lip-On Separable Lean And Fat Trimmed To 1/8 Inch Fat Choice Cooked Roasted,Meats,307,23.61,83,62,0,0,0,23.53,0.2,13,2.15,264,3 oz,85
Beef Rib Eye Steak/roast Bone-In Lip-On Separable Lean And Fat Trimmed To 1/8 Inch Fat Select Raw,Meats,248,19.34,68,55,0,0,0,18.44,0.1,11,1.76,237,3 oz,85
Beef Rib Eye Steak Boneless Lip-On Separable Lean And Fat Trimmed To 1/8 Inch Fat Choice Cooked Grilled,Meats,303,23.52,81,54,0,0,0,22.92,0.2,12,2.33,247,3 oz,85
Beef Rib Eye Steak Boneless Lip-On Separable Lean And Fat Trimmed To 1/8 Inch Fat Select Cooked Grilled,Meats,273,19.25,79,54,0,0,0,24.83,0.1,10,2.12,279,3 oz,85
Beef Rib Eye Steak Boneless Lip-On Separable Lean And Fat Trimmed To 1/8 Inch Fat All Grades Cooked Grilled,Meats,291,21.81,80,54,0,0,0,23.69,0.2,11,2.24,260,3 oz,85
Beef Rib Eye Steak/roast Boneless Lip-On Separable Lean And Fat Trimmed To 1/8 Inch Fat Choice Raw,Meats,253,19.95,68,50,0,0,0,18.39,0.2,8,1.81,224,3 oz,85
Beef Rib Eye Steak/roast Boneless Lip-On Separable Lean And Fat Trimmed To 1/8 Inch Fat Select Raw,Meats,230,16.9,74,50,0,0,0,19.55,0.1,7,1.64,256,3 oz,85
Beef Plate Steak Boneless Inside Skirt Separable Lean And Fat Trimmed To 0 Inch Fat All Grades Cooked Grilled,Meats,245,14.2,92,63,0,0,0,29.36,0.1,7,2.44,298,3 oz,85
Beef Plate Steak Boneless Inside Skirt Separable Lean And Fat Trimmed To 0 Inch Fat Choice Cooked Grilled,Meats,253,15.3,93,63,0,0,0,28.9,NULL,7,2.48,293,3 oz,85
Beef Plate Steak Boneless Outside Skirt Separable Lean And Fat Trimmed To 0 Inch Fat All Grades Cooked Grilled,Meats,292,20.47,102,70,0,0,0,27.06,0.2,8,5.09,280,3 oz,85
Beef Plate Steak Boneless Outside Skirt Separable Lean And Fat Trimmed To 0 Inch Fat Choice Cooked Grilled,Meats,300,21.62,104,70,0,0,0,26.46,0.2,8,4.95,282,3 oz,85
Beef Plate Steak Boneless Outside Skirt Separable Lean And Fat Trimmed To 0 Inch Fat Select Cooked Grilled,Meats,281,18.75,98,69,0,0,0,27.95,0.1,8,5.33,280,3 oz,85
Beef Plate Steak Boneless Outside Skirt Separable Lean And Fat Trimmed To 0 Inch Fat All Grades Raw,Meats,232,17.59,71,65,0.35,0,0,17.98,0.1,6,3.42,242,3 oz,85
Beef Rib Eye Steak Boneless Lip Off Separable Lean And Fat Trimmed To 0 Inch Fat Select Cooked Grilled,Meats,248,15.9,77,58,0,0,0,26.29,0.1,10,2.28,301,3 oz,85
Beef Rib Eye Steak Boneless Lip Off Separable Lean And Fat Trimmed To 0 Inch Fat All Grades Raw,Meats,228,16.71,68,52,0.12,0,0,19.26,0.1,8,1.81,246,3 oz,85
Beef Rib Eye Steak Boneless Lip Off Separable Lean And Fat Trimmed To 0 Inch Fat Choice Raw,Meats,241,18.43,66,51,0.2,0,0,18.69,0.1,8,1.86,231,3 oz,85
Beef Rib Eye Steak Boneless Lip Off Separable Lean And Fat Trimmed To 0 Inch Fat Select Raw,Meats,208,14.14,61,52,0,0,0,20.12,0.1,7,1.72,268,3 oz,85
Beef Rib Back Ribs Bone-In Separable Lean And Fat Trimmed To 0 Inch Fat Choice Raw,Meats,336,29.89,76,53,0.9,0,0,15.75,NULL,9,1.61,214,3 oz,85
Beef Rib Back Ribs Bone-In Separable Lean And Fat Trimmed To 0 Inch Fat Select Raw,Meats,305,26.23,73,52,0.6,0,0,16.75,0.2,10,1.66,224,3 oz,85
Beef Loin Top Sirloin Petite Roast Boneless Separable Lean Only Trimmed To 0 Inch Fat Choice Cooked Roasted,Meats,173,6.37,88,57,0,0,0,28.97,0.1,5,2.77,379,3 oz,85
Beef Loin Top Sirloin Petite Roast/filet Boneless Separable Lean Only Trimmed To 0 Inch Fat Choice Raw,Meats,132,4.4,68,65,0,0,0,23.03,0.1,5,2.23,395,3 oz,85
Beef Loin Top Sirloin Cap Steak Boneless Separable Lean Only Trimmed To 1/8 Inch Fat Select Raw,Meats,128,4.68,67,52,0,0,0,21.44,0.1,5,1.98,355,3 oz,85
Salted Butter,Dairy and Egg Products,717,81.11,215,643,0.06,0,0.06,0.85,0,24,0.02,24,1 pat (1 inch sq 1/3 inch high),5
Whipped Butter (Salted),Dairy and Egg Products,731,78.3,225,583,0,0,0.06,0.49,0,23,0.05,41,1 pat (1 inch sq 1/3 inch high),3.8
Ghee (Clarified Butter),Dairy and Egg Products,876,99.48,256,2,0,0,0,0.28,0,4,0,5,1 tbsp,12.8
Caraway Cheese,Dairy and Egg Products,376,29.2,93,690,3.06,0,NULL,25.18,NULL,673,0.64,93,1 oz,28.4
Cheddar Cheese,Dairy and Egg Products,403,33.31,99,653,3.37,0,0.48,22.87,0.6,710,0.14,76,1 cup diced,132
Chesire Cheese,Dairy and Egg Products,387,30.6,103,700,4.78,0,NULL,23.37,NULL,643,0.21,95,1 oz,28.4
Colby Cheese,Dairy and Egg Products,394,32.11,95,604,2.57,0,0.52,23.76,0.6,685,0.76,127,1 cup diced,132
Lowfat Cottage Cheese (1%),Dairy and Egg Products,72,1.02,4,406,2.72,0,2.72,12.39,0,61,0.14,86,4 oz,113
Cream Cheese,Dairy and Egg Products,350,34.44,101,314,5.52,0,3.76,6.15,0,97,0.11,132,1 tbsp,14.5
Edam Cheese,Dairy and Egg Products,357,28.57,89,973,1.43,0,0,24.99,0.5,731,0.44,188,1 oz,28.4
Feta Cheese,Dairy and Egg Products,265,21.49,89,1139,3.88,0,0,14.21,0.4,493,0.65,62,1 cup crumbled,150
Egg Yolk Raw Frozen Pasteurized,Dairy and Egg Products,296,25.6,991,67,0.81,0,0.16,15.53,6,134,4.55,121,1 oz,28.4
Egg Yolk Raw Frozen Sugared Pasteurized,Dairy and Egg Products,307,22.82,917,70,10.95,0,10.3,13.87,3.1,124,3.7,105,1 oz,28.4
Fried Eggs,Dairy and Egg Products,196,14.84,401,207,0.83,0,0.4,13.61,2.2,62,1.89,152,1 large,46
Hard Boiled Eggs,Dairy and Egg Products,155,10.61,373,124,1.12,0,1.12,12.58,2.2,50,1.19,126,1 cup chopped,136
Egg Whole Dried Stabilized Glucose Reduced,Dairy and Egg Products,615,43.95,2017,548,2.38,0,NULL,48.17,NULL,222,8.28,515,1 cup sifted,85
Egg White Dried Flakes Stabilized Glucose Reduced,Dairy and Egg Products,351,0.04,0,1156,4.17,0,0,76.92,0,83,0.23,1042,1 oz,28.4
Egg White Dried Powder Stabilized Glucose Reduced,Dairy and Egg Products,376,0.04,0,1238,4.47,0,0,82.4,0,89,0.24,1116,1 cup sifted,107
Egg Yolk Dried,Dairy and Egg Products,669,59.13,2307,149,0.66,0,0.23,33.63,10.4,289,9.56,264,1 cup sifted,67
Egg Substitute Powder,Dairy and Egg Products,444,13,572,800,21.8,0,21.8,55.5,0,326,3.16,744,7/20 oz,9.9
Unsalted Butter,Dairy and Egg Products,717,81.11,215,11,0.06,0,0.06,0.85,0,24,0.02,24,1 pat (1 inch sq 1/3 inch high),5
Shredded Parmesan,Dairy and Egg Products,415,27.34,72,1696,3.41,0,0.9,37.86,0.5,1253,0.87,97,1 tbsp,5
Milk Nonfat Fluid Without Added Vitamin A And Vitamin D (Fat Free Or Skim),Dairy and Egg Products,35,0.18,2,42,4.86,0,5.09,3.37,0,122,0.03,156,1 cup,245
Cheese Goat Semisoft Type,Dairy and Egg Products,364,29.84,79,415,0.12,0,0.12,21.58,0.5,298,1.62,158,1 oz,28.4
Yogurt Greek 2% Fat Key Lime Blend Chobani,NULL,92,1.47,7,40,11.91,0.5,NULL,7.75,NULL,92,0.03,NULL,,NULL
Soft Goat Cheese,Dairy and Egg Products,264,21.08,46,459,0,0,0,18.52,0.4,140,1.9,26,1 oz,28.4
Egg Yolk Raw Frozen Salted Pasteurized,Dairy and Egg Products,275,22.93,912,3487,1.77,0,0.07,14.07,3.1,113,3.4,111,1 oz,28.4
Cheese Mexican Queso Asadero,Dairy and Egg Products,356,25,105,607,4.13,0,0,22.6,0.5,661,0.51,86,1 cup diced,132
Queso Chihuahua,Dairy and Egg Products,374,29.68,105,617,5.56,0,5.56,21.56,0.5,651,0.47,52,1 cup diced,132
Lowfat Cheddar Cheese,Dairy and Egg Products,173,7,21,873,1.91,0,0.52,24.35,0.1,415,0.42,66,1 cup diced,132
Low-Sodium Cheddar Cheese,Dairy and Egg Products,398,32.62,100,21,1.91,0,0.49,24.35,0.6,703,0.72,112,1 cup diced,132
Milk Fluid 1% Fat Without Added Vitamin A And Vitamin D,Dairy and Egg Products,42,0.97,5,44,4.99,0,5.2,3.37,0,125,0.03,150,1 cup,244
Low Fat Sour Cream,Dairy and Egg Products,181,14.1,35,70,7,0,0.3,7,0.3,141,0.06,211,1 tablespoon,12
Sour Cream Light,Dairy and Egg Products,136,10.6,35,83,7.1,0,0.22,3.5,0.2,141,0.07,212,1 tablespoon,12
Fat Free Sour Cream,Dairy and Egg Products,74,0,9,141,15.6,0,0.39,3.1,0,125,0,129,1 tablespoon,12
Yogurt Vanilla Or Lemon Flavor Nonfat Milk Sweetened With Low-Calorie Sweetener,Dairy and Egg Products,43,0.18,2,59,7.5,0,7.5,3.86,0,143,0.12,177,1 container (6 oz),170
Kraft Cheez Whiz Light Pasteurized Process Cheese Product,Dairy and Egg Products,215,9.5,35,1705,16.2,0.2,8.2,16.3,NULL,418,0.16,297,2 tbsp,35
Kraft Free Singles American Nonfat Pasteurized Process Cheese Product,Dairy and Egg Products,148,1,16,1298,11.7,0.2,6.7,22.7,NULL,712,0.05,236,1 slice,21
Kraft Velveeta Pasteurized Process Cheese Spread,Dairy and Egg Products,303,22,80,1499,9.8,0,8.1,16.3,NULL,466,0.18,335,1 oz,28
Kraft Velveeta Light Reduced Fat Pasteurized Process Cheese Product,Dairy and Egg Products,222,10.6,42,1586,11.8,0,8.5,19.6,NULL,574,0.14,345,1 oz,28
Milk Chocolate Fluid Commercial Reduced Fat With Added Calcium,Dairy and Egg Products,78,1.9,8,66,12.13,0.7,9.55,2.99,NULL,194,0.24,123,1 cup,250
Yogurt Fruit Lowfat With Low Calorie Sweetener,Dairy and Egg Products,105,1.41,6,58,18.6,0,2.9,4.86,0,152,0.07,194,1 container (6 oz),170
Cheese Parmesan Dry Grated Reduced Fat,Dairy and Egg Products,265,20,88,1529,1.37,0,0,20,0.4,1109,0.9,125,1 cup,100
Cream Substitute Flavored Liquid,Dairy and Egg Products,251,13.5,0,67,35.07,1.1,33.04,0.69,0,6,0.59,96,1 tbsp,15
Milk Dry Whole Without Added Vitamin D,Dairy and Egg Products,496,26.71,97,371,38.42,0,38.42,26.32,0.5,912,0.47,1330,1 cup,128
Cheese Product Pasteurized Process American Reduced Fat Fortified With Vitamin D,Dairy and Egg Products,240,14.1,53,1201,10.6,0,8.02,17.6,5.3,529,0.2,330,1 slice 3/4 oz,21
Yogurt Fruit Low Fat 9 Grams Protein Per 8 Ounce Fortified With Vitamin D,Dairy and Egg Products,99,1.15,5,53,18.64,0,18.64,3.98,1.3,138,0.06,177,1 container (6 oz),170
Low Fat Fruit Yogurt (With Vitamin D),Dairy and Egg Products,102,1.08,4,58,19.05,0,19.05,4.37,1.3,152,0.07,195,1 container (6 oz),170
Yogurt Fruit Variety Nonfat Fortified With Vitamin D,Dairy and Egg Products,95,0.2,2,58,19,0,19,4.4,1.3,152,0.07,194,1 container (6 oz),170
Protein Supplement Milk Based Muscle Milk Powder,Dairy and Egg Products,411,17.14,21,329,18.5,7.1,5.71,45.71,5,500,8.57,1129,1 tbsp,11
Protein Supplement Milk Based Muscle Milk Light Powder,Dairy and Egg Products,396,12,10,250,22,2,4,50,7,1200,12,840,2 scoop,50
Dulce De Leche,Dairy and Egg Products,315,7.35,29,129,55.35,0,49.74,6.84,0.2,251,0.17,350,1 tbsp,19
Egg Substitute Liquid Or Frozen Fat Free,Dairy and Egg Products,48,0,0,199,2,0,2,10,1.6,73,1.98,213,1/4 cup,60
Yogurt Vanilla Flavor Lowfat Milk Sweetened With Low Calorie Sweetener,Dairy and Egg Products,86,1.25,5,66,13.8,0,5.43,4.93,0,171,0.07,219,1 container,170
Yogurt Frozen Flavors Not Chocolate Nonfat Milk With Low-Calorie Sweetener,Dairy and Egg Products,104,0.8,4,81,19.7,2,12.61,4.4,0,159,0.04,339,1/2 cup,68
Soft Serve Chocolate Ice Cream,Dairy and Egg Products,222,13,91,61,22.2,0.7,21.16,4.1,0.7,131,0.21,177,1/2 cup,86
Ice Cream Bar Or Stick Chocolate Covered,Dairy and Egg Products,331,24.1,28,68,24.5,0.8,18.3,4.1,0.2,119,0.29,305,1 bar,50
Fat Free Ice Cream No Sugar Added Flavors Other Than Chocolate,Dairy and Egg Products,133,0,0,110,28.86,7.4,8.82,4.41,0,147,0,196,1/2 cup,68
Table Salt,Spices and Herbs,0,0,0,38758,0,0,0,0,0,24,0.33,8,1 tsp,6
Apple Cider Vinegar,Spices and Herbs,21,0,0,5,0.93,0,0.4,0,0,7,0.2,73,1 tbsp,14.9
Thyme (Fresh),Spices and Herbs,101,1.68,0,9,24.45,14,NULL,5.56,0,405,17.45,609,1 tsp,0.8
Vanilla Extract,Spices and Herbs,288,0.06,0,9,12.65,0,12.65,0.06,0,11,0.12,148,1 tsp,4.2
Horseradish,Spices and Herbs,48,0.69,0,420,11.29,3.3,7.99,1.18,0,56,0.42,246,1 tsp,5
Rosemary,Spices and Herbs,131,5.86,0,26,20.7,14.1,NULL,3.31,0,317,6.65,668,1 tsp,0.7
Peppermint,Spices and Herbs,70,0.94,0,31,14.89,8,NULL,3.75,0,243,5.08,569,2 leaves,0.1
Spearmint,Spices and Herbs,44,0.73,0,30,8.41,6.8,NULL,3.29,0,199,11.87,458,2 leaves,0.3
Seasoning Mix Dry Chili Original,Spices and Herbs,335,7.3,0,4616,56.56,10.8,8.67,10.82,NULL,0,3.9,NULL, tbsp,9
Clif Z Bar,Baby Foods,416,9.72,0,375,74.72,8.3,30.56,5.55,0,444,2.7,333,,NULL
Babyfood Juice Treats Fruit Medley Toddler,Baby Foods,347,0.02,0,89,86.68,0,57.4,0,0,12,0.24,54,1 packet,28
Babyfood Meat Beef Strained,Baby Foods,81,2.52,51,41,2.43,0,0,12.03,0.4,5,0.98,187,1 tbsp,14.7
Babyfood Meat Ham Junior,Baby Foods,97,3.8,29,44,3.7,0,0,11.3,0.4,5,1.01,210,1 oz,28.4
Babyfood Meat Lamb Strained,Baby Foods,94,3.41,36,43,0.85,0,0,14.07,0.1,7,1.19,193,1 tbsp,22
Babyfood Meat Lamb Junior,Baby Foods,112,5.2,38,42,0,0,0,15.2,0.1,7,1.66,211,1 oz,28.4
Babyfood Meat Chicken Strained,Baby Foods,130,7.9,61,49,0.1,0,0,13.7,0.3,64,1.4,141,1 tbsp,15
Babyfood Meat Turkey Sticks Junior,Baby Foods,188,14.2,65,295,1.4,0.2,1.4,13.7,0.4,83,0.92,120,1 stick,10
Babyfood Snack Gerber Graduate Fruit  Strips Real Fruit Bars,Baby Foods,330,2.24,0,14,76.61,2,68.65,0.82,0,18,1.05,312,1 bar,9.9
Babyfood Meat Meat Sticks Junior,Baby Foods,184,14.6,70,267,1.1,0.2,0.8,13.4,0.2,34,1.38,114,1 stick,10
Babyfood Gerber 2nd Foods Apple Carrot And Squash Organic,Baby Foods,64,0,2,20,14.82,1.2,9.09,1.1,0,6,0.15,106,,NULL
Babyfood Dinner Vegetables And Dumplings And Beef Junior,Baby Foods,48,0.8,NULL,52,8,NULL,0,2.1,NULL,14,0.47,47,1 oz,28.4
Babyfood Dinner Beef Lasagna Toddler,Baby Foods,77,2.1,NULL,41,10,NULL,0,4.2,NULL,18,0.87,122,1 oz,28.4
Babyfood Dinner Macaroni And Tomato And Beef Strained,Baby Foods,61,1.47,7,38,9.45,1.2,2.09,2.36,0,17,0.46,112,1 tbsp,16
Babyfood Dinner Macaroni And Tomato And Beef Junior,Baby Foods,59,1.1,4,35,9.4,1.1,2.43,2.5,0,14,0.36,72,1 tbsp,16
Babyfood Dinner Spaghetti And Tomato And Meat Junior,Baby Foods,68,1.37,5,30,11.42,1.1,2.72,2.57,0,15,0.53,122,1 tbsp,16
Babyfood Dinner Spaghetti And Tomato And Meat Toddler,Baby Foods,75,1,NULL,239,10.8,NULL,NULL,5.3,NULL,22,0.9,163,1 oz,28.4
Babyfood Dinner Vegetables And Beef Strained,Baby Foods,77,3.6,7,31,8.84,1.3,2.34,2.21,0,17,0.35,145,1 cup,256
Babyfood Dinner Vegetables And Beef Junior,Baby Foods,77,3.6,7,31,8.84,1.3,2.34,2.21,0,17,0.35,145,1 cup,256
Babyfood Dinner Chicken Soup Strained,Baby Foods,50,1.7,4,16,7.2,1.1,1.72,1.6,0.1,37,0.27,66,1 jar beech-nut stage 2 (4 oz),113
Babyfood Dinner Chicken Stew Toddler,Baby Foods,78,3.7,29,25,6.4,0.6,1.68,5.2,0.2,36,0.66,92,1 tbsp,16
Babyfood Dinner Vegetables Chicken Strained,Baby Foods,59,1.73,11,24,8.42,2.1,1.58,2.47,0.1,27,0.53,158,1 cup,256
Babyfood Dinner Vegetables Noodles And Chicken Strained,Baby Foods,63,2.5,NULL,20,7.9,1.1,NULL,2,NULL,28,0.35,55,1 oz,28.4
Babyfood Dinner Turkey And Rice Junior,Baby Foods,56,0.92,4,23,9.57,1,1.25,2.37,0,24,0.41,86,1 tbsp,16
Babyfood Dinner Vegetables And Turkey Strained,Baby Foods,48,0.9,4,20,7.62,1.5,1.54,2.32,0,27,0.37,102,1 cup,256
Babyfood Dinner Vegetables And Turkey Junior,Baby Foods,53,1.74,4,45,7.55,0.9,1.36,1.72,0,16,0.36,98,1 cup,256
Babyfood Dinner Macaroni And Cheese Strained,Baby Foods,67,2.11,7,88,8.95,0.7,1.27,3.14,0,66,0.21,67,1 oz,28.4
Babyfood Vegetable Green Beans And Potatoes,Baby Foods,62,1.9,5,18,9,1.4,2.35,2.2,0,60,0.5,148,1 jar gerber (4 oz),113
Babyfood Vegetables Beets Strained,Baby Foods,34,0.1,0,83,7.7,1.9,6.09,1.3,0,14,0.32,182,1 cup,224
Babyfood Vegetables Carrots Strained,Baby Foods,26,0.1,0,69,6,1.7,3.64,0.8,0,22,0.37,196,1 cup,224
Babyfood Vegetables Carrots Junior,Baby Foods,32,0.2,0,49,7.2,1.7,3.16,0.8,0,23,0.39,202,1 cup,224
Babyfood Potatoes Toddler,Baby Foods,52,0.1,0,57,11.73,0.9,0.91,1,0,4,0.2,110,1 cup,163
Babyfood Cereal Oatmeal Dry Gerber Single Grain Fortified,NULL,396,6.42,0,23,73.57,7,12.27,10.94,12.7,1245,64.03,597,,NULL
Babyfood Vegetable Butternut Squash And Corn,Baby Foods,50,0.6,0,5,9.26,2,2.93,2,0,32,0.4,352,1 jar gerber (4 oz),113
Babyfood Apples Dices Toddler,Baby Foods,50,0.36,0,2,11.56,1.9,10.48,0.19,0,4,0.08,86,1 oz,28.4
Babyfood Fruit Applesauce Strained,Baby Foods,41,0.2,0,0,10.8,1.7,9.87,0.2,0,4,0.22,71,1 tbsp,16
Babyfood Dinner Vegetables And Chicken Junior,Baby Foods,53,1.12,7,34,8.66,1.1,1.46,2.04,0,27,0.33,83,1 cup,256
Babyfood Dinner Mixed Vegetable Strained,Baby Foods,41,0.1,NULL,38,9.5,NULL,NULL,1.2,NULL,22,0.33,121,1 oz,28.4
Babyfood Vegetables Mix Vegetables Strained,Baby Foods,36,0.5,0,0,8.25,1.5,1.57,1,0,13,0.32,127,1 oz,28.4
Babyfood Dinner Beef Noodle Junior,Baby Foods,57,1.9,8,26,7.3,1.1,1.45,2.5,0,8,0.43,46,1 tbsp,16
Babyfood Apples With Ham Strained,Baby Foods,62,0.9,8,9,10.9,1.8,7.98,2.6,0.1,4,0.3,120,1 tbsp,15
Babyfood Carrots And Beef Strained,Baby Foods,59,2.5,8,69,5.7,2.6,2.04,3.4,0,22,0.5,226,1 tbsp,15
Babyfood Beverage Gerber Graduate Fruit Splashers,Baby Foods,29,0,0,11,7.35,0,6.12,0,0,71,0,22,4 oz,113
Babyfood Snack Gerber Graduate Yogurt Melts,Baby Foods,380,4,0,286,71.82,2.3,57.14,14.29,0.1,457,0,714,1 serving,7
Babyfood Dinner Sweet Potatoes And Chicken Strained,Baby Foods,74,2.17,11,22,11.04,1.3,2.65,2.51,0.1,30,0.45,200,1 tbsp,16
Infant Formula Mead Johnson Enfamil 24 Ready To Feed With Ara And Dha,NULL,71,4.1,4,21,6.93,0,8.1,1.64,1.5,61,1.41,84,,NULL
Infant Formula Mead Johnson Enfamil Enspire Powder With Ara And Dha Not Reconstituted,NULL,514,27,32,135,57.2,0,53,10.5,7.5,390,9,540,,NULL
Infant Formula Mead Johnson Enfamil Reguline Ready To Feed With Ara And Dha,NULL,68,3.5,2,24,7.6,NULL,3.8,1.51,1,54,0.98,71,,NULL
Infant Formula Mead Johnson Gentlease Ready To Feed With Ara And Dha,NULL,68,3.5,NULL,NULL,7.61,NULL,1.93,1.5,1,54,1.18,84,,NULL
Toddler Formula Mead Johnson Nutramigen Toddler With Lgg Powder With Ara And Dha Not Reconstituted,NULL,485,21,NULL,178,61.97,NULL,25,12,7.2,620,7.7,590,,NULL
Infant Formula Mead Johnson Pregestimil 20 Calories Ready To Feed With Ara And Dha,NULL,69,3.7,NULL,31,7,NULL,0.02,1.84,0.8,62,1.18,72,,NULL
Babyfood Cereal High Protein Prepared With Whole Milk,Baby Foods,111,3.8,NULL,49,11.6,NULL,NULL,8.7,NULL,218,12.14,349,1 oz,28.4
Babyfood Cereal Mixed Prepared With Whole Milk,Baby Foods,96,3.38,9,42,12.3,0.8,4.78,4.14,1.1,220,10.43,166,1 oz,28.4
Babyfood Cereal Mixed With Bananas Prepared With Whole Milk,Baby Foods,86,3.46,10,48,10,0.4,5.9,3.82,1.2,153,3.63,178,1 oz,28.4
Babyfood Cereal Oatmeal Prepared With Whole Milk,Baby Foods,116,4.1,11,46,15.3,1.1,NULL,5,NULL,220,12.14,204,1 oz,28.4
Babyfood Cereal Mixed With Honey Prepared With Whole Milk,Baby Foods,115,3.6,NULL,48,15.9,NULL,NULL,5,NULL,294,11.27,171,1 oz,28.4
Babyfood Cereal High Protein With Apple And Orange Prepared With Whole Milk,Baby Foods,112,3.9,NULL,58,13.4,NULL,NULL,6.9,NULL,223,14.42,346,1 oz,28.4
Babyfood Cereal Rice With Bananas Prepared With Whole Milk,Baby Foods,86,3.32,10,47,10.49,0.1,6.13,3.57,1.2,156,3.63,180,1 oz,28.4
Infant Formula Nestle Good Start Supreme With Iron Liquid Concentrate Not Reconstituted,Baby Foods,127,6.5,2,34,14.2,0,9.7,2.79,1.9,81,1.9,137,1 fl oz,31.4
Infant Formula Nestle Good Start Supreme With Iron Powder,Baby Foods,509,26.1,32,138,57.32,0,39.3,11.3,7.7,343,7.7,553,1 scoop,8.7
Infant Formula Mead Johnson Enfamil Lipil Low Iron Liquid Concentrate With Ara And Dha,Baby Foods,131,7.16,2,39,14.24,0,14.24,2.76,2,102,0.92,142,1 fl oz,31.3
Infant Formula Mead Johnson Pregestimil With Iron Powder Not Reconstituted,Baby Foods,517,28,2,240,52.2,0,4.1,14,6.3,470,9,550,1 scoop,8.8
Infant Formula Mead Johnson Pregestimil With Iron Prepared From Powder,Baby Foods,67,3.7,0,31,6.54,0,0.53,1.86,0.8,62,1.19,73,1 serving 100 ml,103
Infant Formula Mead Johnson Prosobee With Iron Ready-To-Feed,Baby Foods,63,3.5,0,23,6.11,0,6.11,1.64,1,69,1.18,79,1 serving 100 ml,106
Infant Formula Abbott Nutrition Similac Isomil With Iron Ready-To-Feed,Baby Foods,66,3.59,0,29,6.7,0,6.7,1.61,1,69,1.18,71,1 fl oz,30.5
Infant Formula Abbott Nutrition Similac Isomil With Iron Liquid Concentrate,Baby Foods,128,6.98,0,56,13.21,0,13.1,3.13,1.9,134,2.3,138,1 fl oz,31.4
Infant Formula Abbott Nutrition Similac Isomil With Iron Powder Not Reconstituted,Baby Foods,517,28.09,0,226,53.57,0,52.97,12.6,7.7,540,9.26,555,1 scoop,8.7
Infant Formula Mead Johnson Enfamil Nutramigen Lipil With Iron Liquid Concentrate Not Reconstituted With Ara And Dha,Baby Foods,68,3.5,0,31,7.2,0,7,1.84,0.8,62,1.18,72,1 fl oz,31.6
Infant Formula Mead Johnson Enfamil Prosobee Lipil With Iron Powder Not Reconstituted With Ara And Dha,Baby Foods,512,27,0,183,54.6,0,0.1,12.7,7.8,530,9.5,610,1 scoop,8.8
Infant Formula Abbott Nutrition Similac With Iron Powder Not Reconstituted,Baby Foods,522,28.87,14,126,54.73,0,54.73,10.89,7.9,410,9.47,552,1 scoop,8.5
Infant Formula Mead Johnson Enfamil Prosobee Lipil Liquid Concentrate Not Reconstituted With Ara And Dha,Baby Foods,67,3.4,0,23,7.58,0,0.97,1.63,1,68,1.17,78,1 fl oz,31.3
Infant Formula Mead Johnson Prosobee Lipil With Iron Ready To Feed With Ara And Dha,Baby Foods,64,3.5,0,24,6.47,0,0.97,1.64,1,69,1.18,79,1 serving 100 ml,106
Infant Formula Nestle Good Start Soy With Dha And Ara Ready-To-Feed,Baby Foods,64,3.28,2,26,7.13,0,5.68,1.6,1,67,1.15,74,1 oz,29
Child Formula Abbott Nutrition Pediasure Ready-To-Feed With Iron And Fiber,Baby Foods,99,4.7,2,36,11.28,0.5,7.6,2.8,1.2,92,1.32,124,1 fl oz,31
Infant Formula Nestle Good Start Essentials Soy With Iron Powder,Baby Foods,502,25.5,0,180,55.7,0,44.38,12.5,7.7,526,9,581,1 scoop,8.5
Infant Formula Mead Johnson Next Step Prosobee Powder Not Reconstituted,Baby Foods,480,21,0,171,57.1,0,56,15.6,7.1,920,9.5,570,1 scoop,9.3
Infant Formula Mead Johnsonnext Step Prosobee Prepared From Powder,Baby Foods,67,2.91,0,23,8.08,0,7.77,2.14,1,128,1.31,79,1 fl oz,30.5
Infant Formula Pbm Products Store Brand Powder,Baby Foods,524,28,32,118,56,0,56,12,7.6,331,9.5,441,1 scoop,8.4
Infant Formula Pbm Products Store Brand Soy Ready-To-Feed,Baby Foods,63,3.5,0,18,6.09,0,6.1,1.8,0.9,59,1.18,69,1 fl oz,30.4
Infant Formula Pbm Products Store Brand Soy Liquid Concentrate Not Reconstituted,Baby Foods,126,7,0,36,12.18,0,12.18,3.6,2.1,118,2.36,138,1 fl oz,31.4
Infant Formula Pbm Products Store Brand Soy Powder,Baby Foods,508,27.2,0,151,52.2,0,52.2,13.6,7.6,453,9.1,528,1 scoop,8.7
Infant Formula Abbott Nutrition Similac Sensitive (Lactose Free) Liquid Concentrate With Ara And Dha,Baby Foods,128,6.95,4,39,13.64,0,13.78,2.73,1.9,108,2.32,138,1 fl oz,30.5
Infant Formula Abbott Nutrition Similac Sensitive (Lactose Free) Powder With Ara And Dha,Baby Foods,520,28.14,15,158,55.67,0,55.67,11.13,9.2,436,9.33,557,1 fl oz,30.5
Infant Formula Abbott Nutrition Similac Advance With Iron Ready-To-Feed,Baby Foods,66,3.7,2,16,6.77,0,6.77,1.36,1,53,1.18,69,1 fl oz,30.4
Infant Formula Abbott Nutrition Similac Advance With Iron Powder Not Reconstituted,Baby Foods,522,28.87,14,126,54.73,0,54.73,10.89,7.9,410,9.47,552,1 scoop,8.5
Salad Dressing Blue Or Roquefort Cheese Dressing Commercial Regular,Fats and Oils,484,51.1,31,642,4.77,0.4,3.48,1.37,0.1,37,0.09,88,1 tbsp,15
Oil Cupu Assu,Fats and Oils,884,100,0,0,0,0,0,0,NULL,0,NULL,0,1 tablespoon,13.6
Rendered Chicken Fat,Fats and Oils,900,99.8,85,0,0,0,0,0,4.8,0,0,0,1 tbsp,12.8
Oil Soybean Salad Or Cooking (Partially Hydrogenated) And Cottonseed,Fats and Oils,884,100,0,0,0,0,0,0,0,0,0,0,1 tablespoon,13.6
Shortening,Fats and Oils,900,100,56,0,0,0,NULL,0,NULL,0,0,0,1 tbsp,12.8
Shortening Frying (Heavy Duty) Beef Tallow And Cottonseed,Fats and Oils,900,100,100,0,0,0,NULL,0,NULL,0,0,0,1 tbsp,12.8
Shortening Confectionery Coconut (Hydrogenated) And Or Palm Kernel (Hydrogenated),Fats and Oils,884,100,0,0,0,0,0,0,0,0,0,0,1 tbsp,12.8
Shortening Industrial Soybean (Hydrogenated) And Cottonseed,Fats and Oils,884,100,0,0,0,0,0,0,0,0,0,0,1 tbsp,12.8
Oil Ucuhuba Butter,Fats and Oils,884,100,0,0,0,0,0,0,NULL,0,0,0,1 tbsp,13.6
Fat Turkey,Fats and Oils,900,99.8,102,0,0,0,0,0,4.8,0,0,0,1 tbsp,12.8
Fat Goose,Fats and Oils,900,99.8,100,0,0,0,NULL,0,NULL,0,0,0,1 tbsp,12.8
Avocado Oil,Fats and Oils,884,100,NULL,0,0,0,NULL,0,NULL,0,0,0,1 tbsp,14
Shortening Special Purpose For Cakes And Frostings Soybean (Hydrogenated),Fats and Oils,884,100,0,0,0,0,0,0,NULL,0,0,0,1 tbsp,12.8
Shortening Special Purpose For Baking Soybean (Hydrogenated) Palm And Cottonseed,Fats and Oils,884,100,0,0,0,0,0,0,NULL,0,0,0,1 tbsp,12.8
Oil Oat,Fats and Oils,884,100,0,0,0,0,0,0,NULL,0,0,0,1 tbsp,13.6
Cod Liver Oil,Fats and Oils,902,100,570,0,0,0,NULL,0,250,0,0,0,1 tsp,4.5
Sardine Oil,Fats and Oils,902,100,710,0,0,0,NULL,0,8.3,0,0,0,1 tbsp,13.6
Hydrogenated Soybean And Palm Oil,Fats and Oils,884,100,0,0,0,0,NULL,0,NULL,0,0,0,1 tbsp,12.8
Margarine-Like Vegetable Oil-Butter Spread Tub With Salt,Fats and Oils,362,40,0,786,1,0,0,1,0,24,0.04,36,1 tablespoon,14
Butter Light Stick With Salt,Fats and Oils,499,55.1,106,450,0,0,0,3.3,0,48,1.09,71,1 tablespoon,14
Margarine-Like Vegetable Oil Spread 60% Fat Tub With Salt,Fats and Oils,533,59.81,1,615,0.86,0,0,0.17,0,21,0,30,1 tbsp,14
Margarine-Like Vegetable Oil Spread 60% Fat Stick/tub/bottle With Salt,Fats and Oils,526,59.17,1,700,0,0,0,0.6,0,21,0,30,1 tbsp,14.3
Vegetable Shortening,Fats and Oils,884,99.97,0,4,0,0,0,0,0,1,0.07,0,1 tbsp,12.8
Margarine (Unsalted),Fats and Oils,717,80.71,0,2,0.7,0,0,0.16,0,3,0.06,18,1 tbsp,14.2
Margarine-Like Spread With Yogurt Approximately 40% Fat Tub With Salt,Fats and Oils,330,35,0,630,2,0,0,2,0,50,0.02,64,1 tablespoon,14
Margarine 80% Fat Stick Includes Regular And Hydrogenated Corn And Soybean Oils,Fats and Oils,717,80.71,0,654,0.7,0,NULL,0.16,NULL,3,0.12,18,1 tbsp,14
Margarine Margarine-Type Vegetable Oil Spread 70% Fat Soybean And Partially Hydrogenated Soybean Stick,Fats and Oils,628,70.22,0,700,1.53,NULL,NULL,0.26,NULL,7,0.12,46,1 tbsp (1 nlea serving),14
Margarine Spread Approximately 48% Fat Tub,Fats and Oils,401,44.46,NULL,716,0,0,NULL,0.27,11.8,2,0.06,17,1 tbsp,14
Salad Dressing Italian Dressing Fat-Free,Fats and Oils,47,0.87,2,1129,8.75,0.6,8.85,0.97,0,30,0.4,102,1 tbsp,14
Salad Dressing Ranch Dressing Fat-Free,Fats and Oils,119,1.92,7,897,26.51,0.1,5.35,0.25,NULL,50,1.05,111,1 tablespoon,14
Salad Dressing Ranch Dressing Regular,Fats and Oils,430,44.54,26,901,5.9,0,4.69,1.32,0.1,28,0.3,64,1 tablespoon,15
Salad Dressing Ranch Dressing Reduced Fat,Fats and Oils,196,12.42,16,1120,21.33,1.1,3.77,1.25,0,40,0.69,132,1 tablespoon,15
Salad Dressing Mayonnaise Light,Fats and Oils,238,22.22,16,827,9.23,0,3.56,0.37,0,6,0.14,31,1 tablespoon,15
Oil Industrial Coconut Principal Uses Candy Coatings Oil Sprays Roasting Nuts,Fats and Oils,884,100,0,0,0,0,0,0,NULL,0,0.04,0,1 tbsp,13.6
Oil Industrial Soy (Partially Hydrogenated) Principal Uses Popcorn And Flavoring Vegetables,Fats and Oils,884,100,0,0,0,0,0,0,NULL,0,0,0,1 tbsp,13.6
Shortening Industrial Soy (Partially Hydrogenated) Pourable Liquid Fry Shortening,Fats and Oils,884,100,0,0,0,0,0,0,NULL,0,0,0,1 tbsp,13.6
Oil Industrial Soy Refined For Woks And Light Frying,Fats and Oils,884,100,0,0,0,0,0,0,NULL,0,0.02,0,1 tbsp,13.6
Margarine-Like Shortening Industrial Soy (Partially Hydrogenated) Cottonseed And Soy Principal Use Flaky Pastries,Fats and Oils,628,71,0,864,0,0,0,0,NULL,0,0,0,1 tbsp,14
Oil Industrial Palm Kernel Confection Fat Uses Similar To High Quality Cocoa Butter,Fats and Oils,884,100,0,6,0,0,0,0,NULL,1,0.29,2,1 tbsp,13.6
Oil Industrial Palm Kernel (Hydrogenated) Confection Fat Uses Similar To 95 Degree Hard Butter,Fats and Oils,884,100,0,6,0,0,0,0,NULL,1,0.15,1,1 tbsp,13.6
Oil Industrial Palm Kernel (Hydrogenated) Confection Fat Intermediate Grade Product,Fats and Oils,884,100,0,6,0,0,0,0,NULL,1,0.15,1,1 tbsp,13.6
Oil Industrial Palm Kernel (Hydrogenated) Filling Fat,Fats and Oils,884,100,0,6,0,0,0,0,NULL,2,0.15,1,1 tbsp,13.6
Oil Industrial Soy (Partially Hydrogenated ) Palm Principal Uses Icings And Fillings,Fats and Oils,884,100,0,0,0,0,0,0,NULL,0,0,0,1 tbsp,13.6
Margarine Industrial Non-Dairy Cottonseed Soy Oil (Partially Hydrogenated ) For Flaky Pastries,Fats and Oils,714,80.2,0,879,0,0,0,1.9,0,66,0,94,1 tbsp,14
Shortening Industrial Soy (Partially Hydrogenated ) And Corn For Frying,Fats and Oils,884,100,0,0,0,0,0,0,0,0,0,0,1 tbsp,12.8
Shortening Industrial Soy (Partially Hydrogenated ) For Baking And Confections,Fats and Oils,884,100,0,0,0,0,0,0,NULL,0,0,0,1 tbsp,12.8
Margarine-Like Spread Smart Beat Super Light Without Saturated Fat,Fats and Oils,158,17.1,0,755,0,0,0,0,NULL,NULL,NULL,12,1 tablespoon,14
Margarine-Like Spread Smart Beat Smart Squeeze,Fats and Oils,47,2.1,0,829,7.1,0,1,0,NULL,NULL,NULL,26,1 tablespoon,14
Margarine-Like Spread Smart Balance Omega Plus Spread (With Plant Sterols & Fish Oil),Fats and Oils,605,70.95,23,729,0.16,0,0,0.13,NULL,NULL,NULL,71,1 tablespoon,14
Chicken Broilers Or Fryers Drumstick Meat And Skin Cooked Fried Flour,Meats,245,13.72,90,89,1.63,0.1,NULL,26.96,NULL,12,1.34,229,1 unit (yield from 1 lb ready-to-cook chicken),29
Roasted Chicken Drumsticks,Meats,191,10.15,130,123,0,0,0,23.35,0.1,11,1.11,247,1 drumstick with skin (yield from 1 lb ready-to-cook chicken),105
Chicken Broilers Or Fryers Drumstick Meat And Skin Cooked Stewed,Meats,204,10.64,83,76,0,0,0,25.32,0.1,11,1.33,184,1 cup chopped or diced,140
Raw Skinless Chicken Drumstick,Meats,116,3.71,89,114,0,0,0,19.41,0,9,0.76,225,1 drumstick  with skin,130
Chicken Broilers Or Fryers Leg Meat And Skin Cooked Fried Batter,Meats,273,16.17,90,279,8.72,0.3,NULL,21.77,NULL,18,1.4,189,1 unit (yield from 1 lb ready-to-cook chicken),95
Chicken Broilers Or Fryers Leg Meat And Skin Cooked Fried Flour,Meats,254,14.43,94,88,2.5,0.1,NULL,26.84,NULL,13,1.43,233,1 unit (yield from 1 lb ready-to-cook chicken),67
Roasted Chicken Leg,Meats,184,8.99,127,98,0,0,0,24.03,0.1,12,1.09,264,3 oz,85
Chicken Broilers Or Fryers Leg Meat And Skin Cooked Stewed,Meats,220,12.92,84,73,0,0,0,24.17,0.1,11,1.35,176,1 cup chopped or diced,140
Boneless Skinless Chicken Leg (Raw),Meats,120,4.22,91,96,0,0,0,19.16,0,10,0.78,238,3 oz,85
Chicken Broilers Or Fryers Neck Meat And Skin Cooked Fried Batter,Meats,330,23.52,91,276,8.7,NULL,NULL,19.82,NULL,31,2.15,151,1 unit (yield from 1 lb ready-to-cook chicken),16
Chicken Broilers Or Fryers Neck Meat And Skin Cooked Fried Flour,Meats,332,23.61,94,82,4.24,NULL,NULL,24.01,NULL,31,2.42,180,1 unit (yield from 1 lb ready-to-cook chicken),11
Chicken Broilers Or Fryers Neck Meat And Skin Cooked Simmered,Meats,247,18.1,70,52,0,0,0,19.61,0.1,27,2.3,108,1 unit (yield from 1 lb ready-to-cook chicken),11
Chicken Broilers Or Fryers Neck Meat Only Raw,Meats,154,8.78,83,81,0,0,NULL,17.55,NULL,27,2.06,175,1 unit (yield from 1 lb ready-to-cook chicken),6
Chicken Broilers Or Fryers Thigh Meat And Skin Cooked Fried Flour,Meats,262,14.98,97,88,3.18,0.1,NULL,26.75,NULL,14,1.49,237,1 unit (yield from 1 lb ready-to-cook chicken),38
Roasted Chicken Thigh,Meats,232,14.71,133,102,0,0,0,23.26,0.2,9,1.08,253,1 thigh with skin,137
Chicken Broilers Or Fryers Thigh Meat And Skin Cooked Stewed,Meats,232,14.74,84,71,0,0,0,23.26,0.1,11,1.37,170,1 unit (yield from 1 lb ready-to-cook chicken),41
Raw Boneless Skinless Thigh Meat,Meats,121,4.12,94,95,0,0,0,19.66,0,7,0.81,242,1 thigh without skin,149
Chicken Broilers Or Fryers Wing Meat And Skin Cooked Fried Batter,Meats,324,21.81,79,320,10.94,0.3,NULL,19.87,NULL,20,1.29,138,1 unit (yield from 1 lb ready-to-cook chicken),29
Chicken Broilers Or Fryers Wing Meat And Skin Cooked Fried Flour,Meats,321,22.16,81,77,2.39,0.1,NULL,26.11,NULL,15,1.25,177,1 unit (yield from 1 lb ready-to-cook chicken),19
Roasted Chicken Wings,Meats,254,16.87,141,98,0,0,0,23.79,0.2,18,0.84,212,1 piece,85
Chicken Broilers Or Fryers Wing Meat And Skin Cooked Stewed,Meats,249,16.82,70,67,0,0,0,22.78,0.1,12,1.13,139,1 cup chopped or diced,140
Chicken Broilers Or Fryers Wing Meat Only Raw,Meats,126,3.54,57,81,0,0,0,21.97,0.1,13,0.88,194,1 wing bone and skin removed (yield from 1 lb ready-to-cook chicken),17
Chicken Roasting Meat And Skin And Giblets And Neck Cooked Roasted,Meats,220,13.07,94,71,0.05,0,NULL,23.96,NULL,13,1.61,204,3 oz,85
Canada Goose Breast Meat Skinless Raw,Meats,133,4.02,80,50,0,0,0,24.31,NULL,4,5.91,336,3 oz,85
Chicken Roasting Meat And Skin Cooked Roasted,Meats,223,13.39,76,73,0,0,NULL,23.97,NULL,12,1.26,211,3 oz,85
Chicken Roasting Meat Only Raw,Meats,111,2.7,65,75,0,0,0,20.33,NULL,10,1.03,238,3 oz,85
Chicken (Light Meat),Meats,153,4.07,75,51,0,0,0,27.13,0.1,13,1.08,236,1 cup chopped or diced,140
Chicken Roasting Dark Meat Meat Only Raw,Meats,113,3.61,72,95,0,0,0,18.74,NULL,9,1.15,227,1 unit (yield from 1 lb ready-to-cook chicken),113
Chicken Roasting Dark Meat Meat Only Cooked Roasted,Meats,178,8.75,75,95,0,0,NULL,23.25,NULL,11,1.33,224,1 cup chopped or diced,140
Chicken Stewing Meat And Skin And Giblets And Neck Raw,Meats,251,19.52,87,71,0.19,0,NULL,17.48,NULL,10,1.51,204,3 oz,85
Chicken Stewing Giblets Raw,Meats,168,9.21,240,77,2.13,0,NULL,17.89,NULL,10,5.93,226,1 unit (yield from 1 lb ready-to-cook chicken),28
Chicken Stewing Giblets Cooked Simmered,Meats,194,9.3,355,56,0.11,0,NULL,25.73,NULL,13,6.44,154,1 cup chopped or diced,145
Chicken Stewing Light Meat Meat Only Raw,Meats,137,4.21,47,53,0,0,0,23.1,NULL,11,0.92,261,1 unit (yield from 1 lb ready-to-cook chicken),89
Chicken Stewing Light Meat Meat Only Cooked Stewed,Meats,213,7.98,70,58,0,0,NULL,33.04,NULL,14,1.19,199,1 cup chopped or diced,140
Chicken Capons Meat And Skin Raw,Meats,234,17.07,75,45,0,0,0,18.77,NULL,11,1.09,217,3 oz,85
Chicken Capons Meat And Skin Cooked Roasted,Meats,229,11.65,86,49,0,0,NULL,28.96,NULL,14,1.49,255,3 oz,85
Tap Water,Beverages,0,0,0,4,0,0,0,0,0,3,0,0,1 fl oz,29.6
Coffee Substitute Cereal Grain Beverage Powder Prepared With Whole Milk,Beverages,65,3.3,13,49,5.6,0.1,NULL,3.3,NULL,119,0.11,172,6 fl oz,185
Dairy Drink Mix Chocolate Reduced Calorie With Low-Calorie Sweeteners Powder,Beverages,329,2.6,24,659,51.4,9.4,32.94,25,4.7,1412,7.7,2240,1 packet (.75 oz),21
Dairy Drink Mix Chocolate Reduced Calorie With Aspartame Powder Prepared With Water And Ice,Beverages,29,0.23,2,61,4.51,0.8,2.89,2.19,NULL,127,0.68,197,1 serving,243
Orange-Flavor Drink Breakfast Type With Pulp Frozen Concentrate. Not Manufactured Anymore.,Beverages,172,0.5,0,24,42.9,0.2,11.7,0.1,0,130,0.26,435,1 fl oz,35.3
Orange-Flavor Drink Breakfast Type With Pulp Frozen Concentrate Prepared With Water,Beverages,49,0.14,0,10,12.21,0,11.91,0.03,NULL,39,0.08,124,1 fl oz,31
Cranberry Juice Cocktail Frozen Concentrate,Beverages,201,0,0,4,51.45,0.2,42.5,0.05,NULL,11,0.3,49,1 fl oz,36.2
Cranberry Juice Cocktail Frozen Concentrate Prepared With Water,Beverages,47,0,0,4,11.81,0,9.76,0.01,NULL,5,0.07,12,1 fl oz,29.6
Water Bottled Non-Carbonated Dannon,Beverages,0,0,NULL,0,0,NULL,NULL,0,NULL,3,0,0,1 fl oz,29.6
Water Bottled Non-Carbonated Pepsi Aquafina,Beverages,0,0,NULL,0,0,NULL,NULL,0,NULL,0,0,0,1 fl oz,29.6
Water Bottled Non-Carbonated Naya,Beverages,0,0,NULL,1,0,NULL,NULL,0,NULL,4,NULL,0,1 fl oz,29.6
Water Bottled Non-Carbonated Dannon Fluoride To Go,Beverages,0,0,NULL,1,0.03,NULL,NULL,0,NULL,3,0.01,0,1 fl oz,29.6
Drink Mix Quaker Oats Gatorade Orange Flavor Powder,Beverages,388,1.23,0,63,94.11,0,80.5,0,NULL,40,0.34,30,1 scoop powder,23
Pepsico Quaker Gatorade G Performance O 2 Ready-To-Drink.,Beverages,26,0,0,39,6.43,0,5.24,0,0,1,0.05,15,1 fl oz,30.5
Whiskey Sour Mix Bottled With Added Potassium And Sodium,Beverages,84,0.1,0,33,21.4,0,NULL,0.1,NULL,2,0.11,7,1 fl oz,32.3
Alcoholic Beverage Whiskey Sour,Beverages,149,0.03,0,20,13.17,0,NULL,0,NULL,1,0.08,5,1 fl oz,30.4
94 Proof Liquor,Beverages,275,0,0,1,0,0,NULL,0,NULL,0,0.04,2,1 fl oz,27.8
100 Proof Liquor,Beverages,295,0,0,1,0,0,NULL,0,NULL,0,0.04,2,1 fl oz,27.8
Alcoholic Beverage Liqueur Coffee 63 Proof,Beverages,308,0.3,0,8,32.2,0,32.2,0.1,NULL,1,0.06,30,1 fl oz,34.8
Lemonade Frozen Concentrate Pink,Beverages,192,0.69,0,4,48.86,0.3,46.46,0.22,NULL,8,0.08,76,1 fl oz,36.4
Lemonade Frozen Concentrate Pink Prepared With Water,Beverages,43,0.15,0,4,10.81,0.1,10.28,0.05,0,4,0.02,17,1 fl oz,30.9
Kippered Herring,Fish,217,12.37,82,918,0,0,0,24.58,2.2,84,1.51,447,1 oz boneless,28.4
Fish Herring Pacific Raw,Fish,195,13.88,77,74,0,0,NULL,16.39,NULL,83,1.12,423,3 oz,85
Fish Ling Raw,Fish,87,0.64,40,135,0,0,NULL,18.99,NULL,34,0.65,379,3 oz,85
Fish Lingcod Raw,Fish,85,1.06,52,59,0,0,NULL,17.66,NULL,14,0.32,437,3 oz,85
Fish Mackerel Pacific And Jack Mixed Species Raw,Fish,158,7.89,47,86,0,0,0,20.07,9.1,23,1.16,406,3 oz,85
Fish Mackerel Spanish Raw,Fish,139,6.3,76,59,0,0,0,19.29,7.3,11,0.44,446,3 oz,85
Fish Mackerel Spanish Cooked Dry Heat,Fish,158,6.32,73,66,0,0,NULL,23.59,NULL,13,0.74,554,1 fillet,146
Fish Milkfish Raw,Fish,148,6.73,52,72,0,0,NULL,20.53,NULL,51,0.32,292,3 oz,85
Fish Monkfish Raw,Fish,76,1.52,25,18,0,0,NULL,14.48,NULL,8,0.32,400,3 oz,85
Fish Pout Ocean Raw,Fish,79,0.91,52,61,0,0,NULL,16.64,NULL,10,0.28,400,3 oz,85
Fish Perch Mixed Species Raw,Fish,91,0.92,90,62,0,0,0,19.39,3,80,0.9,269,1 fillet,60
Fish Perch Mixed Species Cooked Dry Heat,Fish,117,1.18,115,79,0,0,NULL,24.86,NULL,102,1.16,344,1 fillet,46
Fish Pike Northern Raw,Fish,88,0.69,39,39,0,0,0,19.26,2.5,57,0.55,259,3 oz,85
Cooked Alaska Pollock,Fish,111,1.18,86,419,0,0,0,23.48,1.3,72,0.56,430,1 fillet,60
Fish Pompano Florida Raw,Fish,164,9.47,50,65,0,0,0,18.48,11,22,0.6,381,1 oz boneless,28.4
Cooked Pompano,Fish,211,12.14,64,76,0,0,NULL,23.69,NULL,43,0.67,636,1 fillet,88
Fish Rockfish Pacific Mixed Species Raw,Fish,90,1.34,50,74,0,0,0,18.36,3.8,14,0.3,386,3 oz,85
Fish Sablefish Smoked,Fish,257,20.14,64,737,0,0,NULL,17.65,NULL,50,1.69,471,1 oz,28.4
Wild Atlantic Salmon (Raw),Fish,142,6.34,55,44,0,0,NULL,19.84,NULL,12,0.8,490,3 oz,85
Smoked Salmon,Fish,117,4.32,23,672,0,0,0,18.28,17.1,11,0.85,175,1 oz boneless,28.4
Fish Salmon Chinook Raw,Fish,179,10.43,50,47,0,0,0,19.93,NULL,26,0.25,394,3 oz,85
Fish Salmon Chum Raw,Fish,120,3.77,74,50,0,0,NULL,20.14,NULL,11,0.55,429,3 oz,85
Fish Salmon Pink Canned Total Can Contents,Fish,129,4.97,55,403,0,0,0,19.68,13.7,215,0.64,344,3 oz,85
Fish Salmon Sockeye Raw,Fish,131,4.69,51,78,0,0,0,22.25,14.1,9,0.43,367,1 oz boneless,28.4
Cooked Sockeye Salmon,Fish,156,5.57,61,92,0,0,0,26.48,16.7,11,0.52,436,3 oz,85
Canned Salmon,Fish,167,7.39,79,408,0,0,0,23.59,21,232,0.65,314,3 oz,85
Cooked Sea Bass,Fish,124,2.56,53,87,0,0,NULL,23.63,NULL,13,0.37,328,1 fillet,101
Fish Seatrout Mixed Species Raw,Fish,104,3.61,83,58,0,0,NULL,16.74,NULL,17,0.27,341,3 oz,85
Fish Shad American Raw,Fish,197,13.77,75,51,0,0,0,16.93,4.8,47,0.97,384,3 oz,85
Fish Shark Mixed Species Raw,Fish,130,4.51,51,79,0,0,0,20.98,0.6,34,0.84,160,3 oz,85
Fish Snapper Mixed Species Raw,Fish,100,1.34,37,64,0,0,0,20.51,10.2,32,0.18,417,3 oz,85
Cooked Snapper,Fish,128,1.72,47,57,0,0,NULL,26.3,NULL,40,0.24,522,3 oz,85
Fish Spot Raw,Fish,123,4.9,60,29,0,0,NULL,18.51,NULL,14,0.32,496,1 fillet,64
Fish Sturgeon Mixed Species Raw,Fish,105,4.04,60,54,0,0,0,16.14,10.3,13,0.7,284,3 oz,85
Fish Surimi,Fish,99,0.9,30,143,6.85,0,0,15.18,NULL,9,0.26,112,1 oz,28.4
Fish Swordfish Raw,Fish,144,6.65,66,81,0,0,0,19.66,13.9,5,0.38,418,3 oz,85
Cooked Swordfish,Fish,172,7.93,78,97,0,0,0,23.45,16.6,6,0.45,499,3 oz,85
Fish Tilefish Raw,Fish,96,2.31,50,53,0,0,NULL,17.5,NULL,26,0.25,433,3 oz,85
Bluefin Tuna (Raw),Fish,144,4.9,38,39,0,0,0,23.33,5.7,8,1.02,252,3 oz,85
Bluefin Tuna (Cooked),Fish,184,6.28,49,50,0,0,NULL,29.91,NULL,10,1.31,323,3 oz,85
Fish Tuna Light Canned In Oil Drained Solids,Fish,198,8.21,18,416,0,0,0,29.13,6.7,13,1.39,207,1 cup solid or chunks,146
Fish Tuna Light Canned In Water Drained Solids,Fish,86,0.96,36,247,0,0,0,19.44,1.2,17,1.63,179,1 oz,28.4
Fish Turbot European Raw,Fish,95,2.95,48,150,0,0,NULL,16.05,NULL,18,0.36,238,3 oz,85
Whitefish (Raw),Fish,134,5.86,60,51,0,0,0,19.09,12,26,0.37,317,3 oz,85
Smoked Whitefish,Fish,108,0.93,33,1019,0,0,0,23.4,12.8,18,0.5,423,1 cup cooked,136
Raw Whiting,Fish,90,1.31,67,72,0,0,0,18.31,1.4,48,0.34,249,1 fillet,92
Cooked Catfish,Fish,105,2.85,72,50,0,0,NULL,18.47,NULL,11,0.35,419,1 fillet,143
Raw Coho Salmon,Fish,160,7.67,51,47,0,0,NULL,21.27,NULL,12,0.34,450,3 oz,85
Cooked Coho Salmon (Farmed),Fish,178,8.23,63,52,0,0,NULL,24.3,NULL,12,0.39,460,1 fillet,143
Rainbow Trout (Raw),Fish,141,6.18,59,51,0,0,0,19.94,15.9,25,0.31,377,1 fillet,79
Cooked Rainbow Trout,Fish,168,7.38,70,61,0,0,0,23.8,19,30,0.36,450,1 fillet,71
Cooked Coho Salmon (Wild),Fish,139,4.3,55,58,0,0,0,23.45,11.3,45,0.61,434,3 oz,85
Baked Conch,Fish,130,1.2,65,153,1.7,0,0,26.3,0,98,1.41,163,1 cup sliced,127
USDA Commodity Salmon Nuggets Breaded Frozen Heated,Fish,212,11.72,26,173,13.96,0,NULL,12.69,NULL,8,1.24,165,1 oz,28.4
USDA Commodity Salmon Nuggets Cooked As Purchased Unheated,Fish,189,10.43,27,167,11.85,0,NULL,11.97,NULL,9,1.46,161,1 oz,28.4
Canned Sockeye Salmon,Fish,158,5.87,66,386,0,0,0,26.33,21.5,37,0.48,312,3 oz,85
Canned Pink Salmon,Fish,136,4.21,83,378,0,0,0,24.62,14.1,60,0.57,326,3 oz,85
Fish Pollock Alaska Raw (Not Previously Frozen),Fish,76,0.82,61,159,0,NULL,NULL,17.17,NULL,12,0.27,331,3 oz,85
Fish Pollock Alaska Cooked (Not Previously Frozen),Fish,86.616,0.995,74,166,0,NULL,NULL,19.42,NULL,13,0.29,364,3 oz,85
Beans Adzuki Mature Seeds Raw,Beans and Lentils,329,0.53,0,5,62.9,12.7,NULL,19.87,0,66,4.98,1254,1 cup,197
Adzuki Beans,Beans and Lentils,128,0.1,0,8,24.77,7.3,NULL,7.52,0,28,2,532,1 cup,230
Beans Adzuki Mature Seeds Canned Sweetened,Beans and Lentils,237,0.03,0,218,55.01,NULL,NULL,3.8,0,22,1.13,119,1 cup,296
Yokan Prepared From Adzuki Beans And Sugar,Beans and Lentils,260,0.12,0,83,60.72,NULL,NULL,3.29,0,27,1.16,45,1 slice,14
Baked Beans,Beans and Lentils,155,5.15,5,422,21.63,5.5,NULL,5.54,0,61,1.99,358,1 cup,253
Beans Baked Canned With Pork And Sweet Sauce,Beans and Lentils,105,0.89,7,391,21.57,4.4,8.23,4.52,0,39,1.4,231,1 cup,249
Beans Baked Canned With Pork And Tomato Sauce,Beans and Lentils,94,0.93,7,437,18.69,4,5.67,5.15,0,56,3.24,295,1 cup,246
Beans Black Mature Seeds Raw,Beans and Lentils,341,1.42,0,5,62.36,15.5,2.12,21.6,0,123,5.02,1483,1 cup,194
Black Beans,Beans and Lentils,132,0.54,0,1,23.71,8.7,0.32,8.86,0,27,2.1,355,1 cup,172
Cranberry Beans (Roman Beans),Beans and Lentils,136,0.46,0,1,24.46,8.6,NULL,9.34,0,50,2.09,387,1 cup,177
Canned Cranberry Beans,Beans and Lentils,83,0.28,0,332,15.12,6.3,NULL,5.54,0,34,1.55,260,1 cup,260
Beans French Mature Seeds Raw,Beans and Lentils,343,2.02,0,18,64.11,25.2,NULL,18.81,0,186,3.4,1316,1 cup,184
Beans French Mature Seeds Cooked Boiled Without Salt,Beans and Lentils,129,0.76,0,6,24.02,9.4,NULL,7.05,0,63,1.08,370,1 cup,177
Kidney Beans,Beans and Lentils,127,0.5,0,1,22.8,6.4,0.32,8.67,0,35,2.22,405,1 cup,177
Canned Kidney Beans,Beans and Lentils,84,0.6,0,296,14.5,4.3,1.85,5.22,0,34,1.17,237,1 cup,256
Beans Kidney California Red Mature Seeds Raw,Beans and Lentils,330,0.25,0,11,59.8,24.9,NULL,24.37,0,195,9.35,1490,1 cup,184
California Red Kidney Beans,Beans and Lentils,124,0.09,0,4,22.41,9.3,NULL,9.13,0,66,2.98,419,1 cup,177
Beans Kidney Red Mature Seeds Raw,Beans and Lentils,337,1.06,0,12,61.29,15.2,2.1,22.53,0,83,6.69,1359,1 cup,184
Beans Navy Mature Seeds Raw,Beans and Lentils,337,1.5,NULL,5,60.75,15.3,3.88,22.33,0,147,5.49,1185,1 cup,208
Navy Beans,Beans and Lentils,140,0.62,NULL,0,26.05,10.5,0.37,8.23,0,69,2.36,389,1 cup,182
Canned Navy Beans,Beans and Lentils,113,0.43,0,336,20.45,5.1,0.28,7.53,0,47,1.85,288,1 cup,262
Beans Pink Mature Seeds Raw,Beans and Lentils,343,1.13,0,8,64.19,12.7,2.14,20.96,0,130,6.77,1464,1 cup,210
Beans Small White Mature Seeds Raw,Beans and Lentils,336,1.18,0,12,62.25,24.9,NULL,21.11,0,173,7.73,1542,1 cup,215
Cooked Small White Beans,Beans and Lentils,142,0.64,0,2,25.81,10.4,NULL,8.97,0,73,2.84,463,1 cup,179
Beans Yellow Mature Seeds Raw,Beans and Lentils,345,2.6,0,12,60.7,25.1,NULL,22,0,166,7.01,1042,1 cup,196
Beans Yellow Mature Seeds Cooked Boiled Without Salt,Beans and Lentils,144,1.08,0,5,25.28,10.4,0.34,9.16,0,62,2.48,325,1 cup,177
Broad Beans (Fava),Beans and Lentils,110,0.4,0,5,19.65,5.4,1.82,7.6,0,36,1.5,268,1 cup,170
Broadbeans (Fava Beans) Mature Seeds Canned,Beans and Lentils,71,0.22,0,453,12.41,3.7,NULL,5.47,0,26,1,242,1 cup,256
Carob Flour,Beans and Lentils,222,0.65,0,35,88.88,39.8,49.08,4.62,0,348,2.94,827,1 cup,103
Chickpeas (Garbanzo Beans Bengal Gram) Mature Seeds Raw,Beans and Lentils,378,6.04,0,24,62.95,12.2,10.7,20.47,0,57,4.31,718,1 cup,200
Chickpeas (Garbanzo Beans) (Cooked),Beans and Lentils,164,2.59,0,7,27.42,7.6,4.8,8.86,0,49,2.89,291,1 cup,164
Cowpeas Common (Blackeyes Crowder Southern) Mature Seeds Raw,Beans and Lentils,336,1.26,0,16,60.03,10.6,6.9,23.52,0,110,8.27,1112,1 cup,167
Black-Eyed Peas (Cowpeas),Beans and Lentils,116,0.53,0,4,20.76,6.5,3.3,7.73,0,24,2.51,278,1 cup,171
Cowpeas Common (Blackeyes Crowder Southern) Mature Seeds Canned Plain,Beans and Lentils,77,0.55,0,293,13.63,3.3,NULL,4.74,0,20,0.97,172,1 cup,240
Cowpeas Common (Blackeyes Crowder Southern) Mature Seeds Canned With Pork,Beans and Lentils,83,1.6,7,350,16.53,3.3,NULL,2.74,0,17,1.42,178,1 cup,240
Vitasoy Usa Organic Nasoya Extra Firm Tofu,Beans and Lentils,98,5.2,0,4,2.6,1.3,0.4,10.1,NULL,77,1.6,NULL,1/5 package,79
Vitasoy Usa Organic Nasoya Firm Tofu,Beans and Lentils,84,4.4,0,4,2.3,0.8,0.3,8.9,NULL,125,1.2,NULL,1/5 package,79
Vitasoy Usa Organic Nasoya Silken Tofu,Beans and Lentils,47,2.5,0,2,1.4,0.3,0.2,4.8,NULL,75,0.9,NULL,1/5 package,91
Soy Milk (All Flavors) Enhanced,Beans and Lentils,45,1.99,0,50,3.45,0.4,2.53,2.94,1.2,140,0.49,141,1 cup,243
Soy Milk Original And Vanilla Light With Added Calcium Vitamins A And D,Beans and Lentils,30,0.77,0,48,3.51,0.3,2.61,2.38,1.2,123,0.43,117,1 cup,243
Soy Milk Chocolate And Other Flavors Light With Added Calcium Vitamins A And D,Beans and Lentils,47,0.64,0,46,8.24,0.7,7.13,2.1,1.2,123,0.59,144,1 cup,243
Soy Milk Original And Vanilla Light Unsweetened With Added Calcium Vitamins A And D,Beans and Lentils,34,0.85,0,63,3.85,0.6,0.41,2.62,1,123,0.46,117,1 cup,243
Soy Milk (All Flavors) Lowfat With Added Calcium Vitamins A And D,Beans and Lentils,43,0.62,0,37,7.2,0.8,3.5,1.65,1,82,0.44,64,1 cup,243
Silk Chocolate Soy Milk,Beans and Lentils,58,1.44,0,41,9.47,0.8,7.82,2.06,1.2,123,0.59,144,1 cup,243
Silk Light Plain Soy Milk,Beans and Lentils,29,0.82,0,49,3.29,0.4,2.47,2.47,1.2,123,0.44,123,1 cup,243
Silk Light Vanilla Soy Milk,Beans and Lentils,33,0.82,0,39,4.12,0.4,2.88,2.47,1.2,123,0.44,123,1 cup,243
Silk Light Chocolate Soy Milk,Beans and Lentils,49,0.62,0,41,9.05,0.8,7.82,2.06,1.2,123,0.59,144,1 cup,243
Silk Very Vanilla Soy Milk,Beans and Lentils,53,1.65,0,58,7.82,0.4,6.58,2.47,1.2,144,0.44,123,1 cup,243
Silk Nog Soy Milk,Beans and Lentils,74,1.64,0,61,12.3,0,9.84,2.46,0,16,0.3,123,1/2 cup,122
Silk Chai Soy Milk,Beans and Lentils,53,1.44,0,41,7.82,0,5.76,2.47,0.8,123,0.44,123,1 cup,243
Silk Mocha Soy Milk,Beans and Lentils,58,1.44,0,41,9.05,0,7.41,2.06,NULL,123,0.44,123,1 cup,243
Silk Raspberry Soy Yogurt,Beans and Lentils,88,1.18,0,15,17.65,0.6,12.94,2.35,NULL,176,0.64,NULL,1 container,170
Silk Peach Soy Yogurt,Beans and Lentils,94,1.18,0,15,18.82,0.6,14.71,2.35,NULL,176,0.64,NULL,1 container,170
Silk Black Cherry Soy Yogurt,Beans and Lentils,88,1.18,0,12,17.06,0.6,11.76,2.35,NULL,176,0.64,NULL,1 container,170
Silk Blueberry Soy Yogurt,Beans and Lentils,88,1.18,0,15,17.06,0.6,12.35,2.35,NULL,176,0.64,NULL,1 container,170
Silk Hazelnut Creamer,Beans and Lentils,133,6.67,0,67,20,0,20,0,NULL,0,0,NULL,1 tbsp,15
Vitasoy Usa Organic Nasoya Soft Tofu,Beans and Lentils,70,3.5,0,4,0.74,0.6,0.3,8.76,NULL,130,1.1,NULL,1/5 package,79
Fortified Silken Tofu,Beans and Lentils,43,1.1,0,79,0,NULL,NULL,8.21,3.8,394,0.87,NULL,1/5 package,91
Extra Firm Fortified Tofu,Beans and Lentils,92,4.9,0,7,1.82,1,0.4,10.18,2.5,246,1.6,NULL,3 oz,85
Vitasoy Usa Azumaya Silken Tofu,Beans and Lentils,43,2.4,0,2,0.58,0.2,0.2,4.82,NULL,66,0.8,NULL,1/5 package,91
House Foods Premium Soft Tofu,Beans and Lentils,59,2.71,0,34,2.19,0.8,0.53,6.38,NULL,78,1.53,NULL,2 oz,56
House Foods Premium Firm Tofu,Beans and Lentils,85,4.19,0,33,0.97,0.9,0.4,10.92,NULL,149,1.69,NULL,2 oz,56
Beans Adzuki Mature Seed Cooked Boiled With Salt,Beans and Lentils,128,0.1,0,244,24.77,7.3,NULL,7.52,0,28,2,532,1 cup,230
Beans Great Northern Mature Seeds Cooked Boiled With Salt,Beans and Lentils,118,0.45,0,238,21.09,7,NULL,8.33,0,68,2.13,391,1 cup,177
Beans Great Northern Mature Seeds Canned Low Sodium,Beans and Lentils,114,0.39,0,177,21.02,4.9,1.41,7.37,0,53,1.57,351,1 cup,262
Beans Kidney All Types Mature Seeds Cooked Boiled With Salt,Beans and Lentils,127,0.5,0,238,22.8,6.4,0.32,8.67,0,28,2.94,403,1 cup,177
Beans Kidney California Red Mature Seeds Cooked Boiled With Salt,Beans and Lentils,124,0.09,0,240,22.41,9.3,NULL,9.13,0,66,2.98,419,1 cup,177
Beans Navy Mature Seeds Cooked Boiled With Salt,Beans and Lentils,140,0.62,0,237,26.05,10.5,0.37,8.23,0,69,2.36,389,1 cup,182
Beans Pink Mature Seeds Cooked Boiled With Salt,Beans and Lentils,149,0.49,0,238,27.91,5.3,0.36,9.06,0,52,2.3,508,1 cup,169
Beans Pinto Mature Seeds Cooked Boiled With Salt,Beans and Lentils,143,0.65,0,238,26.22,9,0.34,9.01,0,46,2.09,436,1 cup,171
Beans Pinto Mature Seeds Canned Drained Solids Rinsed In Tap Water,Beans and Lentils,117,0.97,0,212,20.77,NULL,NULL,7.04,0,64,1.27,234,1 cup,169
Broadbeans (Fava Beans) Mature Seeds Cooked Boiled With Salt,Beans and Lentils,110,0.4,0,241,19.65,5.4,1.82,7.6,0,36,1.5,268,1 cup,170
Chickpeas (Garbanzo Beans Bengal Gram) Mature Seeds Cooked Boiled With Salt,Beans and Lentils,164,2.59,0,243,27.42,7.6,4.8,8.86,0,49,2.89,291,1 cup,164
Chickpeas (Garbanzo Beans Bengal Gram) Mature Seeds Canned Drained Solids,Beans and Lentils,139,2.77,0,246,22.53,6.4,4.01,7.05,0,45,1.07,126,1 can drained,253
Chickpeas (Garbanzo Beans Bengal Gram) Mature Seeds Canned Drained Rinsed In Tap Water,Beans and Lentils,138,2.47,0,212,22.87,6.3,4,7.04,0,43,0.98,109,1 can drained rinsed,254
Lima Beans Large Mature Seeds Cooked Boiled With Salt,Beans and Lentils,115,0.38,0,238,20.88,7,2.9,7.8,0,17,2.39,508,1 cup,188
Lima Beans Thin Seeded (Baby) Mature Seeds Cooked Boiled With Salt,Beans and Lentils,126,0.38,0,239,23.31,7.7,NULL,8.04,0,29,2.4,401,1 cup,182
Lupin Beans (Cooked),Beans and Lentils,116,2.92,0,240,9.29,2.8,NULL,15.57,0,51,1.2,245,1 cup,166
Mothbeans Mature Seeds Cooked Boiled With Salt,Beans and Lentils,117,0.55,0,246,20.96,NULL,NULL,7.81,0,3,3.14,304,1 cup,177
Dry Roasted Peanuts,Nuts and Seeds,587,49.66,0,6,21.26,8.4,4.9,24.35,0,58,1.58,634,1 cup,146
Peanuts Spanish Oil-Roasted Without Salt,Beans and Lentils,579,49.04,0,6,17.45,8.9,NULL,28.01,0,100,2.28,776,1 cup,147
Peanuts Valencia Oil-Roasted Without Salt,Beans and Lentils,589,51.24,0,6,16.3,8.9,NULL,27.04,0,54,1.65,612,1 cup,144
Peanuts Virginia Oil-Roasted Without Salt,Beans and Lentils,578,48.62,0,6,19.86,8.9,NULL,25.87,0,86,1.67,652,1 cup,143
Lamb New Zealand Imported Loin Chop Separable Lean Only Raw,Meats,142,6.88,66,77,0,0,0,19.98,0,18,1.52,327,1 serving,115
Lamb New Zealand Imported Frozen Loin Separable Lean Only Cooked Broiled,Meats,199,8.24,114,55,0,0,NULL,29.31,NULL,21,2.34,189,3 oz,85
Lamb New Zealand Imported Rack - Partly Frenched Separable Lean And Fat Raw,Meats,240,18.52,66,61,0.13,0,0,18.12,0,10,1.3,277,1 serving,115
Lamb New Zealand Imported Rack - Partly Frenched Separable Lean And Fat Cooked Fast Roasted,Meats,253,18.29,76,69,0.04,0,0,22.06,0,20,1.57,304,1 serving,85
Lamb New Zealand Imported Frozen Shoulder Whole (Arm And Blade) Separable Lean Only Cooked Braised,Meats,285,15.5,127,56,0,0,NULL,34.06,NULL,27,2.34,166,3 oz,85
Veal Composite Of Trimmed Retail Cuts Separable Lean And Fat Raw,Meats,144,6.77,82,82,0,0,NULL,19.35,NULL,15,0.83,315,1 oz,28.4
Veal Composite Of Trimmed Retail Cuts Separable Lean And Fat Cooked,Meats,231,11.39,114,87,0,0,0,30.1,0,22,1.15,325,3 oz,85
Veal Composite Of Trimmed Retail Cuts Separable Lean Only Raw,Meats,112,2.87,83,86,0,0,NULL,20.2,NULL,15,0.85,328,1 oz,28.4
Veal Leg (Top Round) Separable Lean And Fat Cooked Braised,Meats,211,6.33,134,67,0,0,0,36.16,0,8,1.32,383,3 oz,85
Veal Leg (Top Round) Separable Lean And Fat Cooked Pan-Fried Breaded,Meats,238,9.18,112,454,9.91,0.3,0.57,27.29,0,39,1.64,371,3 oz,85
Veal Leg (Top Round) Separable Lean And Fat Cooked Pan-Fried Not Breaded,Meats,211,8.35,105,76,0,0,0,31.75,0,6,0.88,425,3 oz,85
Veal Leg (Top Round) Separable Lean And Fat Cooked Roasted,Meats,160,4.65,103,68,0,0,0,27.7,0,6,0.91,389,3 oz,85
Veal Leg (Top Round) Separable Lean Only Cooked Roasted,Meats,150,3.39,103,68,0,0,NULL,28.07,NULL,6,0.9,393,3 oz,85
Veal Loin Separable Lean And Fat Raw,Meats,177,10.07,59,98,0.07,0,0,20.07,1.7,14,0.84,241,3 oz,85
Veal Loin Separable Lean And Fat Cooked Braised,Meats,284,17.21,118,80,0,0,0,30.19,0,28,1.09,280,3 oz,85
Veal Loin Separable Lean And Fat Cooked Roasted,Meats,217,12.32,103,93,0,0,0,24.8,0,19,0.87,325,3 oz,85
Veal Loin Separable Lean Only Raw,Meats,114,2.9,55,99,0,0,0,21.85,1.2,11,0.85,260,3 oz,85
Veal Rib Separable Lean And Fat Cooked Roasted,Meats,228,13.96,110,92,0,0,NULL,23.96,NULL,11,0.97,295,3 oz,85
Veal Rib Separable Lean Only Raw,Meats,120,3.89,83,95,0,0,NULL,19.97,NULL,14,0.88,306,1 oz,28.4
Veal Rib Separable Lean Only Cooked Braised,Meats,218,7.81,144,99,0,0,0,34.44,0,24,1.45,318,3 oz,85
Veal Rib Separable Lean Only Cooked Roasted,Meats,177,7.44,115,97,0,0,NULL,25.76,NULL,12,0.96,311,3 oz,85
Veal Shoulder Whole (Arm And Blade) Separable Lean Only Cooked Braised,Meats,199,6.1,130,97,0,0,NULL,33.68,NULL,37,1.45,319,3 oz,85
Veal Shoulder Whole (Arm And Blade) Separable Lean Only Cooked Roasted,Meats,170,6.62,114,97,0,0,NULL,25.81,NULL,27,1.03,327,3 oz,85
Veal Shoulder Arm Separable Lean And Fat Raw,Meats,132,5.44,82,83,0,0,0,19.34,0,21,1,327,1 oz,28.4
Veal Shoulder Arm Separable Lean And Fat Cooked Braised,Meats,236,10.24,148,87,0,0,NULL,33.63,NULL,28,1.38,333,3 oz,85
Veal Shoulder Blade Chop Separable Lean And Fat Raw,Meats,148,7.61,62,91,0.03,0,0,18.72,1.5,23,1.22,198,3 oz,85
Veal Shoulder Blade Separable Lean And Fat Cooked Braised,Meats,225,10.09,153,98,0,0,0,31.26,0,38,1.44,297,3 oz,85
Veal Shoulder Blade Separable Lean And Fat Cooked Roasted,Meats,186,8.67,117,100,0,0,NULL,25.15,NULL,28,1,306,3 oz,85
Veal Shoulder Blade Chop Separable Lean Only Raw,Meats,110,2.88,60,92,0,0,0,19.6,1.2,23,1.26,203,3 oz,85
Veal Shoulder Blade Separable Lean Only Cooked Braised,Meats,198,6.48,158,101,0,0,0,32.66,0,40,1.47,305,3 oz,85
Veal Sirloin Separable Lean Only Raw,Meats,110,2.59,79,80,0,0,NULL,20.2,NULL,11,0.8,348,1 oz,28.4
Veal Sirloin Separable Lean Only Cooked Braised,Meats,204,6.51,113,81,0,0,NULL,33.96,NULL,19,1.23,339,3 oz,85
Veal Sirloin Separable Lean Only Cooked Roasted,Meats,168,6.22,104,85,0,0,NULL,26.32,NULL,14,0.91,365,3 oz,85
Veal Cubed For Stew (Leg And Shoulder) Separable Lean Only Raw,Meats,109,2.5,84,83,0,0,NULL,20.27,NULL,17,0.88,331,1 oz,28.4
Game Meat Antelope Cooked Roasted,Meats,150,2.67,126,54,0,0,NULL,29.45,NULL,4,4.2,372,3 oz,85
Game Meat Bear Raw,Meats,161,8.3,NULL,NULL,0,0,NULL,20.1,NULL,3,6.65,NULL,1 oz,28.4
Game Meat Bear Cooked Simmered,Meats,259,13.39,98,71,0,0,0,32.42,0,5,10.73,263,3 oz,85
Cooked Grass Fed Ground Bison (Buffalo),Meats,179,8.62,71,76,0,0,0,25.45,0,14,3.19,353,3 oz,85
Game Meat Beefalo Composite Of Cuts Cooked Roasted,Meats,188,6.32,58,82,0,0,NULL,30.66,NULL,24,3.05,459,3 oz,85
Veal Australian Separable Fat Raw,Meats,509,52.17,66,44,0,0,0,9.91,NULL,2,0.93,NULL,1 oz,28
Veal Australian Rib Rib Roast Separable Lean And Fat Raw,Meats,201,13.1,60,76,1.15,0,0,19.6,NULL,9,1.46,NULL,3 oz,85
Game Meat Bison Separable Lean Only Raw,Meats,109,1.84,62,54,0,0,NULL,21.62,NULL,6,2.6,343,1 oz,28.4
Roasted Lean Buffalo,Meats,143,2.42,82,57,0,0,0,28.44,0,8,3.42,361,3 oz,85
Game Meat Caribou Raw,Meats,127,3.36,83,57,0,0,NULL,22.63,NULL,17,4.69,295,1 oz,28.4
Game Meat Caribou Cooked Roasted,Meats,167,4.42,109,60,0,0,0,29.77,0,22,6.17,310,3 oz,85
Game Meat Deer Raw,Meats,120,2.42,85,51,0,0,0,22.96,NULL,5,3.4,318,1 oz,28.4
Pork Baloney (Bologna),Meats,247,19.87,59,907,0.73,0,0,15.3,1.4,11,0.77,281,1 slice medium (4-1/2 inch dia x 1/8 inch thick) (1 oz),28
Turkey Baloney (Bologna),Meats,209,16.05,75,1071,4.68,0.5,2.9,11.42,0.6,123,3,135,0.99 oz 1 serving,28
Chicken Spread,Meats,158,17.56,56,722,4.05,0.3,0.47,18.01,NULL,16,0.87,106,1 serving (1 serving),56
Chorizo,Meats,296,25.1,63,788,3.78,0,0,13.63,1.5,19,1.41,308,1 oz,28.4
Corned Beef Loaf Jellied,Meats,153,6.1,47,953,0,0,NULL,22.9,NULL,11,2.04,101,1 slice (1 oz) (4 inch x 4 inch x 3/32 inch thick),28
Dutch Brand Loaf Chicken Pork And Beef,Meats,273,22.91,60,786,3.93,0.3,0.9,12,0,7,0.16,210,1 slice,38
Frankfurter Beef Unheated,Meats,315,28.1,58,865,2.97,0,1.17,11.69,0.9,14,1.12,364,1 frankfurter,50
Ham Sliced Packaged (96% Fat Free Water Added),Meats,107,4.04,41,945,0.7,0,0,16.85,0.6,5,0.59,463,1 slice,23
Ham Sliced Regular (Approximately 11% Fat),Meats,164,8.8,57,814,3.63,1.3,1,16.6,0.7,24,1.02,287,56 grams 1 serving,56
Ham Minced,Meats,263,20.68,70,1245,1.84,0,0,16.28,0.7,10,0.79,311,1 oz,28.4
Ham Salad Spread,Meats,216,15.53,37,1075,10.64,0,0,8.68,0.7,8,0.59,150,1 tbsp,15
Knackwurst Knockwurst Pork Beef,Meats,307,27.7,60,930,3.2,0,0,11.1,1.1,11,0.66,199,1 link,72
Lebanon Bologna Beef,Meats,172,10.44,55,1374,0.44,0,0,19.03,0.3,20,2.15,330,1 serving 2 slices,57
Liver Cheese Pork,Meats,304,25.6,174,1225,2.1,0,NULL,15.2,NULL,8,10.83,226,1 oz,28.4
Liver Sausage Liverwurst Pork,Meats,326,28.5,158,860,2.2,0,NULL,14.1,NULL,26,6.4,170,1 slice (2-1/2 inch dia x 1/4 inch thick),18
Turkey Sausage Fresh Cooked,Meats,196,10.44,92,665,0,0,0,23.89,NULL,22,1.49,298,1 serving,57
Bologna Chicken Pork Beef,Meats,272,22.73,83,1120,5.61,0,0,11.33,NULL,92,1.25,313,1 serving,28
Bologna Chicken Pork,Meats,336,30.61,87,1240,4.19,0,0,10.31,NULL,196,1.12,162,1 serving,28
Chicken Breast Deli Rotisserie Seasoned Sliced Prepackaged,Meats,98,1.86,51,1032,2.92,0,0.75,17.4,0.1,11,0.39,360,1 slice,12
Frankfurter Meat And Poultry Unheated,Meats,277,24.18,78,976,5.02,0,2.75,9.72,0.7,106,1.04,359,1 frankfurter,51
Pork Sausage Link/patty Fully Cooked Unheated,Meats,392,37.25,74,810,0.69,0,0.53,13.46,1.2,16,0.92,211,1 link,23
Kielbasa Fully Cooked Grilled,Meats,337,29.68,73,1062,5.03,0,2.39,12.45,0.9,42,0.99,306,3 oz,85
Kielbasa Sausage (Cooked),Meats,333,29.43,73,1046,4.78,0,2.38,12.36,0.2,40,0.93,304,1 link,370
Kielbasa Fully Cooked Unheated,Meats,325,29.63,61,928,3.72,0,2.05,10.84,0.7,24,0.75,217,3 oz,85
Sausage Chicken Or Turkey Italian Style  Lower Sodium,Meats,183,4.46,36,446,14.25,0,0.81,21.43,0.1,0,1.29,1062,,NULL
Ham Smoked Extra Lean Low Sodium,Meats,141,2.71,50,1062,10.7,0,10.68,18.52,0.7,5,0.76,330,,NULL
Pork Sausage Reduced Sodium Cooked,Meats,271,22.35,59,294,8.13,0,0,9.41,0.8,0,0.85,160,3 oz,85
Sausage Pork Turkey And Beef Reduced Sodium,Meats,284,26.79,70,679,0.11,0.1,0.02,10.71,0.1,24,1.6,240,3 oz,85
General Mills Cheerios,Breakfast Cereals,372,6.6,0,497,73.2,10.1,4.5,12.4,3.6,357,28.9,633,1 cup (1 nlea serving),28
Post Cocoa Pebbles,Breakfast Cereals,397,4.1,0,594,85.7,1.6,35.8,4.8,6.9,22,6.2,193,3/4 cup (1 nlea serving),29
Quaker Quaker Crunchy Bran,Breakfast Cereals,331,4.06,0,759,83.68,15.3,20.66,6.37,0,71,30.98,239,3/4 cup (1 nlea serving),27
Ralston Crisp Rice,Breakfast Cereals,383,1.26,0,545,86.22,0.7,12.12,6.69,7.6,5,32.73,106,1 (1/4) cup (1 nlea serving),33
Post Bran Flakes,Breakfast Cereals,328,2.1,0,540,80.5,18.3,18.6,9.9,3.3,44,28,533,3/4 cup (1 nlea serving),30
Post Honeycomb Cereal,Breakfast Cereals,394,2.93,0,553,86.63,3.2,31.51,6.01,7.8,11,8.44,142,1 (1/2) cup (1 nlea serving),32
Quaker King Vitaman,Breakfast Cereals,381,3.44,0,825,83.85,3.4,20.27,6.41,0,10,29,268,1 (1/2) cup (1 nlea serving),31
Quaker Quaker Oat Life Plain,Breakfast Cereals,374,4.43,0,501,77.74,6.6,19.43,9.98,0,351,29.33,283,3/4 cup (1 nlea serving),32
Quaker 100% Natural Granola Oats Wheat And Honey,Breakfast Cereals,421,11.62,2,50,73.65,10.2,20.34,10.55,0,109,2.81,483,1/2 cup (1 nlea serving),48
Ralston Tasteeos,Breakfast Cereals,395,5.36,0,571,75.96,10.7,3.57,10.71,7.1,357,32.14,607,1 cup (1 nlea serving),28
Post Honey Nut Shredded Wheat,Breakfast Cereals,373,2.9,0,102,83.6,10.7,20.7,8.5,0,38,28,348,1 cup (1 nlea serving),59
Malt-O-Meal Corn Bursts,Breakfast Cereals,385,0.35,0,855,90.59,1.9,46.88,3.32,3.2,5,5.8,71,1 cup (1 nlea serving),31
Toasted Wheat Germ,Breakfast Cereals,382,10.7,0,4,49.6,15.1,7.8,29.1,0,45,9.09,947,1 oz,28.4
Quaker Corn Grits Instant Plain Prepared (Microwaved Or Boiling Water Added) Without Salt,Breakfast Cereals,74,0.49,NULL,227,15.95,1.1,0.1,1.58,NULL,64,6.71,27,1 cup,219
Quaker Corn Grits Instant Cheddar Cheese Flavor Dry,Breakfast Cereals,363,5.46,2,1644,72.96,4.2,2.76,8.98,0,418,30.38,132,1 packet (1 nlea serving),28
Quaker Instant Grits Country Bacon Flavor Dry,Breakfast Cereals,340,1.73,0,1523,75.39,5.1,0.38,9.93,NULL,418,30.38,210,1 packet (1 nlea serving),28
Cream Of Rice Dry,Breakfast Cereals,370,0.5,0,6,82.4,0.7,0.3,6.3,0,5,28.44,143,1/4 cup (1 nlea serving),45
Cream Of Wheat Regular 10 Minute Cooking Dry,Breakfast Cereals,370,1.5,0,7,76.5,3.8,0.2,10.5,0,606,28.6,120,1 tbsp,10.6
Cream Of Wheat Instant Prepared With Water Without Salt,Breakfast Cereals,62,0.24,0,102,13.08,0.6,0.07,1.84,NULL,64,4.96,20,1 cup,241
Malt-O-Meal Original Plain Dry,Breakfast Cereals,365,0.7,0,0,77.25,2.1,0,11.8,0,286,30.86,100,3 tbsp (1 nlea serving),35
Oats Regular And Quick Not Fortified Dry,Breakfast Cereals,379,6.52,0,6,67.7,10.1,0.99,13.15,0,52,4.25,362,1 cup,81
Cooked Oatmeal,Grains and Pasta,71,1.52,0,4,12,1.7,0.27,2.54,0,9,0.9,70,1 cup,234
Oats Instant Fortified With Cinnamon And Spice Prepared With Water,Breakfast Cereals,96,1.21,0,111,18.95,2,6.31,2.37,0,61,2.11,71,1 cup,240
Quaker Instant Oatmeal Maple And Brown Sugar Dry,Breakfast Cereals,368,4.63,0,506,76.91,7.2,30.02,9.2,NULL,226,8.22,424,1 packet,43
Oats Instant Fortified With Raisins And Spice Prepared With Water,Breakfast Cereals,88,0.95,0,111,17.91,1.3,8.71,1.98,0,56,2.21,85,1 cup,240
Malt-O-Meal Marshmallow Mateys,Breakfast Cereals,387,3.53,0,667,82.77,4.9,40.91,6.94,3.3,333,30,186,1 cup,30
Post Shredded Wheat Original Big Biscuit,Breakfast Cereals,337,2.01,0,2,78.96,12.4,0.94,11.37,0,56,2.63,381,2 biscuits (1 nlea serving),47
Post Shredded Wheat Original Spoon-Size,Breakfast Cereals,351,2.1,0,2,81.4,12.4,0.9,11.8,0,58,2.5,387,1 cup (1 nlea serving),49
Rice Puffed Fortified,Breakfast Cereals,402,0.5,0,3,89.8,1.7,NULL,6.3,NULL,6,31.7,113,1 cup,14
Wheat Puffed Fortified,Breakfast Cereals,364,1.2,0,4,79.6,4.4,NULL,14.7,NULL,28,31.7,348,1 cup,12
Cream Of Rice Cooked With Water With Salt,Breakfast Cereals,52,0.1,0,173,11.5,0.1,0.04,0.9,NULL,1,3.96,20,1 cup,244
Cream Of Wheat Regular (10 Minute) Cooked With Water With Salt,Breakfast Cereals,50,0.21,0,129,10.66,0.5,0.03,1.46,0,89,3.99,17,1 cup (1 serving),251
Farina Unenriched Dry,Breakfast Cereals,369,0.5,0,3,78,1.9,NULL,10.6,NULL,14,1.5,94,1 tbsp,10.9
Farina Enriched Cooked With Water With Salt,Breakfast Cereals,53,0.34,0,126,10.92,0.8,0.76,1.82,NULL,97,5.33,23,1 cup,233
Post Shredded Wheat Lightly Frosted Spoon-Size,Breakfast Cereals,352,1.9,0,19,83.8,9.6,22.3,7.8,0,13,3.46,327,1 cup (1 nlea serving),52
Post Selects Blueberry Morning,Breakfast Cereals,395,5.3,0,341,81.6,4.7,29.2,6.5,1.8,41,3.3,195,1 (1/4) cup (1 nlea serving),55
Oats Instant Fortified Maple And Brown Sugar Dry,Breakfast Cereals,386,4.73,0,505,76.67,7.2,30.28,9.25,0,258,10.36,361,1 packet,43
Quaker Whole Hearts Oat Cereal,Breakfast Cereals,376,5.61,0,554,80.1,9.1,21.53,7.63,NULL,0,32.11,568,3/4 cup (1 nlea serving),28
Quaker Weight Control Instant Oatmeal Maple And Brown Sugar,Breakfast Cereals,361,6.2,1,642,64.25,13,1.25,16.37,NULL,268,10.13,330,1 packet (1 nlea serving),45
Quaker Weight Control Instant Oatmeal Banana Bread,Breakfast Cereals,361,6.16,1,619,64.42,12.6,1.29,16.5,NULL,243,8.78,327,1 packet (1 nlea serving),45
Quaker Oatmeal Real Medleys Peach Almond Dry,Breakfast Cereals,387,9.84,0,201,68.61,7.4,24.85,10.1,NULL,105,2.8,560,1 package (1 nlea serving),75
Quaker Oatmeal Real Medleys Cherry Pistachio Dry,Breakfast Cereals,394,11.02,1,181,66.73,7.1,26.34,12.02,NULL,132,2.99,501,1 package (1 nlea serving),73
Quaker Instant Oatmeal Weight Control Cinnamon,Breakfast Cereals,361,6.28,1,618,64.21,13,1.27,16.5,NULL,245,8.84,334,1 packet (1 nlea serving),45
Moms Best Sweetened Wheat-Fuls,Breakfast Cereals,373,1.83,0,14,80.91,10,20.29,8.18,0,36,3.26,336,1 cup (1 nlea serving),55
Apples Raw Without Skin Cooked Boiled,Fruits,53,0.36,0,1,13.64,2.4,11.01,0.26,0,5,0.19,88,1 cup slices,171
Apples Raw Without Skin Cooked Microwave,Fruits,56,0.42,0,1,14.41,2.8,11.61,0.28,0,5,0.17,93,1 cup slices,170
Apples Canned Sweetened Sliced Drained Heated,Fruits,67,0.43,0,3,16.84,2,14.84,0.18,0,4,0.24,70,1 cup slices,204
Apples Dehydrated (Low Moisture) Sulfured Uncooked,Fruits,346,0.58,0,124,93.53,12.4,81.13,1.32,0,19,2,640,1 cup,60
Apples Frozen Unsweetened Heated,Fruits,47,0.33,0,3,12,1.3,NULL,0.29,0,5,0.19,76,1 cup slices,206
Apple Juice,Fruits,46,0.13,0,4,11.3,0.2,9.62,0.1,0,8,0.12,101,1 cup,248
Apple Juice Frozen Concentrate Unsweetened Undiluted Without Added Ascorbic Acid,Fruits,166,0.37,0,25,41,0.4,38.83,0.51,0,20,0.91,448,1 can (6 fl oz),211
Apple Juice Frozen Concentrate Unsweetened Diluted With 3 Volume Water Without Added Ascorbic Acid,Fruits,47,0.1,0,7,11.54,0.1,10.93,0.14,0,6,0.26,126,1 cup,239
Apricots Canned Water Pack Without Skin Solids And Liquids,Fruits,22,0.03,0,11,5.48,1.1,NULL,0.69,0,8,0.54,154,1 cup whole without pits,227
Apricots Canned Juice Pack With Skin Solids And Liquids,Fruits,48,0.04,0,4,12.34,1.6,10.74,0.63,0,12,0.3,165,1 cup halves,244
Apricots Canned Extra Light Syrup Pack With Skin Solids And Liquids,Fruits,49,0.1,0,2,12.5,1.6,NULL,0.6,0,10,0.3,140,1 cup halves,247
Apricots Canned Light Syrup Pack With Skin Solids And Liquids,Fruits,63,0.05,0,4,16.49,1.6,14.89,0.53,0,11,0.39,138,1 cup halves,253
Apricots Dehydrated (Low-Moisture) Sulfured Stewed,Fruits,126,0.24,0,5,32.62,NULL,NULL,1.93,0,24,2.48,728,1 cup,249
Dried Apricots,Fruits,241,0.51,0,10,62.64,7.3,53.44,3.39,0,55,2.66,1162,1 cup halves,130
Apricots Dried Sulfured Stewed Without Added Sugar,Fruits,85,0.18,0,4,22.15,2.6,19.57,1.2,0,19,0.94,411,1 cup halves,250
Apricots Dried Sulfured Stewed With Added Sugar,Fruits,113,0.15,0,3,29.26,4.1,NULL,1.17,0,15,1.52,443,1 cup halves,270
Bananas,Fruits,89,0.33,0,1,22.84,2.6,12.23,1.09,0,5,0.26,358,1 cup mashed,225
Dried Bananas,Fruits,346,1.81,0,3,88.28,9.9,47.3,3.89,0,22,1.15,1491,1 cup,100
Blackberries,Fruits,43,0.49,0,1,9.61,5.3,4.88,1.39,0,29,0.62,162,1 cup,144
Blackberry Juice Canned,Fruits,38,0.6,0,1,7.8,0.1,7.7,0.3,0,12,0.48,135,1 cup,250
Blueberries Canned Heavy Syrup Solids And Liquids,Fruits,88,0.33,0,3,22.06,1.6,20.46,0.65,0,5,0.33,40,1 cup,256
Wild Blueberries (Frozen),Fruits,57,0.16,0,3,13.85,4.4,NULL,0,0,17,0.58,68,1 cup frozen,140
Blueberries (Frozen),Fruits,51,0.64,0,1,12.17,2.7,8.45,0.42,0,8,0.18,54,1 cup unthawed,155
Blueberries Frozen Sweetened,Fruits,85,0.13,0,1,21.95,2.2,19.72,0.4,0,6,0.39,60,1 cup thawed,230
Carissa,Fruits,62,1.3,0,3,13.63,NULL,NULL,0.5,NULL,11,1.31,260,1 cup slices,150
Cherimoya,Fruits,75,0.68,0,7,17.71,3,12.87,1.57,NULL,10,0.27,287,1 cup pieces,160
Sour Red Cherries,Fruits,50,0.3,0,3,12.18,1.6,8.49,1,0,16,0.32,173,1 cup without pits,155
Cherries Sour Red Canned Water Pack Solids And Liquids (Includes USDA Commodity Red Tart Cherries Canned),Fruits,36,0.1,0,7,8.94,1.1,7.6,0.77,0,11,1.37,98,1 cup,244
Cherries Sour Red Canned Light Syrup Pack Solids And Liquids,Fruits,75,0.1,0,7,19.3,0.8,NULL,0.74,0,10,1.32,95,1 cup,252
Cherries Sweet Canned Water Pack Solids And Liquids,Fruits,46,0.13,0,1,11.76,1.5,10.26,0.77,0,11,0.36,131,1 cup pitted,248
Cherries Sweet Canned Juice Pack Solids And Liquids,Fruits,54,0.02,0,3,13.81,1.5,12.31,0.91,0,14,0.58,131,1 cup pitted,250
Cherries Sweet Canned Light Syrup Pack Solids And Liquids,Fruits,67,0.15,0,3,17.29,1.5,15.79,0.61,0,9,0.36,148,1 cup pitted,252
Cherries Sweet Canned Pitted Heavy Syrup Pack Solids And Liquids,Fruits,83,0.15,0,3,21.27,1.4,16.18,0.6,0,9,0.35,145,1 cup,253
Cranberry Sauce Canned Sweetened,Fruits,159,0.15,0,5,40.4,1.1,31.75,0.9,0,3,0.41,28,1 cup,277
Cranberry-Orange Relish Canned,Fruits,178,0.1,0,32,46.2,0,NULL,0.3,NULL,11,0.2,38,1 cup,275
European Black Currants,Fruits,63,0.41,0,2,15.38,NULL,NULL,1.4,NULL,55,1.54,322,1 cup,112
Red And White Currants,Fruits,56,0.2,0,1,13.8,4.3,7.37,1.4,0,33,1,275,1 cup,112
Beef Australian Imported Grass-Fed Loin Tenderloin Steak/roast Boneless Separable Lean Only Raw,Meats,138,6.11,49,63,0,0,0,20.85,NULL,4,2.25,NULL,4 oz,114
Beef Australian Imported Wagyu Loin Tenderloin Steak/roast Boneless Separable Lean Only Aust. Marble Score 4/5 Raw,Meats,191,12.3,59,64,0,0,0,20.19,NULL,4,2.24,NULL,4 oz,114
Beef Australian Imported Wagyu External Fat Aust. Marble Score 9 Raw,Meats,639,68.07,95,43,0.97,0,0,5.54,NULL,4,0.81,NULL,1 oz,28
Beef Australian Imported Wagyu Seam Fat Aust. Marble Score 9 Raw,Meats,627,67.33,96,27,0,0,0,5.16,NULL,2,0.91,NULL,1 oz,28
Beef Australian Imported Grass-Fed Loin Tenderloin Steak/roast Boneless Separable Lean And Fat Raw,Meats,151,7.63,50,62,0.01,0,0,20.53,NULL,4,2.21,NULL,4 oz,114
Beef Australian Imported Grass-Fed Loin Top Loin Steak/roast Boneless Separable Lean Only Raw,Meats,131,4.87,41,66,0,0,0,21.79,NULL,5,1.57,NULL,4 oz,114
Beef Australian Imported Grass-Fed Round Bottom Round Steak/roast Boneless Separable Lean Only Raw,Meats,130,4.93,54,71,0,0,0,21.4,NULL,4,2.11,NULL,4 oz,114
Beef Australian Imported Grass-Fed Round Top Round Cap-Off Steak/roast Boneless Separable Lean Only Raw,Meats,129,4.43,48,60,0,0,0,22.41,NULL,5,2.3,NULL,4 oz,114
Beef Australian Imported Wagyu Loin Tenderloin Steak/roast Boneless Separable Lean Only Aust. Marble Score 9 Raw,Meats,237,17.73,74,62,0.57,0,0,18.87,NULL,4,2.41,NULL,4 oz,114
Beef Australian Imported Wagyu Loin Top Loin Steak/roast Boneless Separable Lean Only Aust. Marble Score 4/5 Raw,Meats,223,15.69,58,61,0.2,0,0,20.15,NULL,4,1.85,NULL,4 oz,114
Beef Australian Imported Grass-Fed Rib Ribeye Steak/roast Lip-On Boneless Separable Lean And Fat Raw,Meats,217,15.21,52,60,0.11,0,0,19.8,NULL,5,1.74,NULL,4 oz,114
Beef Australian Imported Grass-Fed Round Bottom Round Steak/roast Boneless Separable Lean And Fat Raw,Meats,140,6.16,55,70,0.01,0,0,21.13,NULL,5,2.08,NULL,4 oz,114
Beef Australian Imported Grass-Fed Round Top Round Cap-Off Steak/roast Boneless Separable Lean And Fat Raw,Meats,129,4.4,47,59,0,0,0,22.24,NULL,5,2.28,NULL,4 oz,114
Beef Australian Imported Wagyu Loin Top Loin Steak/roast Boneless Separable Lean And Fat Aust. Marble Score 4/5 Raw,Meats,289,24.2,63,56,0.12,0,0,17.67,NULL,4,1.69,NULL,4 oz,114
Beef Australian Imported Wagyu Loin Top Loin Steak/roast Separable Lean And Fat Aust. Marble Score 9 Raw,Meats,392,36.98,68,61,0.14,0,0,14.58,NULL,4,1.54,NULL,4 oz,114
Beef Round Top Round Steak Boneless Separable Lean And Fat Trimmed To 0 Inch Fat Choice Raw,Meats,127,3.66,62,56,0,0,0,23.49,0,13,2.35,307,3 oz,85
Beef Round Top Round Steak Boneless Separable Lean And Fat Trimmed To 0 Inch Fat Select Raw,Meats,120,2.85,63,54,0,0,0,23.49,0,13,2.34,314,3 oz,85
Beef Round Top Round Roast Boneless Separable Lean And Fat Trimmed To 0 Inch Fat All Grades Raw,Meats,125,3.5,62,54,0,0,0,23.45,0,13,2.33,311,3 oz,85
Beef Round Top Round Roast Boneless Separable Lean And Fat Trimmed To 0 Inch Fat Choice Raw,Meats,128,3.81,62,56,0,0,0,23.46,0,13,2.35,306,3 oz,85
Beef Round Eye Of Round Steak Boneless Separable Lean And Fat Trimmed To 0 Inch Fat All Grades Raw,Meats,124,3.48,60,53,0,0,0,23.26,0,13,1.45,317,3 oz,85
Beef Round Eye Of Round Steak Boneless Separable Lean And Fat Trimmed To 0 Inch Fat Choice Raw,Meats,127,3.83,58,52,0,0,0,23.24,0,13,1.47,322,3 oz,85
Beef Round Eye Of Round Steak Boneless Separable Lean And Fat Trimmed To 0 Inch Fat Select Raw,Meats,120,2.95,62,50,0,0,0,23.3,0,13,1.37,310,3 oz,85
Beef Loin Tenderloin Roast Boneless Separable Lean And Fat Trimmed To 0 Inch Fat All Grades Raw,Meats,149,6.93,61,44,0,0,0,21.67,0.1,14,2.48,284,3 oz,85
Beef Loin Tenderloin Steak Boneless Separable Lean And Fat Trimmed To 0 Inch Fat All Grades Raw,Meats,147,6.67,61,44,0,0,0,21.72,0.1,14,2.49,285,3 oz,85
Beef Loin Tenderloin Steak Boneless Separable Lean And Fat Trimmed To 0 Inch Fat Choice Raw,Meats,150,7.1,60,44,0,0,0,21.57,0.1,14,2.53,280,3 oz,85
Beef Loin Tenderloin Steak Boneless Separable Lean And Fat Trimmed To 0 Inch Fat Select Raw,Meats,142,6.02,62,42,0,0,0,21.95,0,14,2.47,295,3 oz,85
Beef Loin Tenderloin Roast Boneless Separable Lean And Fat Trimmed To 0 Inch Fat All Grades Cooked Roasted,Meats,183,8.14,84,56,0,0,0,27.31,0.1,13,3.2,346,3 oz,85
Beef Round Top Round Roast Boneless Separable Lean And Fat Trimmed To 0 Inch Fat Select Cooked Roasted,Meats,157,3.72,78,67,0,0,0,30.97,0,17,2.88,387,3 oz,85
Beef Round Eye Of Round Steak Boneless Separable Lean And Fat Trimmed To 0 Inch Fat All Grades Cooked Grilled,Meats,159,4.47,78,68,0,0,0,29.66,0,17,1.88,411,3 oz,85
Beef Round Eye Of Round Steak Boneless Separable Lean And Fat Trimmed To 0 Inch Fat Choice Cooked Grilled,Meats,163,4.83,76,67,0,0,0,29.79,0,17,1.91,419,3 oz,85
Beef Round Eye Of Round Steak Boneless Separable Lean And Fat Trimmed To 0 Inch Fat Select Cooked Grilled,Meats,154,3.98,81,65,0,0,0,29.47,0,16,1.78,402,3 oz,85
Beef Round Top Round Roast Boneless Separable Lean Only Trimmed To 0 Inch Fat Choice Raw,Meats,124,3.26,61,56,0,0,0,23.59,0,13,2.35,309,3 oz,85
Beef Round Top Round Roast Boneless Separable Lean Only Trimmed To 0 Inch Fat Select Raw,Meats,116,2.45,63,55,0,0,0,23.59,0,13,2.34,316,3 oz,85
Beef Round Eye Of Round Roast Boneless Separable Lean Only Trimmed To 0 Inch Fat All Grades Raw,Meats,121,3.04,60,53,0,0,0,23.37,0,13,1.45,319,3 oz,85
Beef Round Eye Of Round Roast Boneless Separable Lean Only Trimmed To 0 Inch Fat Choice Raw,Meats,124,3.38,58,52,0,0,0,23.35,0,13,1.47,324,3 oz,85
Beef Loin Tenderloin Roast Boneless Separable Lean Only Trimmed To 0 Inch Fat Choice Raw,Meats,143,6.16,60,45,0,0,0,21.78,0.1,13,2.55,284,3 oz,85
Beef Loin Tenderloin Roast Boneless Separable Lean Only Trimmed To 0 Inch Fat Select Raw,Meats,135,5.1,62,42,0,0,0,22.16,0.1,14,2.48,298,3 oz,85
Beef Loin Top Loin Steak Boneless Lip Off Separable Lean Only Trimmed To 0 Inch Fat All Grades Raw,Meats,143,5.67,60,46,0,0,0,23.07,0.1,15,1.84,284,3 oz,85
Beef Loin Top Loin Steak Boneless Lip Off Separable Lean Only Trimmed To 0 Inch Fat Choice Raw,Meats,149,6.34,58,46,0,0,0,22.93,0.1,15,1.93,283,3 oz,85
Beef Loin Tenderloin Roast Boneless Separable Lean Only Trimmed To 0 Inch Fat All Grades Cooked Roasted,Meats,177,7.49,84,56,0,0,0,27.51,0.1,13,3.22,350,3 oz,85
Beef Loin Tenderloin Roast Boneless Separable Lean Only Trimmed To 0 Inch Fat Choice Cooked Roasted,Meats,183,8.13,82,56,0,0,0,27.48,0.1,14,3.25,350,3 oz,85
Beef Loin Tenderloin Roast Separable Lean Only Boneless Trimmed To 0 Inch Fat Select Cooked Roasted,Meats,169,6.54,85,54,0,0,0,27.55,0.1,13,3.04,352,3 oz,85
Beef Round Top Round Roast Boneless Separable Lean Only Trimmed To 0 Inch Fat All Grades Cooked Roasted,Meats,162,3.77,77,67,0,0,0,30.09,0,16,2.89,387,3 oz,85
Beef Round Eye Of Round Steak Boneless Separable Lean Only Trimmed To 0 Inch Fat Select Cooked Grilled,Meats,149,3.43,81,65,0,0,0,29.52,0,16,1.78,405,3 oz,85
Beef Loin Top Loin Steak Boneless Lip-On Separable Lean Only Trimmed To 1/8 Inch Fat Select Raw,Meats,135,4.66,62,47,0,0,0,23.3,0.1,14,1.73,288,3 oz,85
Beef Loin Top Loin Steak Boneless Lip-On Separable Lean Only Trimmed To 1/8 Inch Fat Choice Raw,Meats,149,6.34,58,46,0,0,0,22.93,0.1,15,1.93,283,3 oz,85
Beef Loin Top Loin Steak Boneless Lip-On Separable Lean Only Trimmed To 1/8 Inch Fat All Grades Raw,Meats,143,5.67,60,46,0,0,0,23.07,0.1,15,1.84,284,3 oz,85
Beef Composite Of Trimmed Retail Cuts Separable Lean Only Trimmed To 1/8 Inch Fat Choice Raw,Meats,142,6.05,62,55,0,0,0,22.01,0.1,18,1.91,308,4 oz,114
Beef Composite Separable Lean Only Trimmed To 1/8 Inch Fat Choice Cooked,Meats,203,9.16,82,53,0,0,0,28.73,0.1,11,2.49,298,3 oz,85
Beef Composite Of Trimmed Retail Cuts Separable Lean And Fat Trimmed To 0 Inch Fat Choice Raw,Meats,176,10.08,66,61,0,0,0,21.34,0.1,13,2.07,306,4 oz,114
Beef Composite Of Trimmed Retail Cuts Separable Lean Only Trimmed To 0 Inch Fat Choice Raw,Meats,151,7.24,66,66,0,0,0,21.55,0.1,14,2.16,335,4 oz,114
Beef Chuck Mock Tender Steak Separable Lean Only Trimmed To 0 Inch Fat All Grades Cooked Broiled,Meats,159,5.42,63,71,0,0,0,25.9,NULL,8,2.93,293,3 oz,85
Beef Chuck Top Blade Separable Lean Only Trimmed To 0 Inch Fat All Grades Cooked Broiled,Meats,203,10.16,60,68,0,0,0,26.13,NULL,7,2.81,304,3 oz,85
Beef Chuck Clod Roast Separable Lean Only Trimmed To 1/4 Inch Fat All Grades Raw,Meats,129,5.02,59,64,0,0,0,19.63,NULL,6,2.35,354,1 oz,28.4
Beef Chuck Clod Roast Separable Lean Only Trimmed To 0 Inch Fat All Grades Cooked Roasted,Meats,172,6.34,67,74,0,0,0,26.82,NULL,7,3.2,385,3 oz ( 1 serving  ),85
Beef Chuck Mock Tender Steak Separable Lean And Fat Trimmed To 0 Inch Fat USDA Select Cooked Broiled,Meats,159,5.24,60,68,0,0,0,26.08,NULL,7,2.8,293,3 oz,85
Beef Chuck Top Blade Separable Lean And Fat Trimmed To 0 Inch Fat Choice Cooked Broiled,Meats,227,12.93,58,68,0,0,0,25.77,NULL,7,2.77,300,3 oz,85
Beef Chuck Top Blade Separable Lean And Fat Trimmed To 0 Inch Fat Select Cooked Broiled,Meats,200,9.99,67,67,0,0,0,25.67,NULL,7,2.74,298,3 oz,85
Beef Chuck Clod Roast Separable Lean And Fat Trimmed To 0 Inch Fat Choice Cooked Roasted,Meats,216,12.26,67,71,0,0,0,24.61,0.2,8,3.02,363,3 oz,85
Beef Loin Bottom Sirloin Butt Tri-Tip Steak Separable Lean And Fat Trimmed To 0 Inch Fat All Grades Cooked Broiled,Meats,265,15.18,68,72,0,0,0,29.97,NULL,12,3.64,437,3 oz,85
Beef Chuck Mock Tender Steak Separable Lean And Fat Trimmed To 0 Inch Fat All Grades Cooked Broiled,Meats,160,5.52,63,71,0,0,0,25.87,NULL,8,2.93,293,3 oz,85
Beef Chuck Top Blade Separable Lean And Fat Trimmed To 0 Inch Fat All Grades Cooked Broiled,Meats,216,11.73,61,67,0,0,0,25.73,NULL,7,2.76,299,3 oz,85
Beef Chuck Clod Roast Separable Lean And Fat Trimmed To 0 Inch Fat All Grades Cooked Roasted,Meats,207,10.84,69,71,0,0,0,25.7,NULL,7,3.05,367,3 oz,85
Beef Ground 95% Lean Meat / 5% Fat Crumbles Cooked Pan-Browned,Meats,193,7.58,89,85,0,0,0,29.17,0,9,3.23,459,3 oz,85
Beef Ground 95% Lean Meat / 5% Fat Loaf Cooked Baked,Meats,174,6.37,88,58,0,0,0,27.31,0,8,3.05,315,3 oz,85
Beef Ground 90% Lean Meat / 10% Fat Raw,Meats,176,10,65,66,0,0,0,20,0.1,12,2.24,321,4 oz,113
Beef Ground 90% Lean Meat / 10% Fat Patty Cooked Broiled,Meats,217,11.75,88,68,0,0,0,26.11,0,13,2.71,333,3 oz,85
Beef Ground 85% Lean Meat / 15% Fat Patty Cooked Broiled,Meats,250,15.41,88,72,0,0,0,25.93,0,18,2.6,318,3 oz,85
Beef Ground 85% Lean Meat / 15% Fat Patty Cooked Pan-Broiled,Meats,232,14.02,84,79,0,0,0,24.62,0,20,2.68,349,3 oz,85
Beef Ground 85% Lean Meat / 15% Fat Crumbles Cooked Pan-Browned,Meats,256,15.3,89,89,0,0,0,27.73,0,22,2.93,407,3 oz,85
Beef Ground 85% Lean Meat / 15% Fat Loaf Cooked Baked,Meats,240,14.36,88,64,0,0,0,25.93,0,18,2.74,286,3 oz,85
Beef Ground 80% Lean Meat / 20% Fat Raw,Meats,254,20,71,66,0,0,0,17.17,0.1,18,1.94,270,4 oz,113
Beef Ground 75% Lean Meat / 25% Fat Raw,Meats,293,25,75,66,0,0,0,15.76,0.1,21,1.79,244,4 oz,113
Beef Ground 75% Lean Meat / 25% Fat Patty Cooked Broiled,Meats,279,18.87,88,78,0,0,0,25.56,0,30,2.37,289,3 oz,85
Beef Ground 75% Lean Meat / 25% Fat Patty Cooked Pan-Broiled,Meats,248,16.44,84,87,0,0,0,23.45,0,32,2.5,322,3 oz,85
Beef Ground 75% Lean Meat / 25% Fat Crumbles Cooked Pan-Browned,Meats,277,18.21,89,93,0,0,0,26.28,0,34,2.63,354,3 oz,85
Beef Short Loin Top Loin Steak Separable Lean Only Trimmed To 1/8 Inch Fat Select Raw,Meats,133,3.88,40,57,0,0,0,23.07,NULL,23,1.63,361,3 oz,85
Beef Rib Small End (Ribs 10-12) Separable Lean Only Trimmed To 1/8 Inch Fat Select Cooked Broiled,Meats,188,6.22,98,66,0,0,0,30.87,NULL,22,1.91,409,1 oz,28.4
Beef Tenderloin Steak Separable Lean Only Trimmed To 1/8 Inch Fat Select Cooked Broiled,Meats,194,7.76,83,62,0,0,0,29.07,NULL,21,1.81,386,1 oz,28.4
Beef Top Sirloin Steak Separable Lean Only Trimmed To 1/8 Inch Fat Select Cooked Broiled,Meats,170,4.96,77,62,0,0,0,29.34,0.1,21,1.81,386,1 oz,28.4
Beef Round Bottom Round Steak Separable Lean Only Trimmed To 1/8 Inch Fat Select Cooked Braised,Meats,205,6.43,92,46,0,0,0,34.46,NULL,7,2.85,289,1 oz,28.4
Beef Round Bottom Round Roast Separable Lean Only Trimmed To 1/8 Inch Fat All Grades Raw,Meats,128,4.31,61,59,0,0,0,22.19,NULL,20,1.92,350,1 oz,28.4
Beef Brisket Flat Half Separable Lean Only Trimmed To 1/8 Inch Fat All Grades Cooked Braised,Meats,196,6,97,54,0,0,0,33.15,NULL,16,2.81,266,1 oz,28.4
Beef Brisket Flat Half Separable Lean Only Trimmed To 1/8 Inch Fat All Grades Raw,Meats,127,3.84,65,74,0,0,0,21.57,NULL,16,1.92,336,1 oz,28.4
Beef Round Eye Of Round Roast Separable Lean Only Trimmed To 1/8 Inch Fat All Grades Raw,Meats,124,3,59,60,0,0,0,22.6,NULL,20,1.96,357,1 oz,28.4
Beef Chuck Arm Pot Roast Separable Lean Only Trimmed To 1/8 Inch Fat All Grades Cooked Braised,Meats,214,7.36,104,56,0,0,0,34.66,0.1,16,2.93,277,1 oz,28.4
Beef Chuck Arm Pot Roast Separable Lean Only Trimmed To 1/8 Inch Fat All Grades Raw,Meats,132,4.19,65,74,0,0,0,22.11,NULL,16,1.93,337,1 oz,28.4
Beef Round Bottom Round Roast Separable Lean Only Trimmed To 1/8 Inch Fat All Grades Cooked,Meats,163,5.72,76,37,0,0,0,28,NULL,6,2.35,230,1 oz,28.4
Beef Round Bottom Round Steak Separable Lean Only Trimmed To 1/8 Inch Fat All Grades Cooked Braised,Meats,216,7.73,94,45,0,0,0,34.34,0.1,7,2.87,282,1 oz,28.4
Beef Top Sirloin Steak Separable Lean Only Trimmed To 1/8 Inch Fat All Grades Cooked Broiled,Meats,178,5.84,79,61,0,0,0,29.42,0.1,19,1.87,376,1 oz,28.4
Beef Top Sirloin Steak Separable Lean Only Trimmed To 1/8 Inch Fat All Grades Raw,Meats,131,4.08,60,56,0,0,0,22.09,0.1,25,1.61,349,1 oz,28.4
Beef Chuck Arm Pot Roast Separable Lean Only Trimmed To 1/8 Inch Fat Choice Raw,Meats,139,5.05,65,74,0,0,0,21.96,0.1,15,2.02,332,1 oz,28.4
Beef Brisket Flat Half Separable Lean Only Trimmed To 1/8 Inch Fat Choice Raw,Meats,129,4.06,65,75,0,0,0,21.69,NULL,15,2.04,335,1 oz,28.4
Beef Round Bottom Round Roast Separable Lean Only Trimmed To 1/8 Inch Fat Choice Raw,Meats,140,4.96,62,56,0,0,0,22.22,NULL,19,2.06,341,1 oz,28.4
Beef Round Bottom Round Roast Separable Lean Only Trimmed To 1/8 Inch Fat Choice Cooked Roasted,Meats,179,6.77,77,36,0,0,0,27.56,NULL,6,2.43,225,1 oz,28.4
Beef Round Eye Of Round Roast Separable Lean Only Trimmed To 1/8 Inch Fat Choice Cooked Roasted,Meats,175,5.3,78,39,0,0,0,29.87,NULL,6,2.61,241,1 oz,28.4
Beef Round Top Round Steak Separable Lean Only Trimmed To 1/8 Inch Fat Choice Cooked Broiled,Meats,193,6.25,86,42,0,0,0,32.04,NULL,7,2.84,263,1 oz,28.4
Soup Clam Chowder New England Canned Ready-To-Serve,Soups and Sauces,79,3.94,NULL,343,8.28,1,0.23,2.61,NULL,15,0.48,175,1 cup,254
Soup Clam Chowder New England Reduced Sodium Canned Ready-To-Serve,Soups and Sauces,70,4.23,3,194,5.68,0.8,0,2.33,0,14,0.56,337,1 can,519
Soup Chicken Noodle Reduced Sodium Canned Ready-To-Serve,Soups and Sauces,41,1.34,4,186,3.84,0.8,0.34,3.29,0,11,0.33,285,1 cup,245
Soup Beef And Vegetables Reduced Sodium Canned Ready-To-Serve,Soups and Sauces,42,0.95,NULL,175,4.99,0.8,1.22,3.26,NULL,17,0.45,277,1 cup,245
Sauce Sweet And Sour Ready-To-Serve,Soups and Sauces,154,0.02,0,539,38.22,0.1,18.75,0.27,0,10,0.21,99,2 tbsp,35
Sauce Cocktail Ready-To-Serve,Soups and Sauces,128,1.05,0,1262,28.22,1.8,11.83,1.36,0,26,0.83,309,1/4 cup,60
Dip Salsa Con Queso Cheese And Salsa- Medium,Soups and Sauces,143,9.51,9,796,11.14,0.7,1.95,3.14,0,98,0.14,105,2 tbsp,30
Dip Tostitos Salsa Con Queso Medium,Soups and Sauces,133,8.26,9,773,11.72,0.6,1.4,2.92,NULL,90,0.14,88,2 tbsp,30
Sauce Peanut Made From Peanut Butter Water Soy Sauce,Soups and Sauces,257,16.02,0,1338,22.02,1.8,17.07,6.31,0,22,0.91,235,1 tbsp,18
Soup Chunky Vegetable Reduced Sodium Canned Ready-To-Serve,Soups and Sauces,50,0.51,1,138,10.28,1.1,2.78,1.16,0,25,0.4,349,1 cup,240
Gravy Heinz Home Style Classic Chicken,Soups and Sauces,46,2.57,4,372,5.01,NULL,0,0.67,NULL,10,0.07,35,1/4 cup,58
Soup Beef Barley Ready To Serve,Soups and Sauces,52,0.96,4,297,7.94,0.9,1.22,2.81,0,11,0.45,121,1 cup,208
Sauce Enchilada Red Mild Ready To Serve,Soups and Sauces,30,0.91,0,547,4.87,0.5,1.83,0.62,0,7,0.67,101,1/4 cup,56
Bread Chapati Or Roti Whole Wheat Commercially Prepared Frozen,Baked Foods,299,9.2,0,298,46.13,9.7,2.93,7.85,0,36,2.2,196,1 piece,43
Bread Paratha Whole Wheat Commercially Prepared Frozen,Baked Foods,326,13.2,1,452,45.35,9.6,4.15,6.36,0,25,1.61,139,1 piece,79
Bread Naan Whole Wheat Commercially Prepared Refrigerated,Baked Foods,286,6.7,1,467,46.21,4.8,3.4,10.2,0,59,1.73,185,1 piece,106
Bread Roll Mexican Bollilo,Baked Foods,318,5.8,1,506,55.77,2.2,3.55,10.65,0,41,3.9,131,1 piece,98
Cookie Butter Or Sugar With Chocolate Icing Or Filling,Baked Foods,503,23.5,1,301,68.83,1.9,33.8,4.1,0,19,2.44,234,3 cookies,31
Cookie Chocolate With Icing Or Coating,Baked Foods,507,24.2,0,380,67.87,2.3,32,4.5,0,15,3,95,4 cookies,32
Tortillas Ready-To-Bake Or -Fry Whole Wheat,Baked Foods,310,9.76,0,617,45.89,9.8,2.44,9.76,0,244,2.63,262,1 tortilla 1 serving,41
Cake Snack Cakes Creme-Filled Chocolate With Frosting Low-Fat With Added Fiber,Baked Foods,409,13,93,483,69.37,14.9,33.42,3.71,0.2,149,4.01,193,1 cake 1 serving,27
Cookies Graham Crackers Plain Or Honey Lowfat,Baked Foods,386,5.71,0,629,77.96,5.7,22.86,5.71,0,429,3.09,171,1 serving,35
Crackers Cheese Whole Grain,Baked Foods,412,16.03,16,706,57.29,6.4,0,9.62,0.1,128,3.46,212,1 serving 55 pieces,31
Waffles Whole Wheat Lowfat Frozen Ready-To-Heat,Baked Foods,257,3.57,0,557,49.16,4.3,4.29,7.14,0,143,6.43,164,1 serving 2 waffles,70
Pancakes Plain Reduced Fat,Baked Foods,269,1.9,24,429,57.32,1,8.57,5.71,0.1,57,1.71,97,1 serving 3 pancakes,105
Cookies Shortbread Reduced Fat,Baked Foods,451,14,0,571,75.99,1.3,21.65,5.37,0,13,2.98,88,1 cookie,11.8
Cookies Sugar Wafer Chocolate-Covered,Baked Foods,526,27.59,0,138,65.99,3.4,51.72,3.45,0,0,1.24,311,3 cookie,29
Rolls Hamburger Or Hot Dog Wheat/cracked Wheat,Baked Foods,269,3.61,0,463,47.31,4.2,6.9,11.69,0,196,2.92,181,1 roll,51
Rolls Hamburger Or Hot Dog Whole Wheat,Baked Foods,269,4.38,0,477,44.93,6.1,5.92,12.38,0,198,2.42,242,1 roll,56
Bread French Or Vienna Whole Wheat,Baked Foods,239,1.04,0,375,49.1,4.2,0,8.33,0,42,0.75,163,1 slice 1 serving,48
Bagels Whole Grain White,Baked Foods,255,0,0,372,54.52,4.7,9.3,9.3,0,93,4.19,176,1/2 piece bagel 1 serving,43
English Muffins Whole Grain White,Baked Foods,245,1.75,0,386,50.17,3.5,1.75,7.02,0,140,2.53,130,1 muffin 1 serving,57
Rolls Hamburger Whole Grain White Calcium-Fortified,Baked Foods,255,3.49,0,512,46.5,2.3,9.3,9.3,0,233,2.59,190,1 piece roll,43
Cookies Chocolate Chip Sandwich With Creme Filling,Baked Foods,425,17.65,0,279,63.52,0,38.24,2.94,0,0,1.06,94,1 cookie,34
Cookies Chocolate Made With Rice Cereal,Baked Foods,440,19.35,0,210,63.26,1.6,40.32,3.23,0,32,2.49,227,1 cookie,62
Cookies Marshmallow With Rice Cereal And Chocolate Chips,Baked Foods,435,18.18,0,341,63.26,0,40.91,4.55,0.9,0,1.64,227,1 bar,22
Crackers Flavored Fish-Shaped,Baked Foods,463,17.71,NULL,970,65.67,3.1,1.18,10.16,NULL,83,4.58,224,10 goldfish,5.2
Bread Gluten-Free White Made With Potato Extract Rice Starch And Rice Flour,Baked Foods,320,10.7,NULL,528,52.83,3.5,8.36,3.13,NULL,24,0.76,92,1 slice,34
Bread Gluten-Free White Made With Rice Flour Corn Starch And/or Tapioca,Baked Foods,248,5.24,0,447,45.78,4.3,3.53,4.31,0,138,2.63,75,1 slice,35
Bread Gluten-Free White Made With Tapioca Starch And Brown Rice Flour,Baked Foods,298,8.02,NULL,515,51.15,5.5,11.3,5.4,NULL,59,0.53,107,1 slice,28
Bread Gluten-Free Whole Grain Made With Tapioca Starch And Brown Rice Flour,Baked Foods,309,9.34,NULL,510,49.09,4.9,9.81,7.25,NULL,60,0.76,123,1 slice,25
Crackers Gluten-Free Multigrain And Vegetable Made With Corn Starch And White Rice Flour,Baked Foods,456,15.41,NULL,890,76.94,3,3.9,2.5,NULL,28,0.56,86,3 crackers,10.7
Crackers Gluten-Free Multi-Seeded And Multigrain,Baked Foods,453,15.84,0,438,66.3,10.2,0.86,11.25,0,238,2.83,381,3 crackers,6.1
Waffles Gluten-Free Frozen Ready-To-Heat,Baked Foods,263,8.84,0,505,43.05,1.4,1.73,2.72,0,40,0.63,124,1 waffle,45
Pancakes Gluten-Free Frozen Ready-To-Heat,Baked Foods,215,4.55,12,331,40.32,1.5,4.06,3.31,0,39,0.7,127,1 pancake,48
Rolls Dinner Sweet,Baked Foods,321,7.37,55,253,53.58,3.1,15.38,10.04,0,62,2.74,149,1 roll,30
Citrus Energy Drink,Beverages,45,0,0,10,11.27,0,10.42,0,0,8,0,4,8 fl oz,240
Mouvedre Wine,Beverages,88,0,NULL,NULL,2.64,NULL,NULL,0.07,NULL,NULL,NULL,NULL,1 fl oz,29.4
Chardonnay,Beverages,84,0,NULL,5,2.16,0,0.96,0.07,NULL,9,0.27,71,1 fl oz,29.3
Kiwi Strawberry Juice Drink,Beverages,47,0,0,11,12.26,0,11.63,0,0,0,0.15,14,16 fl oz,473
Motts Light Apple Juice,Beverages,22,0.1,0,13,5.1,0,4.8,0,0,3,0.2,51,8 fl oz,240
Mixed Berry Powerade Zero,Beverages,0,0,0,42,0.14,0,0,0,0,0,0,10,12 fl oz,360
Carob-Flavor Beverage Mix Powder,Beverages,372,0.2,0,103,93.3,8,NULL,1.8,NULL,32,4.6,104,1 tbsp,12
Carob-Flavor Beverage Mix Powder Prepared With Whole Milk,Beverages,75,3.11,10,46,8.68,0.4,NULL,3.16,NULL,98,0.25,131,1 cup (8 fl oz),256
Coconut Milk Sweetened Fortified With Calcium Vitamins A B12 D2,Beverages,31,2.08,0,19,2.92,0,2.5,0.21,1,188,0.3,19,1 cup,240
Chocolate Syrup,Beverages,279,1.13,0,72,65.1,2.6,49.65,2.1,0,14,2.11,224,1 serving 2 tbsp,39
Chocolate Syrup Prepared With Whole Milk,Beverages,90,2.96,9,47,12.78,0.3,11.31,3.07,NULL,89,0.32,145,1 cup (8 fl oz),282
Ice Mocha,Beverages,60,0.98,0,31,11.42,0,9.23,1.48,0,52,0.09,136,1 cup,265
Oolong Tea,Beverages,1,0,0,3,0.15,0,0,0,0,1,0,12,,NULL
Citrus Green Tea,Beverages,1,0,0,26,0.31,0,0,0,0,1,0,13,1 cup,265
Cocoa Mix Powder,Beverages,398,4,0,504,83.73,3.7,65.55,6.67,0,133,1.19,712,1 serving (3 heaping tsp or 1 envelope),28
Cocoa Mix Powder Prepared With Water,Beverages,55,0.55,0,73,11.54,0.5,9.03,0.92,NULL,21,0.17,99,1 fl oz,34.3
Cocoa Mix Nestle Hot Cocoa Mix Rich Chocolate With Marshmallows,Beverages,400,15,0,800,75,3.7,65,2.8,NULL,80,1.8,NULL,1 serving 1 envelope,20
Coffee Brewed Espresso Restaurant-Prepared Decaffeinated,Beverages,9,0.18,0,14,1.69,0,0,0.1,0,2,0.13,115,1 fl oz,29.6
Coffee Instant Regular Half The Caffeine,Beverages,352,0.5,0,37,73.18,0,0,14.42,0,141,4.41,3535,1 tsp,1
Coffee And Cocoa Instant Decaffeinated With Whitener And Low Calorie Sweetener,Beverages,440,13.21,0,500,71.4,4.8,34.98,9,0,60,3.06,1856,1 tsp dry,6.4
Tea Green Ready-To-Drink Sweetened,Beverages,27,0.22,0,21,6.2,0,5.32,0,0,1,0,12,1 cup,270
Tea Ready-To-Drink Lemon Diet,Beverages,2,0,0,1,0.41,0,0,0,0,0,0,37,1 cup,266
Instant Coffee (Prepared With Water),Beverages,2,0,0,4,0.34,0,0,0.1,NULL,4,0.04,30,1 fl oz,29.8
Aloe Vera Juice Drink Fortified With Vitamin C,Beverages,15,0,0,8,3.75,0,3.75,0,0,8,0.15,0,8 fl oz,240
Ocean Spray Cran Grape,Beverages,54,0,1,19,13.16,0.6,12.6,0.21,0,3,0.04,11,8 fl oz,240
Coffee Instant Decaffeinated Powder,Beverages,351,0.2,0,23,76,0,0,11.6,0,140,3.8,3501,1 tsp rounded,1.8
Coffee Instant Chicory,Beverages,3,0,0,7,0.75,0,0,0.09,NULL,4,0.05,35,1 fl oz,29.9
Coffee Instant Mocha Sweetened,Beverages,460,15.87,0,317,74.04,1.9,58.2,5.29,0,271,0,1033,1 serving 2 tbsp,13
Ocean Spray Light Cranberry And Raspberry Flavored Juice,Beverages,26,0,0,2,5.77,0.7,5.02,0.73,0,4,0.04,47,8 fl oz,242
Ocean Spray White Cranberry Strawberry Flavored Juice Drink,Beverages,49,0.01,0,3,11.98,0.6,11.42,0.22,0,4,0.04,14,8 fl oz,247
Coffee Substitute Cereal Grain Beverage Powder,Beverages,360,2.52,0,83,78.42,23.3,4.63,6.01,0,58,4.6,2443,1 tsp (1 serving),3
Coffee Substitute Cereal Grain Beverage Prepared With Water,Beverages,6,0.04,0,5,1.3,0.4,0.08,0.1,0,4,0.08,41,1 fl oz,30.1
Cranberry-Apple Juice Drink Bottled,Beverages,63,0.11,0,2,15.85,0,14.5,0,0,3,0.07,17,1 fl oz,30.6
Alcoholic Beverage Malt Beer Hard Lemonade,Beverages,68,0,0,5,10.07,0,9.77,0,0,4,0.03,27, fl oz,335
Cranberry-Apricot Juice Drink Bottled,Beverages,64,0,0,2,16.2,0.1,NULL,0.2,NULL,9,0.15,61,1 fl oz,30.6
Tea Green Instant Decaffeinated Lemon Unsweetened Fortified With Vitamin C,Beverages,378,0,0,0,94.45,0,0,0,0,2,0.21,169,2 tbsp,4.5
Black Tea (Ready To Drink),Beverages,0,0,0,2,0,0,0,0,0,0,0,0,16 fl oz,473
Alcoholic Beverage Beer Light Higher Alcohol,Beverages,46,0,0,4,0.77,0,0.09,0.25,0,4,0.03,21,12 fl oz,356
Amber Hard Cider,Beverages,56,0,0,4,5.92,0,5.92,0,0,4,0.06,54,12 fl oz,355
Ocean Spray Cran Cherry,Beverages,46,0,0,7,12.76,0.6,12.2,0.19,0,3,0.08,24,8 fl oz,248
Ocean Spray Light Cranberry,Beverages,19,0.01,0,15,4.72,0.7,3.97,0.22,0,3,0.07,38,8 fl oz,248
Ocean Spray White Cranberry Peach,Beverages,45,0.01,0,11,11.88,0.6,11.32,0.13,0,3,0.05,22,8 fl oz,247
Ocean Spray Light Cranberry Concord Grape,Beverages,23,0.02,0,8,5.78,0.7,5.02,0.36,0,4,0.06,34,8 fl oz,248
Fruit Punch Drink With Added Nutrients Canned,Beverages,47,0,0,38,11.94,0.2,11.29,0,0,8,0.09,31,1 fl oz,31
Fruit Punch Drink Frozen Concentrate,Beverages,162,0,0,8,41.4,0.4,NULL,0.2,NULL,8,0.3,44,1 fl oz,34.8
Fruit Punch Drink Frozen Concentrate Prepared With Water,Beverages,46,0,0,5,11.66,0.1,0,0.06,NULL,4,0.09,13,1 fl oz,30.9
Coffee Instant Vanilla Sweetened Decaffeinated With Non Dairy Creamer,Beverages,465,13.33,0,333,86.28,0,66.67,0,0,0,0,57,1 serving,15
Tea Black Brewed Prepared With Distilled Water,Beverages,1,0,0,0,0.3,0,NULL,0,NULL,0,0.01,21,1 fl oz,29.6
Tea Herb Brewed Chamomile,Beverages,1,0,0,1,0.2,0,0,0,0,2,0.08,9,1 fl oz,29.6
Wine Non-Alcoholic,Beverages,6,0,0,7,1.1,0,1.1,0.5,0,9,0.4,88,1 fl oz,29
Bottled Water,Beverages,0,0,0,2,0,0,0,0,0,10,0,0,1 fl oz,29.6
Chocolate-Flavor Beverage Mix For Milk Powder With Added Nutrients,Beverages,400,2.27,0,136,90.28,4.5,81.82,4.55,0,455,0,280,1 serving,22
Chocolate-Flavor Beverage Mix For Milk Powder With Added Nutrients Prepared With Whole Milk,Beverages,89,3.17,10,50,11.87,0.4,11.59,3.27,1.2,141,0.03,144,1 serving,266
Water With Added Vitamins And Minerals Bottles Sweetened Assorted Fruit Flavors,Beverages,22,0,0,0,5.49,0,5.49,0,0,17,0,0,8 fl oz (1 nlea serving),237
V8 Splash Juice Drinks Diet Berry Blend,Beverages,4,0,NULL,14,1.23,NULL,0.41,0,NULL,NULL,NULL,33,8 fl oz,243
V8 Splash Juice Drinks Diet Fruit Medley,Beverages,4,0,NULL,13,1.26,NULL,0.84,0,NULL,NULL,NULL,15,1 serving 8 oz,238
V8 Splash Juice Drinks Diet Strawberry Kiwi,Beverages,4,0,NULL,13,1.26,NULL,0.84,0,NULL,8,0.3,15,1 serving,238
V8 Splash Juice Drinks Mango Peach,Beverages,33,0,NULL,16,8.23,NULL,8.23,0,NULL,NULL,NULL,12,1 serving 8 oz,243
V8 Splash Juice Drinks Orange Pineapple,Beverages,29,0,NULL,21,7.41,NULL,7.41,0,NULL,NULL,NULL,10,1 serving 8 oz,243
V8 Splash Juice Drinks Orchard Blend,Beverages,33,0,NULL,21,7.82,NULL,7.82,0,NULL,NULL,NULL,10,1 serving 8 oz,243
V8 Splash Juice Drinks Strawberry Banana,Beverages,29,0,NULL,21,7.41,NULL,7.41,0,NULL,NULL,NULL,8,1 serving 8 oz,243
V8 V-Fusion Juices Tropical,Beverages,49,0,NULL,33,11.38,0,10.16,0.41,NULL,8,0.15,118,1 serving 8 oz,246
V8 V- Fusion Juices Acai Berry,Beverages,45,0,0,28,10.98,0,10.57,0,NULL,1,0.81,98,1 serving 8 oz,246
Energy Drink Amp,Beverages,46,0.08,0,27,12.08,0,12.08,0.25,0,13,0.02,3,1 serving,240
Energy Drink Full Throttle,Beverages,46,0.08,0,35,12.08,0,12.08,0.25,0,13,0.02,3,1 serving 8 fluid oz,240
Vegetable And Fruit Juice Drink Reduced Calorie With Low-Calorie Sweetener Added Vitamin C,Beverages,4,0,0,14,1.1,0,0.63,0,0,8,0.3,24,1 serving,238
Milk Beverage Reduced Fat Flavored And Sweetened Ready-To-Drink  Added Calcium Vitamin A And Vitamin D,Beverages,77,1.83,8,49,12.08,0.4,11.4,3.05,1.1,164,0.03,130,1 cup,244
Vegetable And Fruit Juice Blend 100% Juice With Added Vitamins A C E,Beverages,46,0.01,0,29,11.15,0,10.37,0.3,0,8,0.31,101,1 serving 8 oz,246
Fruit Juice Drink Reduced Sugar With Vitamin E Added,Beverages,39,0.07,0,2,10,0,9,0,0,5,0.04,11,1 container,209
Energy Drink Vault Zero Sugar-Free Citrus Flavor,Beverages,1,0.08,0,14,0.7,0,0,0.25,0,2,0.02,3,1 serving (8 fl oz),246
Pepsico Quaker Gatorade G2 Low Calorie,Beverages,8,0.01,0,45,1.94,0,1.3,0.05,0,0,0,13,8 fl oz,237
Fruit Flavored Drink Less Than 3% Juice Not Fortified With Vitamin C,Beverages,64,0,0,36,16.03,0,15.85,0,0,3,0,31,1 cup (8 fl oz),238
Fruit Flavored Drink Containing Less Than 3% Fruit Juice With High Vitamin C,Beverages,27,0,0,36,6.67,0,5,0,0,3,0,31,1 cup (8 fl oz),238
Nutritional Shake Mix High Protein Powder,Beverages,392,10.71,0,1214,20.38,0,3.57,53.57,12.5,714,22.5,1000,1 tbsp,10
Anchovies (Raw),Fish,131,4.84,60,104,0,0,0,20.35,NULL,147,3.25,383,3 oz,85
Canned Anchovies,Fish,210,9.71,85,3668,0,0,0,28.89,1.7,232,4.63,544,1 oz boneless,28.4
Fresh Water Bass (Raw),Fish,114,3.69,68,70,0,0,NULL,18.86,NULL,80,1.49,356,1 fillet,79
Fish Carp Cooked Dry Heat,Fish,162,7.17,84,63,0,0,NULL,22.86,NULL,52,1.59,427,3 oz,85
Fish Catfish Channel Wild Raw,Fish,95,2.82,58,43,0,0,NULL,16.38,12.5,14,0.3,358,3 oz,85
Fish Catfish Channel Cooked Breaded And Fried,Fish,229,13.33,71,280,8.04,0.7,NULL,18.09,NULL,44,1.43,340,1 fillet,87
Fish Caviar Black And Red Granular,Fish,264,17.9,588,1500,4,0,0,24.6,2.9,275,11.88,181,1 tbsp,16
Canned Atlantic Cod,Fish,105,0.86,55,218,0,0,0,22.76,1.2,21,0.49,528,3 oz,85
Dried Salted Atlantic Cod,Fish,290,2.37,152,7027,0,0,0,62.82,4,160,2.5,1458,1 oz,28.4
Fish Cod Pacific Raw (May Have Been Previously Frozen),Fish,69,0.41,47,303,0,0,0,15.27,0.5,8,0.16,235,1 fillet,116
Fish Croaker Atlantic Raw,Fish,104,3.17,61,56,0,0,0,17.78,0.7,15,0.37,345,1 fillet,79
Fish Eel Mixed Species Raw,Fish,184,11.66,126,51,0,0,0,18.44,23.3,20,0.5,272,3 oz,85
Cooked Eel,Fish,236,14.95,161,65,0,0,NULL,23.65,NULL,26,0.64,349,1 oz boneless,28.4
Fish Fish Sticks Frozen Prepared,Fish,277,16.23,28,402,21.66,1.5,1.65,11.01,0,16,0.84,185,1 piece (4 inch x 2 inch x 1/2 inch),57
Fish Flatfish (Flounder And Sole Species) Raw,Fish,70,1.93,45,296,0,0,0,12.41,2.8,21,0.18,160,1 oz boneless,28.4
Flat Fish (Flounder Or Sole),Fish,86,2.37,56,363,0,0,0,15.24,3.5,25,0.23,197,1 fillet,127
Cooked Haddock,Fish,90,0.55,66,261,0,0,0,19.99,0.6,14,0.21,351,1 fillet,150
Smoked Haddock,Fish,116,0.96,77,763,0,0,0,25.23,0.8,49,1.4,415,1 oz boneless,28.4
Fish Halibut Atlantic And Pacific Raw,Fish,91,1.33,49,68,0,0,0,18.56,4.7,7,0.16,435,3 oz,85
Cooked Halibut,Fish,111,1.61,60,82,0,0,0,22.54,5.8,9,0.2,528,3 oz,85
Alaskan King Crab,Fish,97,1.54,53,1072,0,0,NULL,19.35,NULL,59,0.76,262,1 leg,134
Imitation Crab Meat,Fish,95,0.46,20,529,15,0.5,6.25,7.62,0,13,0.39,90,3 oz,85
Crustaceans Crab Blue Raw,Fish,87,1.08,78,293,0.04,0,NULL,18.06,NULL,89,0.74,329,3 oz,85
Blue Crab,Fish,83,0.74,97,395,0,0,0,17.88,0,91,0.5,259,1 cup flaked and pieces,118
Crustaceans Crayfish Mixed Species Wild Raw,Fish,77,0.95,114,58,0,0,0,15.97,0,27,0.84,302,3 oz,85
Crayfish,Fish,82,1.2,133,94,0,0,0,16.77,0,60,0.83,296,3 oz,85
Crustaceans Lobster Northern Raw,Fish,77,0.75,127,423,0,0,0,16.52,0,84,0.26,200,1 lobster,150
Lobster (Cooked),Fish,89,0.86,146,486,0,0,0,19,0,96,0.29,230,1 cup,145
Crustaceans Shrimp Mixed Species Raw (May Have Been Previously Frozen),Fish,71,1.01,126,566,0.91,0,0,13.61,0.1,54,0.21,113,1 medium,6
Crustaceans Spiny Lobster Mixed Species Raw,Fish,112,1.51,70,177,2.43,0,NULL,20.6,NULL,49,1.22,180,3 oz,85
Mollusks Abalone Mixed Species Raw,Fish,105,0.76,85,301,6.01,0,0,17.1,0,31,3.19,250,3 oz,85
Abalone (Cooked),Fish,189,6.78,94,591,11.05,0,NULL,19.63,NULL,37,3.8,284,3 oz,85
Clams (Raw),Fish,86,0.96,30,601,3.57,0,0,14.67,0,39,1.62,46,3 oz,85
Mollusks Cuttlefish Mixed Species Raw,Fish,79,0.7,112,372,0.82,0,NULL,16.24,NULL,90,6.02,354,3 oz,85
Mollusks Mussel Blue Raw,Fish,86,2.24,28,286,3.69,0,0,11.9,0,26,3.95,320,1 cup,150
Cooked Blue Mussels,Fish,172,4.48,56,369,7.39,0,NULL,23.8,NULL,33,6.72,268,3 oz,85
Mollusks Octopus Common Raw,Fish,82,1.04,48,230,2.2,0,0,14.91,0,53,5.3,350,3 oz,85
Raw Pacific Oysters,Fish,81,2.3,50,106,4.95,0,NULL,9.45,NULL,8,5.11,168,1 medium,50
Raw Scallops,Fish,69,0.49,24,392,3.18,0,0,12.06,0,6,0.38,205,1 unit 2 large or 5 small,30
Mollusks Scallop Mixed Species Cooked Breaded And Fried,Fish,216,10.94,54,464,10.13,NULL,NULL,18.07,NULL,42,0.82,333,2 large,31
Mollusks Scallop Mixed Species Imitation Made From Surimi,Fish,99,0.41,22,795,10.62,0,NULL,12.77,NULL,8,0.31,103,3 oz,85
Squid (Raw),Fish,92,1.38,233,44,3.08,0,0,15.58,0,32,0.68,246,1 oz boneless,28.4
Fish Salmon Chum Canned Without Salt Drained Solids With Bone,Fish,141,5.5,39,75,0,0,NULL,21.43,NULL,249,0.7,300,3 oz,85
Fish Salmon Pink Canned Without Salt Solids With Bone And Liquid,Fish,139,6.05,55,75,0,0,NULL,19.78,NULL,213,0.84,326,3 oz,85
Canned Sockeye Salmon (With Bones),Fish,153,7.31,44,75,0,0,NULL,20.47,NULL,239,1.06,377,3 oz,85
Fish Tuna Light Canned In Oil Without Salt Drained Solids,Fish,198,8.21,18,50,0,0,NULL,29.13,NULL,13,1.39,207,3 oz,85
Cooked Striped Bass,Fish,124,2.99,103,88,0,0,NULL,22.73,NULL,19,1.08,328,1 fillet,124
Fish Bluefish Cooked Dry Heat,Fish,159,5.44,76,77,0,0,NULL,25.69,NULL,9,0.62,477,1 fillet,117
Fish Burbot Cooked Dry Heat,Fish,115,1.04,77,124,0,0,NULL,24.76,NULL,64,1.15,518,1 fillet,90
Fish Butterfish Cooked Dry Heat,Fish,187,10.28,83,114,0,0,NULL,22.15,NULL,28,0.64,481,1 fillet,25
Fish Halibut Greenland Cooked Dry Heat,Fish,239,17.74,59,103,0,0,NULL,18.42,NULL,4,0.85,344,3 oz,85
Cooked Pacific Herring,Fish,250,17.79,99,95,0,0,NULL,21.01,NULL,106,1.44,542,1 fillet,144
Fish Ling Cooked Dry Heat,Fish,111,0.82,51,173,0,0,NULL,24.35,NULL,44,0.83,486,3 oz,85
Cooked Lingcod,Fish,109,1.36,67,76,0,0,NULL,22.64,NULL,18,0.41,560,3 oz,85
Cooked King Mackerel,Fish,134,2.56,68,203,0,0,NULL,26,NULL,40,2.28,558,3 oz,85
Cooked Pollock,Fish,118,1.26,91,110,0,0,NULL,24.92,NULL,77,0.59,456,3 oz,85
Fish Pout Ocean Cooked Dry Heat,Fish,102,1.17,67,78,0,0,NULL,21.33,NULL,13,0.36,513,1/2 fillet,137
Fish Roe (Cooked),Fish,204,8.23,479,117,1.92,0,NULL,28.62,NULL,28,0.77,283,1 oz,28.4
Cooked Sablefish,Fish,250,19.62,63,72,0,0,NULL,17.19,NULL,45,1.64,459,3 oz,85
Fish Scup Cooked Dry Heat,Fish,135,3.5,67,54,0,0,NULL,24.21,NULL,51,0.68,368,1 fillet,50
Fish Seatrout Mixed Species Cooked Dry Heat,Fish,133,4.63,106,74,0,0,NULL,21.46,NULL,22,0.35,437,3 oz,85
Fish Shad American Cooked Dry Heat,Fish,252,17.65,96,65,0,0,NULL,21.71,NULL,60,1.24,492,1 fillet,144
Fish Spot Cooked Dry Heat,Fish,158,6.28,77,37,0,0,NULL,23.73,NULL,18,0.41,636,1 fillet,50
Cooked Turbot,Fish,122,3.78,62,192,0,0,NULL,20.58,NULL,23,0.46,305,3 oz,85
Cooked Whitefish,Fish,172,7.51,77,65,0,0,NULL,24.47,NULL,33,0.47,406,3 oz,85
Fish Wolffish Atlantic Cooked Dry Heat,Fish,123,3.06,59,109,0,0,NULL,22.44,NULL,8,0.12,385,1/2 fillet,119
Cooked Yellowtail,Fish,187,6.72,71,50,0,0,NULL,29.67,NULL,29,0.63,538,1/2 fillet,146
Octopus (Cooked),Fish,164,2.08,96,460,4.4,0,0,29.82,0,106,9.54,630,3 oz,85
Cooked Pacific Oysters,Fish,163,4.6,100,212,9.9,0,0,18.9,NULL,16,9.2,302,1 medium,25
Cooked Orange Roughy,Fish,105,0.9,80,69,0,0,0,22.64,NULL,11,1.13,181,3 oz,85
Lima Beans Large Mature Seeds Raw,Beans and Lentils,338,0.69,0,18,63.38,19,8.5,21.46,0,81,7.51,1724,1 cup,178
Lima Beans,Beans and Lentils,115,0.38,0,2,20.88,7,2.9,7.8,0,17,2.39,508,1 cup,188
Canned Mature (White) Lima Beans,Beans and Lentils,79,0.17,0,336,14.91,4.8,NULL,4.93,0,21,1.81,220,1 cup,241
Lima Beans Thin Seeded (Baby) Mature Seeds Raw,Beans and Lentils,335,0.93,0,13,62.83,20.6,8.32,20.62,0,81,6.19,1403,1 cup,202
Mung Beans Mature Seeds Raw,Beans and Lentils,347,1.15,0,15,62.62,16.3,6.6,23.86,0,132,6.74,1246,1 cup,207
Mung Beans (Cooked),Beans and Lentils,105,0.38,0,2,19.15,7.6,2,7.02,0,27,1.4,266,1 cup,202
Noodles Chinese Cellophane Or Long Rice (Mung Beans) Dehydrated,Beans and Lentils,351,0.06,0,10,86.09,0.5,0,0.16,0,25,2.17,10,1 cup,140
Mungo Beans Mature Seeds Raw,Beans and Lentils,341,1.64,0,38,58.99,18.3,NULL,25.21,0,138,7.57,983,1 cup,207
Peanuts All Types Cooked Boiled With Salt,Beans and Lentils,318,22.01,0,751,21.26,8.8,2.47,13.5,0,55,1.01,180,1 cup in shell edible yield,63
Peanuts All Types Oil-Roasted With Salt,Beans and Lentils,599,52.5,0,320,15.26,9.4,4.18,28.03,0,61,1.52,726,1 cup chopped,144
Peanuts All Types Dry-Roasted With Salt,Beans and Lentils,587,49.66,0,410,21.26,8.4,4.9,24.35,0,58,1.58,634,1 oz,28.4
Peanuts Spanish Raw,Beans and Lentils,570,49.6,0,22,15.83,9.5,NULL,26.15,0,106,3.91,744,1 cup,146
Peanuts Virginia Oil-Roasted With Salt,Beans and Lentils,578,48.62,0,433,19.86,8.9,NULL,25.87,0,86,1.67,652,1 cup,143
Peanut Butter Chunk Style With Salt,Beans and Lentils,589,49.94,0,486,21.57,8,8.41,24.06,0,45,1.9,745,2 tbsp,32
Peanut Butter Smooth Style With Salt,Beans and Lentils,598,51.36,0,426,22.31,5,10.49,22.21,0,49,1.74,558,2 tbsp,32
Peanut Flour Defatted,Beans and Lentils,327,0.55,0,180,34.7,15.8,8.22,52.2,0,140,2.1,1290,1 cup,60
Meat Extender,Beans and Lentils,311,2.97,0,10,34.71,17.5,NULL,41.71,0,204,11.99,1902,1 cup,88
Sausage Meatless,Beans and Lentils,255,18.16,0,888,8.09,2.8,0,20.28,0,63,3.72,231,1 link,25
Soybeans Mature Seeds Raw,Beans and Lentils,446,19.94,0,2,30.16,9.3,7.33,36.49,0,277,15.7,1797,1 cup,186
Boiled Soybeans (Edamame),Beans and Lentils,172,8.97,0,1,8.36,6,3,18.21,0,102,5.14,515,1 cup,172
Tempeh,Beans and Lentils,192,10.8,0,9,7.64,NULL,NULL,20.29,0,111,2.7,412,1 cup,166
Soy Flour Full-Fat Raw,Beans and Lentils,434,20.65,0,13,31.92,9.6,7.5,37.81,0,206,6.37,2515,1 cup stirred,84
Soy Flour Full-Fat Roasted,Beans and Lentils,439,21.86,0,12,30.38,9.7,7.61,38.09,0,188,5.82,2041,1 cup stirred,85
Soy Flour Defatted,Beans and Lentils,327,1.22,0,20,33.92,17.5,16.42,51.46,0,241,9.24,2384,1 cup,105
Soy Protein Powder (Isolate),Beans and Lentils,335,3.39,0,1005,0,0,0,88.32,0,178,14.5,81,1 oz,28.4
Soy Sauce,Beans and Lentils,53,0.57,0,5493,4.93,0.8,0.4,8.14,0,33,1.45,435,1 tbsp,16
Tamari,Beans and Lentils,60,0.1,0,5586,5.57,0.8,1.7,10.51,0,20,2.38,212,1 tbsp,18
Soy Sauce Made From Hydrolyzed Vegetable Protein,Beans and Lentils,60,0.51,0,6820,7.84,0.5,1.3,7,0,17,0.33,447,1 tbsp,18
Stinky Tofu,Beans and Lentils,116,8,0,2873,4.38,NULL,NULL,8.92,0,46,1.98,75,1 block,11
Yardlong Beans Mature Seeds Raw,Beans and Lentils,347,1.31,0,17,61.91,11,NULL,24.33,0,138,8.61,1157,1 cup,167
Yardlong Beans Mature Seeds Cooked Boiled Without Salt,Beans and Lentils,118,0.45,0,5,21.09,3.8,NULL,8.29,0,42,2.64,315,1 cup,171
Winged Beans Mature Seeds Raw,Beans and Lentils,409,16.32,0,38,41.71,25.9,NULL,29.65,0,440,13.44,977,1 cup,182
Lentils Pink Or Red Raw,Beans and Lentils,358,2.17,0,7,63.1,10.8,NULL,23.91,0,48,7.39,668,1 cup,192
Beans Kidney Red Mature Seeds Canned Drained Solids,Beans and Lentils,124,1.05,0,231,21.49,5.5,3.8,7.98,0,57,1.5,277,1 can drained solids,266
Beans Pinto Canned Drained Solids,Beans and Lentils,114,0.9,0,239,20.22,5.5,0.54,6.99,0,63,1.33,274,1 can drained solids,277
Veggie Burgers,Beans and Lentils,177,6.3,5,569,14.27,4.9,1.07,15.7,0,136,2.41,333,1 pattie,70
Chickpea Flour (Besan),Beans and Lentils,387,6.69,0,64,57.82,10.8,10.85,22.39,0,45,4.86,846,1 cup,92
Hummus (Commercial),Beans and Lentils,237,17.82,0,426,15,5.5,0.62,7.78,0,47,2.54,312,1 tbsp,15
Tofu Extra Firm Prepared With Nigari,Beans and Lentils,83,5.26,0,4,1.18,1,0.71,9.98,0,282,2.04,130,1/5 block,91
Tofu Hard Prepared With Nigari,Beans and Lentils,145,9.99,0,2,4.39,0.6,NULL,12.68,0,345,2.75,146,1/4 block,122
Mori-Nu Tofu Silken Soft,Beans and Lentils,55,2.7,0,5,2.9,0.1,1.31,4.8,NULL,31,0.82,180,1 slice,84
Soy Milk Chocolate Unfortified,Beans and Lentils,63,1.53,0,53,9.95,0.4,7.86,2.26,0,25,0.48,143,1 cup,243
Peanut Butter (Smooth),Beans and Lentils,588,49.54,0,476,23.98,5.7,6.5,21.93,0,54,2.16,592,2 tbsp,32
Fortified Chocolate Soy Milk,Beans and Lentils,63,1.53,0,53,9.95,0.4,7.86,2.26,1,126,0.48,143,1 cup,243
Canned Refried Beans,Beans and Lentils,83,0.87,NULL,430,13.5,4.7,0.59,5.28,NULL,35,1.7,344,1 cup,242
Vitasoy Usa Organic Nasoya Super Firm Cubed Tofu,Beans and Lentils,118,6.3,0,6,2.8,2,0.6,12.4,NULL,188,2,NULL,1/5 package,79
Refried Beans Canned Traditional Reduced Sodium,Beans and Lentils,89,2.01,0,138,13.55,3.7,0.54,4.98,0,29,1.44,319,1 cup,238
Soybeans Mature Seeds Cooked Boiled With Salt,Beans and Lentils,172,8.97,0,237,8.36,6,2.36,18.21,0,102,5.14,515,1 cup,172
Soybeans Mature Seeds Roasted No Salt Added,Beans and Lentils,469,25.4,0,4,30.22,17.7,NULL,38.55,0,138,3.9,1470,1 cup,172
Soy Protein Concentrate Produced By Acid Wash,Beans and Lentils,328,0.46,0,900,25.41,5.5,20,63.63,0,363,10.78,450,1 oz,28.4
Soy Protein Isolate Potassium Type,Beans and Lentils,321,0.53,0,50,2.59,0,0,88.32,0,178,14.5,1590,1 oz,28.4
Tofu Dried-Frozen (Koyadofu) Prepared With Calcium Sulfate,Beans and Lentils,470,30.34,0,6,8.3,1.2,NULL,52.43,0,2134,9.73,20,1 piece,17
Tofu Fried Prepared With Calcium Sulfate,Beans and Lentils,270,20.18,0,16,8.86,3.9,NULL,18.82,0,961,4.87,146,1 piece,13
Tofu Salted And Fermented (Fuyu) Prepared With Calcium Sulfate,Beans and Lentils,116,8,0,2873,5.15,NULL,NULL,8.15,0,1229,1.98,75,1 block,11
Yardlong Beans Mature Seeds Cooked Boiled With Salt,Beans and Lentils,118,0.45,0,241,21.09,3.8,NULL,8.29,0,42,2.64,315,1 cup,171
Lamb Domestic Composite Of Trimmed Retail Cuts Separable Lean Only Trimmed To 1/4 Inch Fat Choice Raw,Meats,134,5.25,65,66,0,0,NULL,20.29,NULL,10,1.77,280,1 oz,28.4
Lamb Domestic Composite Of Trimmed Retail Cuts Separable Lean Only Trimmed To 1/4 Inch Fat Choice Cooked,Meats,206,9.52,92,76,0,0,NULL,28.22,NULL,15,2.05,344,3 oz,85
Lamb Domestic Composite Of Trimmed Retail Cuts Separable Fat Trimmed To 1/4 Inch Fat Choice Raw,Meats,665,70.61,90,31,0,0,NULL,6.65,NULL,19,0.98,82,1 oz,28.4
Lamb Domestic Composite Of Trimmed Retail Cuts Separable Fat Trimmed To 1/4 Inch Fat Choice Cooked,Meats,586,59.18,114,58,0,0,0,12.16,0.1,23,1.29,194,3 oz,85
Leg Of Lamb,Meats,230,17.07,69,56,0,0,NULL,17.91,NULL,9,1.66,249,1 oz,28.4
Lamb Domestic Leg Whole (Shank And Sirloin) Separable Lean And Fat Trimmed To 1/4 Inch Fat Choice Cooked Roasted,Meats,258,16.48,93,66,0,0,0,25.55,0.1,11,1.98,313,3 oz,85
Lamb Domestic Leg Whole (Shank And Sirloin) Separable Lean Only Trimmed To 1/4 Inch Fat Choice Raw,Meats,128,4.51,64,62,0,0,NULL,20.56,NULL,6,1.82,289,1 oz,28.4
Lamb Domestic Leg Whole (Shank And Sirloin) Separable Lean Only Trimmed To 1/4 Inch Fat Choice Cooked Roasted,Meats,191,7.74,89,68,0,0,0,28.3,0.1,8,2.12,338,3 oz,85
Lamb Domestic Leg Shank Half Separable Lean And Fat Trimmed To 1/4 Inch Fat Choice Raw,Meats,201,13.49,67,57,0,0,NULL,18.58,NULL,8,1.71,261,1 oz,28.4
Lamb Domestic Leg Sirloin Half Separable Lean And Fat Trimmed To 1/4 Inch Fat Choice Cooked Roasted,Meats,292,20.67,97,68,0,0,NULL,24.63,NULL,11,2,301,3 oz,85
Lamb Domestic Leg Sirloin Half Separable Lean Only Trimmed To 1/4 Inch Fat Choice Raw,Meats,134,5.08,66,64,0,0,NULL,20.55,NULL,7,1.83,284,1 oz,28.4
Lamb Sirloin,Meats,204,9.17,92,71,0,0,NULL,28.35,NULL,8,2.2,333,3 oz,85
Lamb Domestic Loin Separable Lean And Fat Trimmed To 1/4 Inch Fat Choice Raw,Meats,310,26.63,74,56,0,0,NULL,16.32,NULL,15,1.61,214,1 oz,28.4
Lamb Domestic Loin Separable Lean Only Trimmed To 1/4 Inch Fat Choice Cooked Roasted,Meats,202,9.76,87,66,0,0,NULL,26.59,NULL,17,2.44,267,3 oz,85
Lamb Domestic Rib Separable Lean And Fat Trimmed To 1/4 Inch Fat Choice Raw,Meats,372,34.39,76,56,0,0,NULL,14.52,NULL,15,1.39,190,1 oz,28.4
Lamb Domestic Rib Separable Lean And Fat Trimmed To 1/4 Inch Fat Choice Cooked Broiled,Meats,361,29.59,99,76,0,0,0,22.13,0.1,19,1.88,270,3 oz,85
Lamb Ribs,Meats,359,29.82,97,73,0,0,NULL,21.12,NULL,22,1.6,271,3 oz,85
Lamb Domestic Shoulder Whole (Arm And Blade) Separable Lean And Fat Trimmed To 1/4 Inch Fat Choice Cooked Broiled,Meats,278,19.26,97,78,0,0,NULL,24.42,NULL,21,2.03,301,3 oz,85
Lamb Domestic Shoulder Whole (Arm And Blade) Separable Lean And Fat Trimmed To 1/4 Inch Fat Choice Cooked Roasted,Meats,276,19.97,92,66,0,0,0,22.51,0.1,20,1.97,251,3 oz,85
Lamb Domestic Shoulder Whole (Arm And Blade) Separable Lean Only Trimmed To 1/4 Inch Fat Choice Raw,Meats,144,6.76,66,70,0,0,0,19.55,0.1,15,1.66,274,1 oz,28.4
Lamb Domestic Shoulder Whole (Arm And Blade) Separable Lean Only Trimmed To 1/4 Inch Fat Choice Cooked Braised,Meats,283,15.89,117,79,0,0,NULL,32.81,NULL,26,2.67,261,3 oz,85
Lamb Domestic Shoulder Arm Separable Lean And Fat Trimmed To 1/4 Inch Fat Choice Cooked Broiled,Meats,281,19.55,96,77,0,0,NULL,24.44,NULL,18,2.09,309,3 oz,85
Lamb Domestic Shoulder Arm Separable Lean And Fat Trimmed To 1/4 Inch Fat Choice Cooked Roasted,Meats,279,20.24,92,65,0,0,NULL,22.53,NULL,18,2.03,259,3 oz,85
Lamb Domestic Shoulder Arm Separable Lean Only Trimmed To 1/4 Inch Fat Choice Raw,Meats,132,5.2,64,69,0,0,NULL,19.99,NULL,12,1.74,287,1 oz,28.4
Lamb Shoulder Roast (Cooked),Meats,279,14.08,121,76,0,0,NULL,35.54,NULL,26,2.7,338,3 oz,85
Lamb Domestic Shoulder Blade Separable Lean And Fat Trimmed To 1/4 Inch Fat Choice Cooked Broiled,Meats,278,19.94,95,82,0,0,0,23.08,0.1,24,1.72,336,3 oz,85
Lamb Domestic Shoulder Blade Separable Lean And Fat Trimmed To 1/4 Inch Fat Choice Cooked Roasted,Meats,281,20.61,92,66,0,0,NULL,22.25,NULL,21,1.92,246,3 oz,85
Lamb Domestic Shoulder Blade Separable Lean Only Trimmed To 1/4 Inch Fat Choice Raw,Meats,151,7.63,67,70,0,0,NULL,19.29,NULL,16,1.62,268,1 oz,28.4
Lamb Domestic Shoulder Blade Separable Lean Only Trimmed To 1/4 Inch Fat Choice Cooked Braised,Meats,288,16.64,117,79,0,0,NULL,32.35,NULL,28,2.6,254,3 oz,85
Lamb New Zealand Imported Frozen Composite Of Trimmed Retail Cuts Separable Lean And Fat Raw,Meats,277,22.74,78,39,0,0,NULL,16.74,NULL,13,1.49,136,1 oz,28.4
Lamb New Zealand Imported Frozen Composite Of Trimmed Retail Cuts Separable Lean And Fat Cooked,Meats,305,22.26,109,46,0,0,NULL,24.42,NULL,17,2.1,162,3 oz,85
Lamb New Zealand Imported Frozen Composite Of Trimmed Retail Cuts Separable Lean Only Raw,Meats,128,4.41,74,46,0,0,NULL,20.75,NULL,8,1.64,171,1 oz,28.4
Lamb New Zealand Imported Frozen Composite Of Trimmed Retail Cuts Separable Lean Only Cooked,Meats,206,8.86,109,50,0,0,NULL,29.59,NULL,13,2.35,188,3 oz,85
Lamb New Zealand Imported Fore-Shank Separable Lean Only Raw,Meats,122,3.77,65,82,0,0,0,22.05,0,7,1.37,309,1 serving,115
Lamb New Zealand Imported Fore-Shank Separable Lean Only Cooked Braised,Meats,209,8.4,115,77,0,0,0,33.31,0,11,2.24,258,1 serving,85
Lamb New Zealand Imported Leg Chop/steak Bone-In Separable Lean And Fat Raw,Meats,206,14.52,67,59,0.13,0,0,18.64,0,10,1.49,315,1 serving,115
Lamb New Zealand Imported Frozen Leg Whole (Shank And Sirloin) Separable Lean And Fat Cooked Roasted,Meats,246,15.56,101,43,0,0,NULL,24.81,NULL,10,2.1,167,3 oz,85
Game Meat Moose Raw,Meats,102,0.74,59,65,0,0,NULL,22.24,NULL,5,3.21,317,1 oz,28.4
Game Meat Moose Cooked Roasted,Meats,134,0.97,78,69,0,0,0,29.27,0,6,4.22,334,3 oz,85
Game Meat Rabbit Domesticated Composite Of Cuts Cooked Stewed,Meats,206,8.41,86,37,0,0,0,30.38,0,20,2.37,300,3 oz,85
Game Meat Rabbit Wild Raw,Meats,114,2.32,81,50,0,0,NULL,21.79,NULL,12,3.2,378,1 oz,28.4
Game Meat Rabbit Wild Cooked Stewed,Meats,173,3.51,123,45,0,0,0,33.02,0,18,4.85,343,3 oz,85
Game Meat Raccoon Cooked Roasted,Meats,255,14.5,97,79,0,0,0,29.2,0,14,7.1,398,3 oz,85
Lamb Variety Meats And By-Products Brain Cooked Pan-Fried,Meats,273,22.19,2504,157,0,0,NULL,16.97,NULL,21,2.04,358,3 oz,85
Veal Variety Meats And By-Products Brain Raw,Meats,118,8.21,1590,127,0,0,NULL,10.32,NULL,10,2.13,315,1 oz,28.4
Veal Variety Meats And By-Products Brain Cooked Braised,Meats,136,9.63,3100,156,0,0,NULL,11.48,NULL,16,1.67,214,3 oz,85
Veal Variety Meats And By-Products Brain Cooked Pan-Fried,Meats,213,16.75,2120,176,0,0,NULL,14.48,NULL,10,1.07,472,3 oz,85
Lamb Variety Meats And By-Products Kidneys Raw,Meats,97,2.95,337,156,0.82,0,NULL,15.74,NULL,13,6.38,277,1 oz,28.4
Lamb Variety Meats And By-Products Kidneys Cooked Braised,Meats,137,3.62,565,151,0.99,0,NULL,23.65,NULL,18,12.4,178,3 oz,85
Veal Variety Meats And By-Products Kidneys Raw,Meats,99,3.12,364,178,0.85,0,NULL,15.76,NULL,11,3.36,272,1 oz,28.4
Veal Variety Meats And By-Products Kidneys Cooked Braised,Meats,163,5.66,791,110,0,0,NULL,26.32,NULL,29,3.04,159,3 oz,85
Veal Variety Meats And By-Products Liver Cooked Pan-Fried,Meats,193,6.51,485,85,4.47,0,0,27.37,NULL,7,5.98,353,1 slice,67
Lamb Variety Meats And By-Products Lungs Raw,Meats,95,2.6,NULL,157,0,0,NULL,16.7,NULL,10,6.4,238,1 oz,28.4
Lamb Variety Meats And By-Products Lungs Cooked Braised,Meats,113,3.1,284,84,0,0,NULL,19.88,NULL,12,4.57,127,3 oz,85
Veal Variety Meats And By-Products Lungs Raw,Meats,90,2.3,229,108,0,0,NULL,16.3,NULL,7,5.23,274,1 oz,28.4
Veal Variety Meats And By-Products Pancreas Raw,Meats,182,13.1,173,67,0,0,NULL,15,NULL,19,2.1,278,1 oz,28.4
Veal Variety Meats And By-Products Pancreas Cooked Braised,Meats,256,14.6,NULL,68,0,0,NULL,29.1,NULL,18,2.38,278,3 oz,85
Lamb Variety Meats And By-Products Spleen Raw,Meats,101,3.1,250,84,0,0,NULL,17.2,NULL,9,41.89,358,1 oz,28.4
Lamb Variety Meats And By-Products Spleen Cooked Braised,Meats,156,4.77,385,58,0,0,NULL,26.46,NULL,13,38.67,248,3 oz,85
Lamb Variety Meats And By-Products Tongue Raw,Meats,222,17.17,156,78,0,0,NULL,15.7,NULL,9,2.65,257,1 oz,28.4
Lamb Variety Meats And By-Products Tongue Cooked Braised,Meats,275,20.28,189,67,0,0,NULL,21.57,NULL,10,2.63,158,3 oz,85
Veal Variety Meats And By-Products Tongue Raw,Meats,131,5.48,62,82,1.91,0,NULL,17.18,NULL,7,2.72,271,1 oz,28.4
Veal Variety Meats And By-Products Tongue Cooked Braised,Meats,202,10.1,238,64,0,0,NULL,25.85,NULL,9,2.09,162,3 oz,85
Lamb Ground Raw,Meats,282,23.41,73,59,0,0,0,16.56,0.1,16,1.55,222,1 oz,28.4
Lamb Domestic Foreshank Separable Lean And Fat Trimmed To 1/8 Inch Fat Cooked Braised,Meats,243,13.46,106,72,0,0,NULL,28.37,NULL,20,2.14,257,1 piece cooked excluding refuse (yield from 1 lb raw meat with refuse),148
Lamb Domestic Leg Whole (Shank And Sirloin) Separable Lean And Fat Trimmed To 1/8 Inch Fat Choice Raw,Meats,209,14.42,68,57,0,0,NULL,18.47,NULL,8,1.7,258,1 oz,28.4
Lamb Domestic Leg Whole (Shank And Sirloin) Separable Lean And Fat Trimmed To 1/8 Inch Fat Choice Cooked Roasted,Meats,242,14.42,92,67,0,0,NULL,26.2,NULL,10,2.02,319,3 oz,85
Lamb Domestic Leg Shank Half Separable Lean And Fat Trimmed To 1/8 Inch Fat Choice Raw,Meats,185,11.5,67,58,0,0,NULL,18.99,NULL,7,1.73,267,1 oz,28.4
Lamb Domestic Loin Separable Lean And Fat Trimmed To 1/8 Inch Fat Choice Cooked Broiled,Meats,297,20.61,99,78,0,0,NULL,26.06,NULL,20,1.84,336,3 oz,85
Lamb Domestic Loin Separable Lean And Fat Trimmed To 1/8 Inch Fat Choice Cooked Roasted,Meats,290,21.12,93,64,0,0,NULL,23.27,NULL,18,2.17,250,3 oz,85
Lamb Domestic Rib Separable Lean And Fat Trimmed To 1/8 Inch Fat Choice Raw,Meats,342,30.71,74,58,0,0,NULL,15.32,NULL,14,1.43,201,1 oz,28.4
Lamb Domestic Rib Separable Lean And Fat Trimmed To 1/8 Inch Fat Choice Cooked Broiled,Meats,340,26.82,98,77,0,0,NULL,23.06,NULL,18,1.93,277,3 oz,85
Lamb Domestic Shoulder Whole (Arm And Blade) Separable Lean And Fat Trimmed To 1/8 Inch Fat Choice Cooked Roasted,Meats,269,19.08,91,66,0,0,NULL,22.7,NULL,20,1.97,251,3 oz,85
Lamb Domestic Shoulder Arm Separable Lean And Fat Trimmed To 1/8 Inch Fat Choice Raw,Meats,244,18.94,70,61,0,0,NULL,17.19,NULL,14,1.58,244,1 oz,28.4
Lamb Domestic Shoulder Arm Separable Lean And Fat Trimmed To 1/8 Inch Fat Choice Cooked Braised,Meats,337,22.65,120,72,0,0,NULL,31.1,NULL,25,2.43,311,3 oz,85
Lamb Domestic Shoulder Arm Separable Lean And Fat Trimmed To 1/8 Inch Fat Cooked Broiled,Meats,269,18.05,96,78,0,0,NULL,24.91,NULL,18,2.12,314,3 oz,85
Lamb Domestic Shoulder Arm Separable Lean And Fat Trimmed To 1/8 Inch Fat Choice Roasted,Meats,267,18.75,91,65,0,0,NULL,22.93,NULL,17,2.05,262,3 oz,85
Lamb New Zealand Imported Frozen Composite Of Trimmed Retail Cuts Separable Lean And Fat Trimmed To 1/8 Inch Fat Raw,Meats,232,17.2,77,41,0,0,NULL,17.95,NULL,11,1.54,147,1 oz,28.4
Lamb New Zealand Imported Frozen Composite Of Trimmed Retail Cuts Separable Lean And Fat Trimmed To 1/8 Inch Fat Cooked,Meats,270,17.98,106,46,0,0,NULL,25.26,NULL,15,2.08,161,3 oz,85
Lamb New Zealand Imported Frozen Foreshank Separable Lean And Fat Trimmed To 1/8 Inch Fat Raw,Meats,223,16.15,71,45,0,0,NULL,18.04,NULL,10,1.49,131,1 oz,28.4
Lamb New Zealand Imported Frozen Foreshank Separable Lean And Fat Trimmed To 1/8 Inch Fat Cooked Braised,Meats,258,15.83,102,47,0,0,NULL,26.97,NULL,14,2.07,118,3 oz,85
Lamb New Zealand Imported Frozen Rib Separable Lean And Fat Trimmed To 1/8 Inch Fat Raw,Meats,311,27,80,42,0,0,NULL,15.87,NULL,15,1.43,120,1 oz,28.4
Lamb New Zealand Imported Frozen Rib Separable Lean And Fat Trimmed To 1/8 Inch Fat Cooked Roasted,Meats,317,25.74,99,44,0,0,NULL,19.86,NULL,18,1.74,128,3 oz,85
Lamb New Zealand Imported Frozen Shoulder Whole (Arm And Blade) Separable Lean And Fat Trimmed To 1/8 Inch Fat Raw,Meats,251,19.74,74,42,0,0,NULL,17.19,NULL,17,1.36,137,1 oz,28.4
Lamb New Zealand Imported Frozen Shoulder Whole (Arm And Blade) Separable Lean And Fat Trimmed To 1/8 Inch Fat Cooked Braised,Meats,342,24.03,123,52,0,0,NULL,29.43,NULL,27,2.16,151,3 oz,85
Veal Breast Whole Boneless Separable Lean And Fat Raw,Meats,208,14.75,71,71,0,NULL,NULL,17.47,NULL,7,0.53,286,1 oz,28.4
Veal Breast Whole Boneless Separable Lean And Fat Cooked Braised,Meats,266,16.77,113,65,0,NULL,NULL,26.97,NULL,9,0.77,272,3 oz,85
Veal Breast Plate Half Boneless Separable Lean And Fat Cooked Braised,Meats,282,18.95,112,64,0,NULL,NULL,25.93,NULL,8,0.75,266,3 oz,85
Veal Breast Point Half Boneless Separable Lean And Fat Cooked Braised,Meats,248,14.16,114,66,0,NULL,NULL,28.23,NULL,9,0.79,278,3 oz,85
Veal Breast Whole Boneless Separable Lean Only Cooked Braised,Meats,218,9.8,116,68,0,NULL,NULL,30.32,NULL,9,0.83,289,3 oz,85
Lamb Australian Imported Fresh Composite Of Trimmed Retail Cuts Separable Lean And Fat Trimmed To 1/8 Inch Fat Raw,Meats,229,16.97,66,74,0,NULL,NULL,17.84,NULL,13,1.43,284,1 oz,28.4
Lamb Australian Imported Fresh Composite Of Trimmed Retail Cuts Separable Lean And Fat Trimmed To 1/8 Inch Fat Cooked,Meats,256,16.82,87,76,0,NULL,NULL,24.52,NULL,17,1.93,301,3 oz,85
Lamb Australian Imported Fresh Composite Of Trimmed Retail Cuts Separable Lean Only Trimmed To 1/8 Inch Fat Raw,Meats,142,6.18,64,83,0,NULL,NULL,20.25,NULL,12,1.59,320,1 oz,28.4
Lamb Australian Imported Fresh Composite Of Trimmed Retail Cuts Separable Lean Only Trimmed To 1/8 Inch Fat Cooked,Meats,201,9.63,87,80,0,NULL,NULL,26.71,NULL,16,2.05,318,3 oz,85
Lamb Australian Imported Fresh Foreshank Separable Lean Only Trimmed To 1/8 Inch Fat Raw,Meats,123,3.81,66,106,0,NULL,NULL,20.83,NULL,11,1.5,295,1 oz,28.4
Lamb Australian Imported Fresh Foreshank Separable Lean Only Trimmed To 1/8 Inch Fat Cooked Braised,Meats,165,5.22,92,100,0,NULL,NULL,27.5,NULL,14,1.91,255,3 oz,85
Lamb Australian Imported Fresh Leg Whole (Shank And Sirloin) Separable Lean And Fat Trimmed To 1/8 Inch Fat Raw,Meats,215,15.19,66,73,0,NULL,NULL,18.24,NULL,10,1.48,295,1 oz,28.4
Lamb Australian Imported Fresh Leg Whole (Shank And Sirloin) Separable Lean And Fat Trimmed To 1/8 Inch Fat Cooked Roasted,Meats,244,15.13,88,70,0,NULL,NULL,25.16,NULL,11,2.03,309,3 oz,85
Lamb Australian Imported Fresh Leg Shank Half Separable Lean Only Trimmed To 1/8 Inch Fat Cooked Roasted,Meats,182,7.27,83,69,0,NULL,NULL,27.18,NULL,8,2.13,329,3 oz,85
Lamb Australian Imported Fresh Leg Sirloin Half Boneless Separable Lean And Fat Trimmed To 1/8 Inch Fat Raw,Meats,254,20,66,70,0,NULL,NULL,17.25,NULL,12,1.5,279,1 oz,28.4
Lamb Australian Imported Fresh Leg Sirloin Half Boneless Separable Lean And Fat Trimmed To 1/8 Inch Fat Cooked Roasted,Meats,281,19.38,102,78,0,NULL,NULL,24.88,NULL,15,2.06,297,3 oz,85
Lamb Australian Imported Fresh Leg Sirloin Half Boneless Separable Lean Only Trimmed To 1/8 Inch Fat Raw,Meats,138,5.64,63,80,0,NULL,NULL,20.48,NULL,10,1.75,328,1 oz,28.4
Lamb Australian Imported Fresh Leg Sirloin Chops Boneless Separable Lean Only Trimmed To 1/8 Inch Fat Cooked Broiled,Meats,188,7.8,85,66,0,NULL,NULL,27.63,NULL,13,2.48,354,3 oz,85
Lamb Australian Imported Fresh Leg Center Slice Bone-In Separable Lean And Fat Trimmed To 1/8 Inch Fat Raw,Meats,195,12.56,65,61,0,NULL,NULL,19.17,NULL,10,1.81,318,1 oz,28.4
Lamb Australian Imported Fresh Leg Center Slice Bone-In Separable Lean And Fat Trimmed To 1/8 Inch Fat Cooked Broiled,Meats,215,11.78,85,65,0,NULL,NULL,25.54,NULL,14,2.38,342,3 oz,85
Lamb Australian Imported Fresh Leg Center Slice Bone-In Separable Lean Only Trimmed To 1/8 Inch Fat Raw,Meats,143,6.08,64,64,0,NULL,NULL,20.65,NULL,9,1.94,342,1 oz,28.4
Lamb Australian Imported Fresh Loin Separable Lean Only Trimmed To 1/8 Inch Fat Cooked Broiled,Meats,192,8.75,81,80,0,NULL,NULL,26.53,NULL,21,2.18,340,3 oz,85
Lamb Australian Imported Fresh Rib Chop/rack Roast Frenched Bone-In Separable Lean And Fat Trimmed To 1/8 Inch Fat Raw,Meats,237,16.89,69,69,0,0,0,21.26,0,7,1.55,189,4 oz,114
Lamb Australian Imported Fresh Rib Chop Frenched Bone-In Separable Lean And Fat Trimmed To 1/8 Inch Fat Cooked Grilled,Meats,305,21.2,91,79,0,0,0,28.48,0,11,2.24,292,3 oz,85
Lamb Australian Imported Fresh Rib Chop/rack Roast Frenched Bone-In Separable Lean Only Trimmed To 1/8 Inch Fat Raw,Meats,147,5.59,66,71,0,0,0,24.07,0,7,1.75,209,4 oz,114
Lamb Australian Imported Fresh Shoulder Arm Separable Lean And Fat Trimmed To 1/8 Inch Fat Raw,Meats,243,18.89,65,72,0,NULL,NULL,17.06,NULL,16,1.35,281,1 oz,28.4
Lamb Australian Imported Fresh Shoulder Arm Separable Lean And Fat Trimmed To 1/8 Inch Fat Cooked Braised,Meats,311,20.38,106,73,0,NULL,NULL,29.7,NULL,27,2.42,268,3 oz,85
Lamb Australian Imported Fresh Shoulder Arm Separable Lean Only Trimmed To 1/8 Inch Fat Raw,Meats,137,5.81,62,83,0,NULL,NULL,19.88,NULL,15,1.54,325,1 oz,28.4
Lamb Australian Imported Fresh Shoulder Arm Separable Lean Only   Trimmed To 1/8 Inch Fat Cooked Braised,Meats,238,10.23,111,78,0,NULL,NULL,34.17,NULL,27,2.71,287,3 oz,85
Game Meat  Bison Ground Raw,Meats,223,15.93,70,66,0,0,0,18.67,NULL,11,2.6,307,1 serving ( 3 oz ),85
Pan-Broiled Ground Bison,Meats,238,15.13,83,73,0,0,0,23.77,NULL,13,3.08,341,1 patty ( yield from 112.7 g raw meat ),87
Buffalo Sirloin Steak,Meats,171,5.65,86,53,0,0,0,28.05,NULL,5,3.47,387,1 serving ( 3 oz ),85
Game Meat Bison Chuck Shoulder Clod Separable Lean Only Cooked Braised,Meats,193,5.43,111,57,0,0,0,33.78,NULL,7,4.86,316,1 serving ( 3 oz ),85
Game Meat Elk Ground Raw,Meats,172,8.82,66,79,0,0,0,21.76,NULL,12,2.75,322,1 patty ( yield from 102.2 g raw meat ),102
Game Meat Elk Ground Cooked Pan-Broiled,Meats,193,8.74,78,85,0,0,0,26.64,NULL,10,3.34,354,1 patty ( yield from 104.1 g raw meat ),95
Game Meat Elk Loin Separable Lean Only Cooked Broiled,Meats,167,3.84,75,54,0,0,0,31,NULL,5,3.96,404,1 steak ( yield from 148.1 g raw meat ),114
Game Meat Elk Round Separable Lean Only Cooked Broiled,Meats,156,2.64,78,51,0,0,0,30.94,NULL,5,4.08,392,1 serving ( 3 oz ),85
Game Meat Elk Tenderloin Separable Lean Only Cooked Broiled,Meats,162,3.41,72,50,0,0,0,30.76,NULL,5,4.07,392,1 steak ( yield from 123.5 g raw meat ),92
Cooked Deer Tenderloin,Meats,149,2.35,88,57,0,0,0,29.9,NULL,5,4.25,434,1 serving ( 3 oz ),85
Game Meat Deer Top Round Separable Lean Only 1 Inch Steak Cooked Broiled,Meats,152,1.92,85,45,0,0,0,31.47,NULL,4,4.23,377,1 steak ( yield from 134.9 g raw meat ),102
Veal Australian Shank Fore Bone-In Separable Lean Only Raw,Meats,123,4.65,65,112,0,0,0,20.18,NULL,16,1,NULL,3 oz,85
Veal Australian Shank Fore Bone-In Separable Lean And Fat Raw,Meats,145,7.42,65,108,0,0,0,19.58,NULL,15,0.99,NULL,3 oz,85
Lamb New Zealand Imported Intermuscular Fat Raw,Meats,640,68.53,75,34,1.26,0,0,4.63,0.3,5,0.72,119,,NULL
Lamb New Zealand Imported Subcutaneous Fat Raw,Meats,703,76.16,78,28,0.55,0,0,3.87,0.1,3,0.47,93,,NULL
Lamb New Zealand Imported Brains Cooked Soaked And Fried,Meats,154,10.92,2559,101,0,0,0,14.03,0,6,1.21,258,3 oz,85
Lamb New Zealand Imported Brains Raw,Meats,118,8.03,2100,117,0,0,0,11.33,0,4,1.07,307,4 oz,113
Lamb New Zealand Imported Chump Boneless Separable Lean Only Raw,Meats,121,3.83,65,62,0,0,0,21.68,0,4,1.52,346,4 oz,113
Lamb New Zealand Imported Kidney Cooked Soaked And Fried,Meats,112,3.56,508,199,0.18,0,0,19.78,0.2,9,14.7,271,3 oz,85
Lamb New Zealand Imported Flap Boneless Separable Lean Only Cooked Braised,Meats,234,13.6,78,54,0,0,0,27.88,0,9,1.21,186,3 oz,85
Lamb New Zealand Imported Flap Boneless Separable Lean Only Raw,Meats,180,10.31,58,87,0,0,0,21.72,0,7,0.96,303,4 oz,113
Lamb New Zealand Imported Kidney Raw,Meats,84,2.54,369,168,0.03,0,0,15.21,0.1,8,6.6,231,4 oz,113
Lamb New Zealand Imported Heart Cooked Soaked And Simmered,Meats,161,6.21,186,67,0,0,0,26.26,0.1,5,4.94,187,3 oz,85
Lamb New Zealand Imported Heart Raw,Meats,105,3.68,119,94,0,0,0,18.09,0,5,3.29,277,4 oz,113
Lamb New Zealand Imported Sweetbread Cooked Soaked And Simmered,Meats,144,6.61,462,52,0,0,0,21.13,0.2,6,1.06,354,3 oz,85
Lamb New Zealand Imported Sweetbread Raw,Meats,72,3.16,160,39,0,0,0,11,0.1,2,0.54,302,4 oz,113
Lamb New Zealand Imported Tunnel-Boned Leg Chump Off Shank Off Separable Lean Only Cooked Slow Roasted,Meats,159,6.44,79,62,0,0,0,25.29,0,4,1.71,369,3 oz,85
Lamb New Zealand Imported Tunnel-Boned Leg Chump Off Shank Off Separable Lean Only Raw,Meats,121,4.09,64,60,0,0,0,20.93,0,4,1.4,344,4 oz,113
Lamb New Zealand Imported Square-Cut Shoulder Chops Separable Lean Only Cooked Braised,Meats,255,14.56,99,59,0,0,0,31.06,0.2,40,1.89,213,3 oz,85
Lamb New Zealand Imported Square-Cut Shoulder Chops Separable Lean Only Raw,Meats,164,9.08,59,82,0,0,0,20.62,0.1,27,1.18,321,4 oz,113
Lamb New Zealand Imported Loin Boneless Separable Lean Only Cooked Fast Roasted,Meats,156,4.49,86,57,0,0,0,28.99,0,6,2.05,355,3 oz,85
Lamb New Zealand Imported Loin Boneless Separable Lean Only Raw,Meats,120,3.77,66,60,0,0,0,21.5,0,4,1.55,368,4 oz,113
Lamb New Zealand Imported Hind-Shank Separable Lean Only Cooked Braised,Meats,196,7.37,115,72,0,0,0,32.5,0,8,2.12,258,3 oz,85
Lamb New Zealand Imported Hind-Shank Separable Lean Only Raw,Meats,115,3.35,62,82,0.73,0,0,20.4,0,5,1.46,327,4 oz,113
Lamb New Zealand Imported Neck Chops Separable Lean Only Raw,Meats,151,7.97,71,81,0,0,0,19.84,0,23,1.24,323,4 oz,113
Lamb New Zealand Imported Rack - Fully Frenched Separable Lean Only Raw,Meats,147,7.12,62,63,0,0,0,20.61,0.1,8,1.4,334,4 oz,113
Lamb New Zealand Imported Loin Chop Separable Lean Only Cooked Fast Fried,Meats,208,10.7,85,84,0.41,0,0,27.43,0.1,42,1.88,367,3 oz,85
Lamb New Zealand Imported Square-Cut Shoulder Separable Lean Only Cooked Slow Roasted,Meats,192,10.13,71,80,0,0,0,25.08,0.1,14,1.47,334,3 oz,85
Lamb New Zealand Imported Leg Chop/steak Bone-In Separable Lean Only Cooked Fast Fried,Meats,162,6.35,78,67,0,0,0,26.31,0,10,2.03,373,3 oz,85
Lamb New Zealand Imported Leg Chop/steak Bone-In Separable Lean And Fat Cooked Fast Fried,Meats,212,12.76,78,65,0.04,0,0,24.26,0,10,1.93,353,3 oz,85
Lamb New Zealand Imported Loin Chop Separable Lean And Fat Cooked Fast Fried,Meats,332,27.11,81,73,0.41,0,0,21.5,0.1,31,1.62,313,3 oz,85
Lamb New Zealand Imported Loin Saddle Separable Lean And Fat Cooked Fast Roasted,Meats,274,20.98,76,69,0.1,0,0,21.13,0.1,7,1.44,306,3 oz,85
Lamb New Zealand Imported Loin Saddle Separable Lean And Fat Raw,Meats,273,22.9,69,63,0.2,0,0,16.56,0.1,6,1.29,290,4 oz,113
Lamb New Zealand Imported Netted Shoulder Rolled Boneless Separable Lean And Fat Raw,Meats,252,20.36,61,58,0.2,0,0,16.9,0.1,5,1.05,280,4 oz,113
Chicken Capons Giblets Raw,Meats,130,5.18,292,77,1.42,0,NULL,18.28,NULL,10,6.25,226,1 giblets,115
Chicken Capons Giblets Cooked Simmered,Meats,164,5.4,434,55,0.76,0,NULL,26.39,NULL,13,6.8,153,1 cup chopped or diced,145
Duck Domesticated Liver Raw,Meats,136,4.64,515,140,3.53,0,NULL,18.74,NULL,11,30.53,230,1 liver,44
Duck Wild Meat And Skin Raw,Meats,211,15.2,80,56,0,0,NULL,17.42,NULL,5,4.16,249,3 oz,85
Duck Wild Breast Meat Only Raw,Meats,123,4.25,77,57,0,0,NULL,19.85,NULL,3,4.51,268,1 unit (yield from 1 lb ready-to-cook duck),73
Goose Domesticated Meat And Skin Raw,Meats,371,33.62,80,73,0,0,NULL,15.86,NULL,12,2.5,308,3 oz,85
Guinea Hen Meat Only Raw,Meats,110,2.47,63,69,0,0,NULL,20.64,NULL,11,0.77,220,3 oz,85
Pheasant Raw Meat And Skin,Meats,181,9.29,71,40,0,0,NULL,22.7,NULL,12,1.15,243,3 oz,85
Pheasant Raw Meat Only,Meats,133,3.64,66,37,0,0,NULL,23.57,NULL,13,1.15,262,3 oz,85
Pheasant Breast Meat Only Raw,Meats,133,3.25,58,33,0,0,NULL,24.37,NULL,3,0.79,242,3 oz,85
Squab (Pigeon) Meat And Skin Raw,Meats,294,23.8,95,54,0,0,NULL,18.47,NULL,12,3.54,199,3 oz,85
Emu Fan Fillet Raw,Meats,103,0.8,71,120,0,0,0,22.5,NULL,3,4.5,300,1 serving ( 3 oz ),85
Emu Steak,Meats,154,2.3,82,53,0,0,0,31.27,NULL,6,4.56,397,1 serving ( 3 oz ),85
Emu Flat Fillet Raw,Meats,102,0.74,71,150,0,0,0,22.25,NULL,3,5,240,3 oz,85
Emu Full Rump Raw,Meats,112,1.64,85,90,0,0,0,22.83,NULL,4,4.96,330,3 oz,85
Emu Top Loin Cooked Broiled,Meats,152,3.13,88,58,0,0,0,29.07,NULL,9,5.07,374,1 serving ( 3 oz ),85
Ostrich Ground Raw,Meats,165,8.7,71,72,0,0,0,20.22,NULL,7,2.91,291,1 patty,109
Ostrich Ground Cooked Pan-Broiled,Meats,175,7.07,83,80,0,0,0,26.15,0.1,8,3.43,323,1 patty,93
Ostrich Fan Raw,Meats,117,2.65,73,75,0,0,0,21.81,NULL,6,4.38,308,1 serving ( cooked from 4oz raw),85
Ostrich Outside Leg Raw,Meats,115,1.96,65,90,0,0,0,22.86,NULL,5,2.65,322,1 serving (cooked from 4 oz raw),85
Ostrich Outside Strip Raw,Meats,120,2.21,79,70,0,0,0,23.36,NULL,5,3.69,333,1 serving (cooked from 4 oz raw),85
Ostrich Outside Strip Cooked,Meats,156,3.83,93,72,0,0,0,28.55,NULL,5,4.3,367,1 serving ( 3 oz ),85
Ostrich Oyster Raw,Meats,125,3.67,73,83,0,0,0,21.55,NULL,6,3.86,297,1 serving ( cooked from 4 oz raw),85
Ostrich Tip Trimmed Cooked,Meats,145,2.57,85,80,0,0,0,28.49,NULL,6,2.79,362,1 serving ( 3 oz ),85
Ostrich Top Loin Raw,Meats,119,2.95,75,81,0,0,0,21.67,NULL,6,3.13,312,1 serving (cooked from 4 oz raw),85
Ostrich Top Loin Cooked,Meats,155,3.87,93,77,0,0,0,28.12,NULL,6,3.31,353,1 serving ( 3 oz ),85
Chicken Liver All Classes Cooked Pan-Fried,Meats,172,6.43,564,92,1.11,0,0,25.78,NULL,10,12.88,315,1 liver,44
Low Fat Broiled Turkey Patties,Meats,207,11.45,106,91,0,0,0,25.86,0.2,29,1.73,247,3 oz,85
Ground Turkey 85% Lean 15% Fat Raw,Meats,180,12.54,78,54,0,0,0,16.9,0.4,33,1.32,202,1 patty (cooked from 4 oz raw),85
Ground Turkey 85% Lean 15% Fat Pan-Broiled Crumbles,Meats,258,17.45,106,85,0,0,0,25.11,0.2,49,1.98,276,3 oz,85
Broiled Turkey Patties,Meats,249,16.2,105,81,0,0,0,25.88,0.2,48,2.04,242,3 oz,85
Chicken Skin (Drumsticks And Thighs) Cooked Roasted,Meats,462,43.99,132,85,0,0,0,16.57,0.2,10,0.9,181,1 oz,28.4
Chicken Broilers Or Fryers Dark Meat Drumstick Meat And Skin Cooked Braised,Meats,187,10.73,132,111,0,0,0,22.72,0.1,12,0.94,229,1 drumstick without skin,95
Chicken Broilers Or Fryers Dark Meat Thigh Meat And Skin Cooked Braised,Meats,229,15.43,139,76,0,0,0,22.57,0.3,11,1.21,245,1 thigh without skin,111
Chicken Dark Meat Drumstick Meat Only With Added Solution Raw,Meats,106,3.26,92,152,0,0,0,19.19,0.2,9,0.72,192,1 drumstick with skin,143
Chicken Dark Meat Thigh Meat Only With Added Solution Cooked Roasted,Meats,164,7.73,122,177,0,0,0,24.23,0.3,10,0.98,268,1 thigh with skin,130
Chicken Skin (Drumsticks And Thighs) With Added Solution Cooked Braised,Meats,403,38.94,124,139,1,0,0,12.26,0.1,14,0.65,146,1 oz,28.4
Chicken Skin (Drumsticks And Thighs) With Added Solution Raw,Meats,386,37.9,113,139,0.01,0,0,11.11,0.4,7,0.51,101,1 oz,28.4
Chicken Skin (Drumsticks And Thighs) With Added Solution Cooked Roasted,Meats,421,37.6,154,162,0.44,0,0,20.31,0.1,15,1.17,198,1 oz,28.4
Chicken Dark Meat Drumstick Meat And Skin With Added Solution Cooked Braised,Meats,183,10.71,133,165,0.13,0,0,21.55,0.1,14,0.76,218,1 drumstick with skin,106
Chicken Dark Meat Thigh Meat And Skin With Added Solution Cooked Roasted,Meats,214,13.81,128,174,0.09,0,0,23.47,0.3,11,1.02,254,1 thigh with skin,130
Chicken Broiler Rotisserie BBQ Back Meat Only,Meats,212,13.87,117,563,0.31,0,0.31,21.85,0,33,0.82,263,3 oz,85
Turkey Dark Meat From Whole Meat Only With Added Solution Raw,Meats,115,4.12,79,167,0.1,0,0.1,19.27,0.3,15,0.9,226,4 oz,114
Turkey Dark Meat Meat Only With Added Solution Cooked Roasted,Meats,158,6,105,201,0,0,0,26.1,0.3,16,1.07,227,3 oz,85
Turkey Dark Meat From Whole Meat And Skin With Added Solution Raw,Meats,169,10.83,82,161,0.15,0,0.1,17.84,0.5,14,0.83,202,4 oz,114
Turkey Dark Meat From Whole Meat And Skin With Added Solution Cooked Roasted,Meats,199,10.81,110,206,0,0,0,25.55,0.4,17,1.08,232,3 oz,85
Turkey From Whole Light Meat Meat And Skin With Added Solution Raw,Meats,147,7.42,60,195,0.14,0,0.06,20.02,0.3,14,0.54,220,4 oz,114
Turkey From Whole Light Meat Meat And Skin With Added Solution Cooked Roasted,Meats,157,5.64,76,237,0,0,0,26.52,0.4,14,0.6,250,3 oz,85
Turkey Retail Parts Breast Meat Only With Added Solution Raw,Meats,111,2.53,60,124,0,0,0,21.99,0.2,8,0.41,237,1 breast,1171
Turkey Retail Parts Breast Meat Only With Added Solution Cooked Roasted,Meats,130,2.08,74,184,0,0,0,27.94,0.1,15,0.59,264,3 oz,85
Turkey Retail Parts Breast Meat Only Raw,Meats,114,2.33,53,74,0,0,0,23.34,0.2,9,0.76,267,3 oz,85
Turkey Retail Parts Breast Meat Only Cooked Roasted,Meats,136,1.97,70,114,0,0,0,29.51,0.2,14,0.97,297,1 breast,863
Turkey Retail Parts Wing Meat Only Raw,Meats,112,2.49,66,69,0,0,0,22.48,0.2,6,0.6,222,3 oz,28
Turkey Retail Parts Thigh Meat Only Raw,Meats,116,3.69,78,75,0,0,0,20.6,0.5,4,1.42,269,3 oz,85
Turkey Breast From Whole Bird Meat Only With Added Solution Roasted,Meats,127,2.08,69,238,0,0,0,26.97,0.3,13,0.55,249,3 oz,85
Turkey Back From Whole Bird Meat Only With Added Solution Raw,Meats,115,4.12,79,167,0.15,0,0.1,19.27,0.3,15,0.9,226,4 oz,114
Turkey Back From Whole Bird Meat Only With Added Solution Roasted,Meats,127,2.08,69,238,0,0,0,26.97,0.3,13,0.55,249,3 oz,85
Soup Chicken Mushroom Canned Condensed,Soups and Sauces,100,4.84,8,669,11.95,3.2,0.79,1.61,0,23,0.7,56,1/2 cup,124
Barbecue Sauce,Soups and Sauces,172,0.63,0,1027,40.77,0.9,33.24,0.82,0,33,0.64,232,1 tbsp,17
Sauce Salsa Ready-To-Serve,Soups and Sauces,29,0.17,0,711,6.64,1.9,4.01,1.52,0,30,0.42,275,2 tbsp,36
Sauce Homemade White Medium,Soups and Sauces,147,10.63,7,354,9.17,0.2,4.38,3.84,1.2,118,0.33,156,1 cup,250
Sauce Homemade White Thick,Soups and Sauces,186,13.83,6,373,11.61,0.3,3.98,3.99,1.2,111,0.5,149,1 cup,250
Hot Sauce,Soups and Sauces,11,0.37,0,2643,1.75,0.3,1.26,0.51,NULL,8,0.48,144,1 tsp,4.7
Tabasco Sauce,Soups and Sauces,12,0.76,0,633,0.8,0.6,0.13,1.29,0,12,1.16,128,1 tsp,4.7
Osyter Sauce,Soups and Sauces,51,0.25,0,2733,10.92,0.3,0,1.35,0,32,0.18,54,1 tbsp,18
Low Sodium Minestrone,Soups and Sauces,50,0.8,0,215,9,2.4,2.13,2,0,20,0.72,186,1 cup,245
Sauce Fish Ready-To-Serve,Soups and Sauces,35,0.01,0,7851,3.64,0,3.64,5.06,0,43,0.78,288,1 tbsp,18
Soup Shark Fin Restaurant-Prepared,Soups and Sauces,46,2,2,501,3.8,0,NULL,3.2,NULL,10,0.94,53,1 cup,216
Soup Bean & Ham Canned Reduced Sodium Prepared With Water Or Ready-To-Serve,Soups and Sauces,81,1.03,2,187,13.66,4,3.17,4.19,0,38,1.02,158,1 cup,245
Split Pea Soup Canned Reduced Sodium Prepared With Water Or Ready-To Serve,Soups and Sauces,71,0.92,2,166,11.83,1.9,5.06,3.85,0,17,0.77,183,1 cup,253
Split Pea With Ham Soup Canned Reduced Sodium Prepared With Water Or Ready-To-Serve,Soups and Sauces,68,0.7,3,196,11.4,1.9,1.57,4,0,16,0.7,204,1 cup,245
Soup Chicken Broth Ready-To-Serve,Soups and Sauces,6,0.21,2,371,0.44,0,0.43,0.64,0,4,0.07,18,1 cup,249
Soup Cream Of Chicken Canned Prepared With Equal Volume Milk,Soups and Sauces,77,4.62,11,362,6.04,0.1,NULL,3.01,NULL,73,0.27,110,1 cup (8 fl oz),248
Soup Vegetable Canned Low Sodium Condensed,Soups and Sauces,65,0.9,0,385,12.11,2.1,4.31,2.2,0,20,0.66,433,1/2 cup,126
Soup Clam Chowder New England Canned Prepared With Equal Volume Low Fat (2%) Milk,Soups and Sauces,61,2.02,7,273,7.46,0.3,2.81,3.24,0.6,70,1.21,179,1 serving 1 cup,252
Soup Cream Of Mushroom Canned Prepared With Equal Volume Low Fat (2%) Milk,Soups and Sauces,65,3.58,4,357,5.76,0.3,2.82,2.36,0.7,68,0.1,103,1 serving 1 cup,252
Soup Cream Of Onion Canned Prepared With Equal Volume Milk,Soups and Sauces,75,3.78,13,405,7.4,0.3,NULL,2.74,NULL,72,0.28,125,1 cup (8 fl oz),248
Sauce White Thin Prepared-From-Recipe With Butter,Soups and Sauces,72,2.56,8,184,8.29,0.1,5.29,3.95,NULL,131,0.22,167,,NULL
Sauce Sweet And Sour Prepared-From-Recipe,Soups and Sauces,79,0.58,1,347,16.72,0.4,10.81,1.84,NULL,16,0.67,193,,NULL
Sauce Barbecue Kraft Original,Soups and Sauces,172,0.62,NULL,1242,40.77,0.4,32.26,0.74,NULL,47,0.79,247,1 tbsp,16
Soup Healthy Choice Chicken Noodle Soup Canned,Soups and Sauces,41,0.63,5,195,5.2,0.8,0.57,3.69,NULL,8,0,NULL,1 serving 1 cup,243
Soup Tomato Canned Prepared With Equal Volume Low Fat (2%) Milk,Soups and Sauces,55,1.24,4,206,9.82,0.5,6.59,2.42,0.6,68,0.3,343,1 serving 1 cup,252
Campbells Tomato Soup Condensed,Soups and Sauces,71,0.44,0,377,15.22,1.1,8.23,1.46,NULL,13,0.59,562,1/2 cup condensed,124
Campbells Chunky Classic Chicken Noodle Soup,Soups and Sauces,47,1.3,8,325,5.41,1,0.41,3.41,NULL,11,0.34,90,1 cup,243
Cream Of Asparagus Soup,Soups and Sauces,35,1.68,2,402,4.38,0.2,NULL,0.94,NULL,12,0.33,71,1 cup (8 fl oz),244
Soup Cheese Canned Prepared With Equal Volume Water,Soups and Sauces,63,4.24,12,388,4.26,0.4,NULL,2.19,NULL,57,0.3,62,1 cup (8 fl oz),247
Soup Chicken Broth Canned Prepared With Equal Volume Water,Soups and Sauces,16,0.57,0,306,0.38,0,0.29,2.02,0,4,0.21,86,1 cup (8 fl oz),244
Campbells Beef Barley Soup,Soups and Sauces,56,0.92,4,308,8.98,1,1.17,2.89,NULL,10,0.49,129,1 cup,206
Cream Of Chicken Soup,Soups and Sauces,48,3.02,4,347,3.8,0.1,NULL,1.41,NULL,14,0.25,36,1 cup,244
Manhattan Clam Chowder (Prepared With Equal Part Water),Soups and Sauces,30,0.86,1,226,4.77,0.6,1.32,0.85,0,11,0.64,74,1 serving 1 cup,249
New England Clam Chowder,Soups and Sauces,35,1.01,3,254,5.05,0.3,0.19,1.55,0,9,1.22,108,1 serving 1 cup,248
Campbells Chunky New England Clam Chowder,Soups and Sauces,81,3.85,4,353,9.01,1.2,0,2.46,NULL,12,0.55,115,1 cup,251
Beef Broth From Bouillon,Soups and Sauces,12,0,0,264,0.73,0,NULL,2.22,NULL,4,0.22,64,1 cup (8 fl oz),241
Soup Mushroom With Beef Stock Canned Prepared With Equal Volume Water,Soups and Sauces,35,1.65,3,397,3.81,0.3,NULL,1.29,NULL,4,0.34,65,1 cup (8 fl oz),244
Soup Cream Of Onion Canned Prepared With Equal Volume Water,Soups and Sauces,44,2.16,6,380,5.2,0.4,NULL,1.13,NULL,14,0.26,49,1 cup (8 fl oz),244
Soup Oyster Stew Canned Prepared With Equal Volume Water,Soups and Sauces,24,1.59,6,407,1.69,NULL,NULL,0.87,NULL,9,0.41,20,1 cup (8 fl oz),241
Soup Pea Green Canned Prepared With Equal Volume Water,Soups and Sauces,61,1.09,0,336,9.88,1.9,3.19,3.2,0,12,0.73,71,1 serving 1 cup,259
Soup Turkey Noodle Canned Prepared With Equal Volume Water,Soups and Sauces,28,0.82,2,334,3.54,0.3,NULL,1.6,NULL,5,0.39,31,1 cup,244
Soup Turkey Vegetable Canned Prepared With Equal Volume Water,Soups and Sauces,30,1.26,1,376,3.58,0.2,NULL,1.28,NULL,7,0.32,73,1 cup (8 fl oz),241
Vegetable Soup,Soups and Sauces,28,0.79,0,338,4.89,0.3,1.57,0.86,0,10,0.44,86,1 cup,241
Soup Vegetable Beef Canned Prepared With Equal Volume Water,Soups and Sauces,31,0.76,2,349,4.06,0.8,0.45,2.23,0,8,0.45,69,1 cup (8 fl oz),244
Soup Chicken Broth Cubes Dry Prepared With Water,Soups and Sauces,5,0.12,0,326,0.62,NULL,NULL,0.39,NULL,5,0.05,10,1 cup (8 fl oz),243
Soup Cream Of Chicken Dry Mix Prepared With Water,Soups and Sauces,41,2.04,1,454,5.11,0.1,1.59,0.68,0,29,0.1,82,1 cup 8 fl oz,261
Soup Onion Dry Mix Prepared With Water,Soups and Sauces,12,0.01,0,346,2.77,0.3,0.2,0.32,0,9,0.05,31,1 serving 1 cup,230
Soup Tomato Dry Mix Prepared With Water,Soups and Sauces,38,0.61,2,356,7.17,0.4,3.9,0.93,0,29,0.18,111,1 cup 8 fl oz,265
Roast Beef Deli Style Prepackaged Sliced,Meats,115,3.69,51,853,0.64,0,0.29,18.62,0,5,2.05,647,1 slice oval,9.3
Luncheon Meat Pork Canned,Meats,334,30.3,62,1289,2.1,0,0,12.5,0.5,6,0.72,215,1 oz,28.4
Turkey Breast Low Salt Prepackaged Or Deli Luncheon Meat,Meats,109,0.83,44,772,3.51,0.5,3.51,21.81,0.1,8,0.63,211,1 slice,28
Mortadella Beef Pork,Meats,311,25.39,56,1246,3.05,0,0,16.37,1,18,1.4,163,1 oz,28.4
Peppered Loaf Pork Beef,Meats,149,6.37,46,732,4.53,0,4.61,17.3,0.8,54,1.07,394,3 (1/2) slices,100
Pepperoni,Meats,504,46.28,97,1582,1.18,0,0,19.25,1.3,19,1.33,274,3 oz,85
Pickle And Pimiento Loaf Pork,Meats,225,15.95,58,1040,8.46,1.5,8.46,11.23,0.8,109,1.33,371,1 slice,38
Polish Sausage Pork,Meats,326,28.72,70,876,1.63,0,NULL,14.1,NULL,12,1.44,237,3 oz,85
Pork Sausage Link/patty Cooked Pan-Fried,Meats,325,27.25,86,814,1.42,0,1.09,18.53,1.4,9,1.2,342,1 patty,27
Pork And Beef Sausage Fresh Cooked,Meats,396,36.25,71,929,2.7,0,0,13.8,0.7,10,1.13,189,1 link (raw dimensions: 4 inch long x 7/8 inch dia) cooked,13
Turkey Sausage Reduced Fat Brown And Serve Cooked (Include Butterball Breakfast Links Turkey Sausage),Meats,204,10.3,58,721,10.92,0.3,0,17,0.4,31,1.8,207,1 cup,128
Poultry Salad Sandwich Spread,Meats,200,13.52,30,653,7.41,0,0,11.64,0.2,10,0.61,183,1 tbsp,13
Dry Pork And Beef Salami,Meats,378,31.65,108,1756,0.72,0,0.26,21.07,0.9,24,1.36,363,1 slice,9.8
Sandwich Spread Pork Beef,Meats,235,17.34,38,1013,11.94,0.2,0,7.66,0.6,12,0.79,110,1 tbsp,15
Smoked Link Sausage Pork,Meats,309,28.23,61,827,0.94,0,0.94,11.98,1.1,11,0.59,483,1 link (4 inch long x 1-1/8 inch dia),68
Sausage Smoked Link Sausage Pork And Beef,Meats,320,28.73,58,911,2.42,0,0,12,1.1,12,0.75,179,3 oz,85
Sausage Italian Pork Cooked,Meats,324,26.4,81,801,1.86,0,1.42,18.4,1,13,1.25,339,1 link 4/lb,83
Luncheon Sausage (Pork And Beef),Meats,260,20.9,64,1182,1.58,0,NULL,15.38,NULL,13,1.43,245,1 slice (4 inch dia x 1/8 inch thick),23
New England Brand Sausage Pork Beef,Meats,161,7.58,49,1220,4.83,0,NULL,17.27,NULL,7,0.94,321,1 slice (4 inch dia x 1/8 inch thick),23
Oscar Mayer Bologna (Beef),Meats,316,29.1,64,1179,2.45,0,1.4,11.05,0.8,12,1.36,168,1 serving (1 slice),28
Oscar Mayer Smokies Sausage Little Cheese (Pork Turkey),Meats,315,28.2,67,1036,1.7,0,0.3,13.5,NULL,67,1.24,152,1 link,9
Oscar Mayer Wieners (Beef Franks),Meats,329,30.26,56,1025,2.78,0,1.6,11.35,0.6,10,1.34,130,1 serving,45
Unprepared Turkey Bacon,Meats,226,16.93,86,1069,1.89,NULL,NULL,15.94,NULL,80,1.4,349,1 serving,14
Hormel Pillow Pak Sliced Turkey Pepperoni,Meats,243,11.52,123,1858,3.78,0,0,30.99,NULL,26,2.7,449,1 serving,30
Luncheon Meat Pork And Chicken Minced Canned Includes Spam Lite,Meats,196,13.9,75,1032,1.35,0,1.26,15.23,0.6,39,1.4,461,2 oz (1 serving),56
Veal Bratwurst,Meats,341,31.7,79,60,0,0,0,13.99,NULL,11,0.74,231,1 serving 2.96 oz,84
Liverwurst Spread,Meats,305,25.45,118,700,5.89,2.5,1.65,12.38,NULL,22,8.85,170,1/4 cup,55
Roast Beef Spread,Meats,223,16.28,70,724,3.73,0.2,0.71,15.27,NULL,23,2.06,259,1 serving .25 cup,57
Salami Pork Beef Less Sodium,Meats,396,30.5,90,623,15.38,0.2,6.21,15.01,0.8,94,1.55,1372,3 (1/2) oz,100
Sausage Summer Pork And Beef Sticks With Cheddar Cheese,Meats,426,37.91,89,1483,1.82,0.2,0.12,19.43,0.3,81,2.26,206,1 oz,28.4
Sausage Turkey Breakfast Links Mild,Meats,174,10.39,76,714,3.18,0,0,15.91,0.4,55,1.34,258,2 oz 2 links,56
Swisswurst Pork And Beef With Swiss Cheese Smoked,Meats,307,27.37,61,827,1.6,0,0,12.69,NULL,74,0.72,206,1 serving 2.7 oz,77
Bacon And Beef Sticks,Meats,517,44.2,102,1420,0.8,0,0.8,29.1,NULL,14,1.86,385,1 oz,28
Salami,Meats,425,37,80,1890,1.2,0,1.2,21.7,NULL,10,1.52,340,1 oz,28
Sausage Italian Turkey Smoked,Meats,158,8.75,53,928,4.65,0.9,3.2,15.05,NULL,21,9.6,197,1 serving 2 oz,56
Sausage Chicken Beef Pork Skinless Smoked,Meats,216,14.3,120,1034,8.1,0,1.9,13.6,NULL,100,4.8,246,1 link,84
Sausage Turkey Hot Smoked,Meats,158,8.75,53,916,4.65,0.3,3.2,15.05,0.2,21,9.6,197,2 oz,56
Kielbasa Polish Turkey And Beef Smoked,Meats,226,17.6,70,1200,3.9,0,0,13.1,NULL,NULL,1.24,NULL,1 serving 2 oz,56
Oven-Roasted Chicken Breast Roll,Meats,134,7.65,39,883,1.79,0,0.43,14.59,NULL,6,0.32,324,1 serving 2 oz,56
Bologna Pork And Turkey Lite,Meats,211,16.06,79,716,3.45,0,0,13.06,NULL,48,1.15,138,1 serving 2 oz,56
Bologna Pork Turkey And Beef,Meats,336,29.25,75,1055,6.66,0,1.35,11.56,NULL,31,1.2,222,1 oz,28.4
Ham Honey Smoked Cooked,Meats,122,2.37,22,900,7.27,0,0,17.93,NULL,6,0.39,165,1 (47/50) oz (1 serving),55
Turkey Breast Smoked Lemon Pepper Flavor 97% Fat-Free,Meats,95,0.69,48,1160,1.31,0,0,20.9,NULL,NULL,NULL,NULL,1 slice,28
Turkey White Rotisserie Deli Cut,Meats,112,3,55,1200,7.7,0.4,4,13.5,NULL,16,2.2,349,1 (3/10) oz (1 serving),48
Frankfurter Beef Heated,Meats,322,29.36,58,852,2.66,0,1.27,11.69,1,11,1.22,252,1 frankfurter,48
Frankfurter Meat Heated,Meats,278,24.31,73,1013,4.9,0,NULL,9.77,NULL,99,1.22,141,1 serving (1 hot dog),52
Beef Sausage Pre-Cooked,Meats,327,28.22,60,904,4.61,0,1,12.9,0.1,29,1.45,285,1 serving,48
Turkey Sausage Fresh Raw,Meats,155,8.08,75,593,0.47,0,0,18.79,NULL,19,1.17,262,1 serving,57
Beef Sausage Fresh Cooked,Meats,332,27.98,82,813,0.35,0,0,18.21,0.5,11,1.57,258,1 serving,43
Malt-O-Meal Coco-Roos,Breakfast Cereals,389,4.61,0,350,86.75,3.3,48.11,3.41,3.3,333,30,201,3/4 cup (1 nlea serving),30
Quaker Quaker Oat Cinnamon Life,Breakfast Cereals,374,4.1,0,463,79.02,6.3,25.18,9.14,0,387,23.22,260,3/4 cup (1 nlea serving),32
Quaker Honey Graham Oh!s,Breakfast Cereals,412,7.63,0,679,83.65,2.1,43.23,3.92,0,11,19.52,167,3/4 cup (1 nlea serving),27
Quaker Oatmeal Squares,Breakfast Cereals,379,4.83,0,347,77.77,8.3,16.69,11.38,0,201,29.3,357,1 cup (1 nlea serving),56
Quaker Oatmeal Squares Cinnamon,Breakfast Cereals,379,4.88,0,344,78.09,8.7,16.67,11.23,0,210,29.5,359,1 cup (1 nlea serving),56
Quaker Instant Oatmeal Fruit And Cream Variety Dry,Breakfast Cereals,379,6.37,0,499,75.42,6,31.27,8.3,0,307,11.3,280,1 packet,35
Quaker Instant Oatmeal Raisins Dates And Walnuts Dry,Breakfast Cereals,371,6.98,0,516,72.41,6.9,30.85,8.82,0,297,10.7,374,1 packet,37
Quaker Oat Bran Quaker/mothers Oat Bran Dry,Breakfast Cereals,364,7.97,0,5,62.94,14.3,1.43,17.03,0,79,8.07,579,1/2 cup (1 nlea serving),40
Quaker Oat Bran Quaker/mothers Oat Bran Prepared With Water No Salt,Breakfast Cereals,43,0.95,0,3,7.49,1.7,NULL,2.03,NULL,11,0.97,69,,NULL
Post Waffle Crisp,Breakfast Cereals,390,5,0,596,83,4.4,34.7,6.6,3.3,24,9,212,1 cup (1 nlea serving),30
Quaker Hominy Grits White Quick Dry,Breakfast Cereals,348,1.2,0,1,79.6,4.8,0.3,8.8,NULL,2,4.42,137,1/4 cup,37
Quaker Hominy Grits White Regular Dry,Breakfast Cereals,361,1.6,0,1,79.2,1.6,0.64,8.8,NULL,2,4.42,137,1/4 cup (1 nlea serving),41
Malt-O-Meal Colossal Crunch,Breakfast Cereals,401,5.28,0,806,81.59,1.7,42.5,3.64,3.3,0,30,110,3/4 cup (1 nlea serving),30
Quaker Mothers Cinnamon Oat Crunch,Breakfast Cereals,382,4.56,0,275,79.79,8.1,25.37,10.6,0,50,3.24,325,1 cup (1 nlea serving),60
Quaker Mothers Graham Bumpers,Breakfast Cereals,379,1.45,0,758,88.89,2.6,44.33,4.55,NULL,18,1.87,199,3/4 cup (1 nlea serving),28
Quaker Mothers Cocoa Bumpers,Breakfast Cereals,382,1.61,0,452,89.91,2.7,43.12,4.21,0,16,2.06,226,1 cup (1 nlea serving),33
Sun Country Kretschmer Toasted Wheat Bran,Breakfast Cereals,200,5.16,0,6,59.51,41.3,NULL,17.56,0,66,13.88,1284,1/4 cup (1 nlea serving),16
Quaker Instant Oatmeal Cinnamon-Spice Dry,Breakfast Cereals,369,5.1,0,416,74.52,8.2,21.14,10.39,0,229,8.31,303,1 packet (1 nlea serving),43
Quaker Instant Oatmeal Dinosaur Eggs Brown Sugar Dry,Breakfast Cereals,384,7.59,0,500,73.68,6.4,28.91,8.69,0,220,7.91,250,1 packet (1 nlea serving),50
Quaker Instant Oatmeal Banana Bread Dry,Breakfast Cereals,368,4.85,0,700,75.7,6.7,29.45,8.97,0,277,10.07,287,1 packet (1 nlea serving),41
Uncle Sam Cereal,Breakfast Cereals,346,11.6,0,206,65.78,20.3,1.56,15.98,0,95,4.03,446,3/4 cup (1 nlea serving),55
Quaker Quick Oats With Iron Dry,Breakfast Cereals,371,6.87,0,3,68.18,9.4,1.42,13.7,NULL,47,49.45,358,1/2 cup,40
Quaker Whole Wheat Natural Cereal Dry,Breakfast Cereals,333,2,0,8,74.8,9.9,2,11.8,NULL,44,3.3,502,1/2 cup,40
Malt-O-Meal Honey Buzzers,Breakfast Cereals,379,1.72,0,759,89.66,3.4,37.93,3.45,3.4,14,31.03,121,1 (1/3) cup,29
Malt-O-Meal Golden Puffs,Breakfast Cereals,370,0.89,0,204,89.72,2.6,51.34,5.77,3.8,11,7.92,204,3/4 cup (1 nlea serving),27
Moms Best Honey Nut Toasty Os,Breakfast Cereals,388,4.51,0,683,79.84,6.3,30.17,8.6,0,380,3.02,241,1 cup (1 nlea serving),30
Malt-O-Meal Apple Zings,Breakfast Cereals,390,2.71,0,454,87.3,2.3,44.61,4.51,3,303,27.27,96,1 cup (1 nlea serving),33
Malt-O-Meal Cinnamon Toasters,Breakfast Cereals,425,12.06,0,473,78.33,5,32.86,3.32,3.3,333,30,157,3/4 cup (1 nlea serving),30
Malt-O-Meal Cocoa Dyno-Bites,Breakfast Cereals,397,3.43,0,534,87.93,1.1,43.15,4.15,3.4,17,6.21,181,3/4 cup (1 nlea serving),29
Ralston Corn Flakes,Breakfast Cereals,384,0.91,0,571,88.01,2.7,7.84,5.9,7.1,2,19.4,107,1 cup (1 nlea serving),28
Ralston Crispy Hexagons,Breakfast Cereals,379,0.95,0,517,86.78,1.5,13.79,5.94,8.6,8,27.93,224,1 cup (1 nlea serving),29
Milk And Cereal Bar,Snacks,413,10.98,6,319,72.05,0.4,45.97,6.47,1.7,410,5.99,254,1 bar,25
Malt-O-Meal Original Plain Prepared With Water Without Salt,Breakfast Cereals,48,0.09,0,0,10.09,0.3,0.13,1.67,0,37,5.19,14,1 serving (3 t dry cereal plus 1 cup water),268
Quaker Christmas Crunch,Breakfast Cereals,397,4.83,0,724,85.92,2.6,44.31,4.44,0,11,19.78,186,3/4 cup (1 nlea serving),26
Post Selects Maple Pecan Crunch,Breakfast Cereals,413,8.7,0,239,77.4,7.4,22.5,8.5,1.9,39,3.5,274,3/4 cup (1 nlea serving),52
Natures Path Organic Flax Plus Pumpkin Granola,Breakfast Cereals,467,18.33,0,74,66.1,8.4,18.17,11.23,0,51,4.04,291,3/4 cup (1 nlea serving),55
Cream Of Wheat 2 1/2 Minute Cook Time Dry,Breakfast Cereals,355,1.41,NULL,328,71.79,4.4,0.47,11.61,NULL,882,32.02,160,3 tablespoon (1 nlea serving),33
Incaparina Dry Mix (Corn And Soy Flours) Unprepared,Breakfast Cereals,379,5.58,NULL,4,60.53,9.9,NULL,21.75,NULL,600,22,1030,1 tbsp,8.9
Quaker Capn Crunchs Halloween Crunch,Breakfast Cereals,402,5.66,0,719,85.14,2.5,43.82,4.41,NULL,11,19.6,185,3/4 cup (1 nlea serving),26
Quaker Natural Granola Apple Cranberry Almond,Breakfast Cereals,418,11.06,2,47,74.73,9.9,27.43,9.21,NULL,98,2.47,444,1/2 cup (1 nlea serving),49
Quaker Maple Brown Sugar Life Cereal,Breakfast Cereals,373,4.06,0,477,78.86,6.3,24.9,9.17,NULL,349,28.69,262,3/4 cup (1 nlea serving),32
Quaker Instant Oatmeal Organic Regular,Breakfast Cereals,367,6.3,0,4,67,9.8,1,16,NULL,52,4.2,350,1 packet,41
Quaker Instant Oatmeal Fruit And Cream Variety Of Flavors Reduced Sugar,Breakfast Cereals,376,7.46,0,559,71.57,8.3,17.66,10.16,NULL,246,12.13,339,1 packet,33
Quaker Instant Oatmeal Apple And Cinnamon Reduced Sugar,Breakfast Cereals,358,5.64,0,535,72.17,9.7,17.78,10.29,NULL,355,12.77,389,1 packet (1 nlea serving),31
Post Honey Bunches Of Oats Pecan Bunches,Breakfast Cereals,399,5.4,0,483,82,5.2,21.9,7,3.4,19,15.5,177,3/4 cup (1 nlea serving),29
Malt-O-Meal Chocolate Marshmallow Mateys,Breakfast Cereals,392,3.67,0,368,88.18,2.5,55.45,3.5,3.3,267,24,183,3/4 cup (1 nlea serving),30
Dried Figs,Fruits,249,0.93,0,10,63.87,9.8,47.92,3.3,0,162,2.03,680,1 cup,149
Figs Dried Stewed,Fruits,107,0.4,0,4,27.57,4.2,23.35,1.42,0,70,0.88,294,1 cup,259
Fruit Cocktail (Peach And Pineapple And Pear And Grape And Cherry) Canned Water Pack Solids And Liquids,Fruits,32,0.05,0,4,8.51,1,7.51,0.42,0,5,0.25,94,1 cup,237
Fruit Cocktail (Peach And Pineapple And Pear And Grape And Cherry) Canned Juice Pack Solids And Liquids,Fruits,46,0.01,0,4,11.86,1,10.86,0.46,0,8,0.21,95,1 cup,237
Fruit Salad (Peach And Pear And Apricot And Pineapple And Cherry) Canned Water Pack Solids And Liquids,Fruits,30,0.07,0,3,7.87,1,NULL,0.35,0,7,0.3,78,1 cup,245
Fruit Salad (Peach And Pear And Apricot And Pineapple And Cherry) Canned Juice Pack Solids And Liquids,Fruits,50,0.03,0,5,13.05,1,NULL,0.51,0,11,0.25,116,1 cup,249
Fruit Salad (Peach And Pear And Apricot And Pineapple And Cherry) Canned Light Syrup Solids And Liquids,Fruits,58,0.07,0,6,15.14,1,NULL,0.34,0,7,0.29,82,1 cup,252
Fruit Salad (Peach And Pear And Apricot And Pineapple And Cherry) Canned Extra Heavy Syrup Solids And Liquids,Fruits,88,0.06,0,5,22.77,1,NULL,0.33,0,6,0.28,80,1 cup,259
Pink Grapefruit,Fruits,42,0.14,0,0,10.66,1.6,6.89,0.77,0,22,0.08,135,1 cup sections with juice,230
California Grapefruit,Fruits,37,0.1,0,1,9.69,NULL,NULL,0.5,0,11,0.08,147,1 cup sections with juice,230
Florida Grapefruit,Fruits,30,0.1,0,0,7.5,1.1,NULL,0.55,0,15,0.12,127,1 cup sections with juice,230
White Grapefruit,Fruits,33,0.1,0,0,8.41,1.1,7.31,0.69,0,12,0.06,148,1 cup sections with juice,230
White California Grapefruit,Fruits,37,0.1,0,0,9.09,NULL,NULL,0.88,0,12,0.08,143,1 cup sections with juice,230
Grapefruit Juice White Canned Or Bottled Unsweetened,Fruits,37,0.66,1,2,7.54,0.6,7.69,0.55,0,16,0.08,141,1 cup,247
Grapefruit Juice White Canned Sweetened,Fruits,46,0.09,0,2,11.13,0.1,11.03,0.58,0,8,0.36,162,1 cup,250
Grapefruit Juice White Frozen Concentrate Unsweetened Undiluted,Fruits,146,0.48,0,3,34.56,0.4,34.16,1.97,0,27,0.49,484,1 can (6 fl oz),207
Grapefruit Juice White Frozen Concentrate Unsweetened Diluted With 3 Volume Water,Fruits,41,0.13,0,1,9.73,0.1,9.63,0.55,0,8,0.14,136,1 cup,247
Grapes,Fruits,67,0.35,0,2,17.15,0.9,16.25,0.63,0,14,0.29,191,1 cup,92
Red Or Green Grapes (European),Fruits,69,0.16,0,2,18.1,0.9,15.48,0.72,0,10,0.36,191,1 cup,151
Grapes Canned Thompson Seedless Water Pack Solids And Liquids,Fruits,40,0.11,0,6,10.3,0.6,9.7,0.5,0,10,0.98,107,1 cup,245
Grapes Canned Thompson Seedless Heavy Syrup Pack Solids And Liquids,Fruits,76,0.1,0,5,19.65,0.6,19.05,0.48,0,10,0.94,103,1 cup,256
Guava Sauce Cooked,Fruits,36,0.14,0,4,9.48,3.6,5.88,0.32,0,7,0.18,225,1 cup,238
Jackfruit,Fruits,95,0.64,0,2,23.25,1.5,19.08,1.72,NULL,24,0.23,448,1 cup sliced,165
Beef Top Loin Filet Boneless Separable Lean Only Trimmed To 1/8 Inch Fat All Grades Cooked Grilled,Meats,195,8.54,86,63,0.3,0,0,29.33,0.1,17,2.06,377,1 fillet,135
Beef Top Loin Filet Boneless Separable Lean Only Trimmed To 1/8 Inch Fat Choice Cooked Grilled,Meats,203,9.48,85,62,0.36,0,0,28.99,0.1,17,2.04,374,1 fillet,135
Beef Top Loin Filet Boneless Separable Lean Only Trimmed To 1/8 Inch Fat Select Cooked Grilled,Meats,184,7.12,87,65,0.2,0,0,29.85,0.1,22,1.91,407,1 fillet,135
Beef Top Loin Petite Roast/filet Boneless Separable Lean Only Trimmed To 1/8 Inch Fat Choice Raw,Meats,149,6.48,65,66,0.23,0,0,22.5,0.1,5,2.27,402,3 oz,85
Beef Top Loin Petite Roast/filet Boneless Separable Lean Only Trimmed To 1/8 Inch Fat Select Raw,Meats,135,4.88,76,57,0,0,0,22.77,0.1,5,2.39,387,3 oz,85
Beef Loin Top Sirloin Filet Boneless Separable Lean Only Trimmed To 0 Inch Fat All Grades Cooked Grilled,Meats,171,5.37,79,59,0,0,0,30.58,0.1,6,2.9,397,1 fillet,121
Beef Loin Top Sirloin Filet Boneless Separable Lean Only Trimmed To 0 Inch Fat Choice Cooked Grilled,Meats,174,5.83,81,59,0,0,0,30.45,0.1,6,2.89,395,1 fillet,124
Beef Loin Top Sirloin Petite Roast/filet Boneless Separable Lean Only Trimmed To 0 Inch Fat Select Raw,Meats,122,3.35,69,58,0,0,0,23.05,0.1,5,2.39,388,3 oz,85
Beef Ribeye  Petite Roast/filet Boneless Separable Lean Only Trimmed To 0 Inch Fat All Grades Raw,Meats,133,4.66,65,66,0.04,0,0,22.66,0.1,5,2.28,402,3 oz,85
Beef Ribeye  Petite Roast/filet Boneless Separable Lean Only Trimmed To 0 Inch Fat Choice Raw,Meats,138,5.29,65,66,0.18,0,0,22.52,0.1,5,2.27,401,3 oz,85
Beef Ribeye  Petite Roast/filet Boneless Separable Lean Only Trimmed To 0 Inch Fat Select Raw,Meats,125,3.72,65,57,0,0,0,22.89,0.1,5,2.17,389,3 oz,85
Beef Ribeye Cap Steak Boneless Separable Lean Only Trimmed To 0 Inch Fat Choice Raw,Meats,187,11.4,64,88,1.75,0,0,19.46,0.1,6,2.64,357,3 oz,85
Beef Ribeye Cap Steak Boneless Separable Lean Only Trimmed To 0 Inch Fat Select Raw,Meats,169,9.39,63,84,1.15,0,0,20.05,0.1,7,2.95,365,3 oz,85
Beef Ribeye Filet Boneless Separable Lean Only Trimmed To 0 Inch Fat All Grades Cooked Grilled,Meats,199,9.2,82,56,0.17,0,0,28.77,0.1,6,2.77,410,1 fillet,135
Beef Ribeye Filet Boneless Separable Lean Only Trimmed To 0 Inch Fat Choice Cooked Grilled,Meats,208,10.26,82,56,0.51,0,0,28.35,0.1,6,2.76,409,1 fillet,138
Ribeye Steak (Filet),Meats,186,7.61,82,87,0,0,0,29.39,0.1,6,3.56,383,1 fillet,129
Beef Loin Top Sirloin Cap Steak Boneless Separable Lean And Fat Trimmed To 1/8 Inch Fat Choice Cooked Grilled,Meats,238,14.3,83,91,1.1,0,0,26.3,0.2,7,3.23,368,3 oz,85
Beef Loin Top Sirloin Cap Steak Boneless Separable Lean And Fat Trimmed To 1/8 Inch Fat Select Cooked Grilled,Meats,249,16.1,85,78,0.4,0,0,25.5,0.1,6,3.19,342,3 oz,85
Beef Loin Top Sirloin Cap Steak Boneless Separable Lean And Fat Trimmed To 1/8 Inch Fat All Grades Raw,Meats,191,12.4,68,80,0,0,0,19.9,0.1,6,2.41,326,3 oz,85
Beef Loin Top Sirloin Cap Steak Boneless Separable Lean And Fat Trimmed To 1/8 Inch Fat Choice Raw,Meats,199,13.4,68,80,0,0,0,19.7,0.1,6,2.4,325,3 oz,85
Beef Top Loin Petite Roast Boneless Separable Lean And Fat Trimmed To 1/8 Inch Fat All Grades Cooked Roasted,Meats,228,12.9,82,93,1,0,0,27,0.2,7,3.3,376,3 oz,85
Beef Top Loin Petite Roast Boneless Separable Lean And Fat Trimmed To 1/8 Inch Fat Choice Cooked Roasted,Meats,239,14.1,80,92,1.1,0,0,26.8,0.2,7,3.29,375,3 oz,85
Beef Top Loin Petite Roast Boneless Separable Lean And Fat Trimmed To 1/8 Inch Fat Select Cooked Roasted,Meats,213,11.2,85,84,0.9,0,0,27.1,0.1,6,3.43,369,3 oz,85
Beef Top Loin Petite Roast/filet Boneless Separable Lean And Fat Trimmed To 1/8 Inch Fat All Grades Raw,Meats,187,11.3,69,89,0.3,0,0,21.1,0.1,6,2.66,360,3 oz,85
Beef Loin Top Loin Steak Boneless Lip-On Separable Lean And Fat Trimmed To 1/8 Inch Fat Choice Cooked Grilled,Meats,275,19.19,81,54,0,0,0,25.69,0.1,14,2.47,259,3 oz,85
Beef Loin Top Loin Steak Boneless Lip-On Separable Lean And Fat Trimmed To 1/8 Inch Fat Select Cooked Grilled,Meats,247,15.44,81,50,0,0,0,26.92,0.1,14,2.51,282,3 oz,85
Beef Loin Top Loin Steak Boneless Lip-On Separable Lean And Fat Trimmed To 1/8 Inch Fat All Grades Cooked Grilled,Meats,264,17.69,81,52,0,0,0,26.18,0.1,14,2.48,265,3 oz,85
Beef New Zealand Imported Bolar Blade Separable Lean Only Cooked Fast Roasted,Meats,193,6.57,91,33,0,0,0,33.53,0.2,5,2.7,181,3 oz,85
Beef New Zealand Imported Bolar Blade Separable Lean Only Raw,Meats,129,4.49,56,55,0,0,0,22.09,0.1,4,2.06,325,4 oz,114
Beef New Zealand Imported Brisket Navel End Separable Lean Only Cooked Braised,Meats,265,16.37,79,39,0,0,0,29.35,0.2,7,1.84,142,3 oz,85
Beef New Zealand Imported Brisket Navel End Separable Lean Only Raw,Meats,194,12.75,53,66,0,0,0,19.74,0.2,5,1.4,277,4 oz,114
Beef New Zealand Imported Cube Roll Separable Lean Only Cooked Fast Roasted,Meats,239,13.22,94,52,0,0,0,30.09,0.4,5,2.38,361,3 oz,85
Beef New Zealand Imported Cube Roll Separable Lean Only Raw,Meats,161,8.51,59,45,1.38,0,0,19.77,0.2,3,2.09,319,4 oz,114
Beef New Zealand Imported Eye Round Separable Lean Only Cooked Slow Roasted,Meats,164,4.98,67,43,0,0,0,29.68,0.1,4,1.89,374,3 oz,85
Beef New Zealand Imported Eye Round Separable Lean Only Raw,Meats,116,3.35,47,40,1.35,0,0,20.15,0.1,3,1.39,352,4 oz,113
Beef New Zealand Imported Variety Meats And By-Products Heart Raw,Meats,105,3.4,124,86,0,0,0,18.52,0.2,4,4.38,275,4 oz,113
Beef New Zealand Imported Hind Shin Separable Lean Only Cooked Braised,Meats,167,4.64,89,44,0,0,0,31.23,0.2,6,2.72,217,3 oz,85
Beef New Zealand Imported Hind Shin Separable Lean Only Raw,Meats,114,3.12,56,63,0,0,0,21.46,0,4,2.04,326,4 oz,113
Beef New Zealand Imported Inside Raw,Meats,128,4.36,55,40,0.1,0,0,22.16,0.3,4,2.27,338,4 oz,113
Beef New Zealand Imported Variety Meats And By-Products Kidney Raw,Meats,87,2.64,404,175,0,0,0,15.68,0.2,9,3.83,225,4 oz,113
Beef New Zealand Imported Variety Meats And By-Products Liver Cooked Boiled,Meats,150,4.68,243,55,3.78,0,0,23.3,0.1,4,7.17,336,3 oz,85
Beef New Zealand Imported Variety Meats And By-Products Liver Raw,Meats,133,4.05,254,53,3.6,0,0,20.5,0,4,8.44,327,4 oz,113
Beef New Zealand Imported Manufacturing Beef Cooked Boiled,Meats,126,3.26,67,32,0,0,0,24.21,0.1,6,1.78,193,3 oz,85
Beef New Zealand Imported Ribs Prepared Raw,Meats,146,6.78,57,54,0,0,0,21.31,0.2,15,1.82,337,4 oz,113
Beef New Zealand Imported Rump Centre Separable Lean Only Cooked Fast Fried,Meats,188,7.48,78,55,0,0,0,30.17,0.2,5,2.96,427,3 oz,85
Beef New Zealand Imported Striploin Separable Lean Only Cooked Fast Fried,Meats,217,11.4,70,55,0,0,0,28.53,0.3,6,1.96,364,3 oz,85
Beef New Zealand Imported Striploin Separable Lean Only Raw,Meats,150,7,54,47,0.74,0,0,20.93,0.2,4,1.61,309,4 oz,113
Beef New Zealand Imported Oyster Blade Separable Lean And Fat Raw,Meats,178,10.31,56,57,0,0,0,21.27,0.2,4,1.89,288,4 oz,113
Beef New Zealand Imported Tenderloin Separable Lean Only Raw,Meats,140,6.1,58,39,0,0,0,21.19,0.1,4,2.21,362,4 oz,113
Beef New Zealand Imported Variety Meats And By-Products Tongue Cooked Boiled,Meats,271,20.34,105,57,3.68,0,0,18.31,0.3,5,2.52,189,3 oz,85
Beef New Zealand Imported Variety Meats And By-Products Tongue Raw,Meats,243,19.09,81,73,0,0,0,17.77,0.3,4,1.81,252,4 oz,113
Beef New Zealand Imported Brisket Navel End Separable Lean And Fat Cooked Braised,Meats,453,41.33,72,33,0,0,0,20.14,0.3,11,1.29,137,3 oz,85
Beef New Zealand Imported Brisket Navel End Separable Lean And Fat Raw,Meats,345,31.27,62,54,0,0,0,15.81,0.2,9,1.11,223,4 oz,114
Beef New Zealand Imported Brisket Point End Separable Lean And Fat Cooked Braised,Meats,250,13.6,92,29,0,0,0,31.94,0.2,7,2.57,173,3 oz,85
Beef New Zealand Imported Brisket Point End Separable Lean And Fat Raw,Meats,163,9.23,55,49,0,0,0,20.05,0.1,5,1.94,306,4 oz,114
Beef New Zealand Imported Eye Round Separable Lean And Fat Cooked Slow Roasted,Meats,168,5.57,67,43,0,0,0,29.49,0.1,4,1.88,372,3 oz,85
Beef New Zealand Imported Eye Round Separable Lean And Fat Raw,Meats,129,4.92,48,39,1.32,0,0,19.88,0.1,4,1.37,346,4 oz,113
Beef New Zealand Imported Flank Separable Lean And Fat Cooked Braised,Meats,208,9.73,78,28,0,0,0,30.13,0.3,5,2.36,190,3 oz,85
Beef New Zealand Imported Flank Separable Lean And Fat Raw,Meats,161,8.9,49,46,0,0,0,20.12,0.1,4,1.53,323,4 oz,113
Beef New Zealand Imported Flat Separable Lean And Fat Cooked Braised,Meats,252,13.79,92,30,0,0,0,31.86,0,6,3.09,170,3 oz,85
Beef New Zealand Imported Rump Centre Separable Lean And Fat Cooked Fast Fried,Meats,192,7.96,78,55,0,0,0,30.01,0.2,5,2.95,425,3 oz,85
Beef New Zealand Imported Rump Centre Separable Lean Only Raw,Meats,141,6.05,55,49,0,0,0,21.74,0.1,4,2.3,343,4 oz,113
Beef New Zealand Imported Rump Centre Separable Lean And Fat Raw,Meats,145,6.5,55,49,0,0,0,21.65,0.1,4,2.29,341,4 oz,113
Beef New Zealand Imported Striploin Separable Lean And Fat Cooked Fast Fried,Meats,301,22.33,69,50,0.02,0,0,24.89,0.3,8,1.72,325,3 oz,85
Broiled Ground Beef Patty (93% Lean),Meats,193,8.94,88,66,0,0,0,26.22,0,9,2.78,342,3 oz,85
Beef Ground 93% Lean Meat /7% Fat Patty Cooked Pan-Broiled,Meats,182,8.01,84,72,0.06,0,0,25.56,0,11,2.82,371,3 oz,85
Beef Ground 93% Lean Meat / 7% Fat Loaf Cooked Baked,Meats,192,8.43,88,59,0,0,0,27.03,0,10,2.99,309,3 oz,85
Beef Ground 93% Lean Meat / 7% Fat Crumbles Cooked Pan-Browned,Meats,209,9.51,89,86,0,0,0,28.88,0,12,3.17,449,3 oz,85
Beef Ground 97% Lean Meat / 3% Fat Crumbles Cooked Pan-Browned,Meats,175,5.46,89,84,0,0,0,29.46,0,7,3.29,470,3 oz,85
Beef Composite Of Trimmed Retail Cuts Separable Lean And Fat Trimmed To 0 Inch Fat All Grades Raw,Meats,167,9.3,65,61,0,0,0,20.95,0.1,13,2.04,310,4 oz,114
Beef Composite Of Trimmed Retail Cuts Separable Lean Only Trimmed To 1/8 Inch Fat All Grades Raw,Meats,140,5.38,62,56,0,0,0,22.15,0,17,1.84,316,3 oz,85
Beef Composite Of Trimmed Retail Cuts Separable Lean Only Trimmed To 1/8 Inch Fat All Grades Cooked,Meats,194,8.15,80,54,0,0,0,28.95,0.1,12,2.4,303,4 oz,114
Beef Composite Of Trimmed Retail Cuts Separable Lean Only Trimmed To 0 Inch Fat All Grades Raw,Meats,138,5.54,63,60,0,0,0,22.15,0.1,13,2.08,322,4 oz,114
Beef Rib Small End (Ribs 10-12) Separable Lean Only Trimmed To 1/8 Inch Fat Choice Raw,Meats,148,5.91,68,57,0,0,0,22.12,NULL,28,1.63,341,1 oz,28.4
Beef Tenderloin Steak Separable Lean Only Trimmed To 1/8 Inch Fat Choice Raw,Meats,158,7.07,66,57,0,0,0,22.17,NULL,28,1.63,340,1 oz,28.4
Beef Top Sirloin Steak Separable Lean Only Trimmed To 1/8 Inch Fat Choice Raw,Meats,135,4.62,61,57,0,0,0,21.91,0.1,28,1.63,342,1 oz,28.4
Beef Rib Small End (Ribs 10-12) Separable Lean Only Trimmed To 1/8 Inchfat Choice Cooked Broiled,Meats,202,9.05,88,58,0,0,0,28.29,0.1,16,1.92,352,1 oz,28.4
Beef Chuck Arm Pot Roast Separable Lean Only Trimmed To 1/8 Inch Fat Select Raw,Meats,125,3.32,66,77,0,0,0,22.26,0,18,1.86,339,1 oz,28.4
Beef Brisket Flat Half Separable Lean Only Trimmed To 1/8 Inch Fat Select Raw,Meats,124,3.61,66,76,0,0,0,21.45,NULL,18,1.83,333,1 oz,28.4
Beef Chuck Arm Pot Roast Separable Lean Only Trimmed To 1/8 Inch Fat Select Cooked Braised,Meats,205,6.35,103,57,0,0,0,34.6,0.1,17,2.89,281,1 oz,28.4
Beef Brisket Flat Half Separable Lean Only Trimmed To 1/8 Inch Fat Select Cooked Braised,Meats,189,5.21,98,55,0,0,0,33.18,NULL,17,2.81,273,1 oz,28.4
Beef Variety Meats And By-Products Tripe Cooked Simmered,Meats,94,4.05,157,68,1.99,0,0,11.71,NULL,81,0.66,42,1 serving,85
Beef Bottom Sirloin Tri-Tip Roast Separable Lean Only Trimmed To 0 Inch Fat All Grades Raw,Meats,142,5.63,61,54,0,0,0,21.26,NULL,23,1.54,333,3 oz,85
Beef Bottom Sirloin Tri-Tip Roast Separable Lean Only Trimmed To 0 Inch Fat Choice Cooked Roasted,Meats,193,9.73,80,54,0,0,0,26.34,NULL,15,1.77,324,3 oz,85
Beef Bottom Sirloin Tri-Tip Roast Separable Lean Only Trimmed To 0 Inch Fat Choice Raw,Meats,154,7.06,64,54,0,0,0,21.17,NULL,27,1.54,323,3 oz,85
Beef Bottom Sirloin Tri-Tip Roast Separable Lean Only Trimmed To 0 Inch Fat Select Cooked Roasted,Meats,179,6.95,76,58,0,0,0,27.17,NULL,20,1.68,359,3 oz,85
Beef Flank Steak Separable Lean Only Trimmed To 0 Inch Fat All Grades Cooked Broiled,Meats,186,7.4,78,57,0,0,0,27.89,NULL,18,1.74,350,3 oz,85
Beef Flank Steak Separable Lean Only Trimmed To 0 Inch Fat Select Cooked Broiled,Meats,178,6.48,76,59,0,0,0,27.96,NULL,20,1.71,365,3 oz,85
Beef Flank Steak Separable Lean Only Trimmed To 0 Inch Fat All Grades Raw,Meats,141,5.47,62,55,0,0,0,21.57,NULL,24,1.57,340,3 oz,85
Beef Flank Steak Separable Lean Only Trimmed To 0 Inch Fat Select Raw,Meats,137,5,60,53,0,0,0,21.43,NULL,21,1.54,341,3 oz,85
Snacks Popcorn Microwave Low Fat,Snacks,424,9.5,0,629,72,14.2,0.92,12.6,0,11,2.28,241,1 oz,28.4
Snacks Candy Rolls Yogurt-Covered Fruit Flavored With High Vitamin C,Snacks,359,6.53,0,8,74.64,3.3,39.15,0.46,0,430,0.56,100,1 roll,23
Formulated Bar Mars Snackfood Us Snickers Marathon Chewy Chocolate Peanut Bar,Snacks,396,13.12,4,462,47.24,2.5,32.86,24.29,NULL,965,NULL,NULL,1 bar,55
Formulated Bar Mars Snackfood Us Snickers Marathon Multigrain Crunch Bar,Snacks,422,13.18,3,418,57.27,2.8,33.04,18.49,NULL,953,14.67,NULL,1 bar,55
Formulated Bar Mars Snackfood Us Cocoavia Chocolate Almond Snack Bar,Snacks,347,14.19,2,260,51.68,5.2,27.03,7.72,NULL,1209,2.21,NULL,1 bar,22
Snacks Sweet Potato Chips Unsalted,Snacks,532,32.35,0,35,56.82,8.8,8.82,2.94,0,59,2.12,925,1 oz,28.4
Snacks Fritolay Sunchips Multigrain Snack Original Flavor,Snacks,491,21.11,0,423,67.26,8.8,7.2,7.95,0,20,1.74,232,1 oz,28.4
Snacks Popcorn Microwave Regular (Butter) Flavor Made With Partially Hydrogenated Oil,Snacks,557,34.02,0,764,55.16,10,0.55,7.5,0,20,1.85,240,1 cup,7.9
Formulated Bar Mars Snackfood Us Snickers Marathon Protein Performance Bar Caramel Nut Rush,Snacks,415,12.5,6,238,50.5,12.5,28.75,25,3.8,625,10.13,188,1 bar,80
Formulated Bar Luna Bar Nutz Over Chocolate,Snacks,403,12.19,0,386,52.49,4.3,16.9,20.75,3.1,886,14.2,412,1 bar,48
Snacks Fritolay Sunchips Multigrain French Onion Flavor,Snacks,496,22.15,0,467,65.49,7.8,8.82,8.68,NULL,42,1.55,257,1 oz,28.4
Snacks Fritolay Sunchips Multigrain Snack Harvest Cheddar Flavor,Snacks,491,22.22,0,705,64.7,8.1,7.05,8.08,NULL,41,1.41,238,1 oz,28.4
Soft Pretzels,Snacks,345,3.1,0,252,71.04,1.7,0.25,8.2,0,23,3.92,88,1 large,143
Snacks Vegetable Chips Hain Celestial Group Terra Chips,Snacks,517,29.81,0,246,57.97,10.9,9.75,4.13,0,79,1.64,1266,1 oz,28.4
Formulated Bar Zone Perfect Classic Crunch Bar Mixed Flavors,Snacks,426,14,8,444,45,2,27,30,0,200,3.6,250,1 bar,50
Snacks Granola Bar Kashi Golean Chewy Mixed Flavors,Snacks,390,7.69,6,321,63.42,7.7,42.31,16.67,0.2,103,1.62,429,1 bar,78
Snacks Granola Bar Kashi Tlc Bar Chewy Mixed Flavors,Snacks,429,15.71,0,293,53.26,11.4,17.14,18.57,0,0,3.39,415,1 bar,35
Snacks Granola Bars Quaker Oatmeal To Go All Flavors,Snacks,389,6.67,36,367,75.47,4.6,31.54,6.67,0.1,333,6,238,1 bar,60
Snacks Vegetable Chips Made From Garden Vegetables,Snacks,473,23.3,0,412,60.43,4.7,4.04,5.32,0,52,1.55,838,1 oz,28.4
Snacks Granola Bar Kashi Tlc Bar Crunchy Mixed Flavors,Snacks,446,15,0,400,62.78,10,20,15,0,0,2.7,545,2 bar,40
Snacks Candy Bits Yogurt Covered With Vitamin C,Snacks,415,7.5,3,75,86.9,0.2,65,0,0,500,0.19,338,1 package,20
Snacks Clif Bar Mixed Flavors,Snacks,346,5.88,0,195,65.44,7.4,31.62,14.71,0,368,6.62,412,1 bar,68
Snacks Granola Bar Quaker Chewy 90 Calorie Bar,Snacks,408,8.33,0,313,79.17,4.2,29.17,4.17,0,333,1.5,224,1 bar,24
Snacks Granola Bar General Mills Nature Valley Sweet&salty Nut Peanut,Snacks,487,22.86,0,414,61.14,2.9,33.14,9.14,0,57,1.44,390,1 bar,35
Snacks Granola Bar General Mills Nature Valley With Yogurt Coating,Snacks,423,11.43,0,271,74.29,4.4,40,5.71,0,286,1.03,168,1 bar,35
Snack Mixed Berry Bar,Snacks,383,10.53,0,447,58.84,7.9,26.32,13.16,0.1,105,1.89,446,1 bar,38
Snacks Potato Chips Made From Dried Potatoes (Preformed) Multigrain,Snacks,505,24.74,0,544,65.34,2.7,4.08,5.3,0,26,0.85,330,1 oz,28.4
Snacks Potato Chips Lightly Salted,Snacks,560,35.39,0,187,53.54,4.2,0.34,6.72,0,24,1.43,1304, pieces,28
Snacks Pretzels Gluten- Free Made With Cornstarch And Potato Flour,Snacks,389,6.67,0,1567,78.62,3.3,4.22,3.52,0,0,0.46,69,,NULL
Soup Egg Drop Chinese Restaurant,Soups and Sauces,27,0.61,23,370,4.29,0.4,0.09,1.16,0.2,7,0.26,22,1 cup,241
Soup Hot And Sour Chinese Restaurant,Soups and Sauces,39,1.21,21,376,4.35,0.5,0.42,2.58,0.1,19,0.64,55,1 cup,233
The Coca-Cola Company Nos Zero Energy Drink Sugar-Free With Guarana Fortified With Vitamins B6 And B12,Beverages,4,0,0,85,1.03,0,0,0,0,0,0,0,16 fl oz,480
Alcoholic Beverage Whiskey Sour Canned,Beverages,119,0,0,44,13.4,0.1,NULL,0,NULL,0,0.01,11,1 fl oz,30.8
Whiskey Sour Mix Bottled,Beverages,87,0.1,0,102,21.4,0,21.4,0.1,0,2,0.11,28,1 fl oz,32.3
Alcoholic Beverage Whiskey Sour Prepared From Item 14028,Beverages,153,0.06,0,61,12.82,0,12.78,0.06,NULL,1,0.08,18,1 fl oz,30.4
Abbott Eas Soy Protein Powder,Beverages,405,3.57,0,452,43.94,0,40.48,47.62,0,95,6.43,714,1 scoop,44
Cytosport Muscle Milk Ready-To-Drink,Beverages,52,2.17,2,95,2.28,0.2,0.78,5.87,0.7,69,1.3,198,14 fl oz,414
Alcoholic Beverage Distilled All (Gin Rum Vodka Whiskey) 80 Proof,Beverages,231,0,0,1,0,0,0,0,0,0,0.04,2,1 fl oz,27.8
Ocean Spray Cran-Energy Cranberry Energy Juice Drink,Beverages,15,0,0,21,3.75,0,3.75,0,0,0,0,0,1 can,250
Rum,Beverages,231,0,0,1,0,0,0,0,0,0,0.12,2,1 fl oz,27.8
Vodka,Beverages,231,0,0,1,0,0,0,0,NULL,0,0.01,1,1 fl oz,27.8
Whiskey,Beverages,250,0,0,0,0.1,0,0.1,0,NULL,0,0.02,1,1 fl oz,27.8
Chocolate Almond Milk,Beverages,50,1.25,0,71,9.38,0.4,8.75,0.63,1,188,0.53,75,8 fl oz,240
Energy Drink,Beverages,62,0,0,48,15,0,13.75,0.42,0,0,0,10,8 fl oz,240
Energy Drink Sugar Free,Beverages,4,0,0,42,0.42,0,0,0.42,0,0,0,0,8 fl oz,240
Abbott Ensure Nutritional Shake Ready-To-Drink,Beverages,105,2.53,2,84,16.88,0,9.7,3.8,1.1,127,1.9,156,8 fl oz,254
Chocolate Drink Powder,Beverages,350,4.5,0,500,68.31,9.1,27.27,9.09,0,909,3.27,1705,2 tbsp,11
Zevia Cola,Beverages,0,0,0,6,1.13,0,0,0,0,0,0,0,1 can,355
Zevia Cola Caffeine Free,Beverages,0,0,0,6,1.13,0,0,0,0,0,0,0,1 can,355
Gerolsteiner Brunnen Gmbh & Co. Kggerolsteiner Naturally Sparkling Mineral Water,Beverages,0,0,0,13,0,0,0,0,0,33,0,2,8 fl oz,240
Yellow Green Colored Citrus Soft Drink With Caffeine,Beverages,49,0,0,18,12.83,0,12.9,0,0,13,0.02,2,16 fl oz,473
V8 Splash Smoothies Strawberry Banana,Beverages,37,0,0,29,8.16,0,7.35,1.22,NULL,41,0.15,24,1 serving 8 oz,245
V8 Splash Smoothies Tropical Colada,Beverages,41,0,0,20,8.54,0.4,7.32,1.22,NULL,41,0.15,24,1 serving 8 oz,246
Coconut Water Ready-To-Drink Unsweetened,Beverages,18,0,0,26,4.24,0,3.92,0.22,0,7,0.03,165,1 cup,245
Unsweetened Almond Milk,Beverages,15,0.96,0,72,1.31,0.2,0.81,0.4,1,184,0.28,67,1 cup,262
Cabernet Sauvignon,Beverages,83,0,NULL,NULL,2.6,NULL,NULL,0.07,NULL,NULL,NULL,NULL,1 fl oz,29.4
Cabernet Franc,Beverages,83,0,NULL,NULL,2.45,NULL,NULL,0.07,NULL,NULL,NULL,NULL,1 fl oz,29.4
Pinot Noir,Beverages,82,0,NULL,NULL,2.31,NULL,NULL,0.07,NULL,NULL,NULL,NULL,1 fl oz,29.4
Syrah,Beverages,83,0,NULL,NULL,2.58,NULL,NULL,0.07,NULL,NULL,NULL,NULL,1 fl oz,29.4
White Wine,Beverages,82,0,0,5,2.6,0,0.96,0.07,0,9,0.27,71,1 fl oz,29.4
Lemberger,Beverages,80,0,NULL,NULL,2.46,NULL,NULL,0.07,NULL,NULL,NULL,NULL,1 fl oz,29.4
Sangiovese,Beverages,86,0,NULL,NULL,2.62,NULL,NULL,0.07,NULL,NULL,NULL,NULL,1 fl oz,29.4
Carignane,Beverages,74,0,NULL,NULL,2.4,NULL,NULL,0.07,NULL,NULL,NULL,NULL,1 fl oz,29.4
Pinot Gris (Grigio),Beverages,83,0,NULL,NULL,2.06,NULL,NULL,0.07,NULL,NULL,NULL,NULL,1 fl oz,29.3
Club Soda,Beverages,0,0,0,21,0,0,0,0,0,5,0.01,2,1 fl oz,29.6
Gewurztraminer,Beverages,81,0,NULL,NULL,2.6,NULL,NULL,0.07,NULL,NULL,NULL,NULL,1 fl oz,29.5
Gewurztraminer (Late Harvest),Beverages,108,0,NULL,NULL,11.39,NULL,NULL,0.07,NULL,NULL,NULL,NULL,1 fl oz,30.5
Semillon,Beverages,82,0,NULL,NULL,3.12,NULL,NULL,0.07,NULL,NULL,NULL,NULL,1 fl oz,29.5
Ginger Ale,Beverages,34,0,0,7,8.76,0,8.9,0,0,3,0.18,1,1 fl oz,30.5
Nestea,Beverages,36,0,NULL,21,9.09,0,9.09,0,NULL,3,0,19,1 fl oz,30.6
Pinot Blanc,Beverages,81,0,NULL,NULL,1.94,NULL,NULL,0.07,NULL,NULL,NULL,NULL,1 fl oz,29.3
Muscat Wine,Beverages,82,0,NULL,NULL,5.23,NULL,NULL,0.07,NULL,NULL,NULL,NULL,1 fl oz,30
Diet Pepper Cola,Beverages,1,0,0,4,0.12,0,0,0.12,0,3,0.02,7,1 fl oz,29.6
Caffeine Free Cola,Beverages,41,0,0,4,10.58,0,10.58,0,0,2,0.02,3,1 fl oz,30.7
Cola Soft Drink,Beverages,42,0.25,0,3,10.36,0,9.94,0,0,1,0.02,5,1 fl oz,30.7
Diet Cola,Beverages,20,0,0,4,5.16,0,5.16,0,0,2,0.02,3,1 fl oz,29.6
Orange Soda,Beverages,48,0,0,12,12.3,0,NULL,0,NULL,5,0.06,2,1 fl oz,31
Tea Black Ready-To-Drink Peach Diet,Beverages,1,0,0,5,0.25,0,0,0,0,1,0,12,1 cup,268
Ocean Spray Ruby Red Cranberry,Beverages,45,0.01,0,11,11.58,0.6,11.02,0.07,0,5,0.04,39,8 fl oz,227
Motts Apple Juice Light Fortified With Vitamin C,Beverages,22,0.1,0,13,5.1,0,4.8,0,NULL,3,0.2,51,,NULL
Lemonade Powder,Beverages,376,1.05,0,51,97.57,0.4,94.7,0,0,20,0.19,147,1 serving,18
Lemonade Powder Prepared With Water,Beverages,14,0.04,0,6,3.59,0,3.5,0,0,4,0.01,6,1 fl oz,33
Lemonade-Flavor Drink Powder,Beverages,380,1.01,0,130,97.9,0,97.15,0,0,11,0.17,39,1 serving,18
Lemonade-Flavor Drink Powder Prepared With Water,Beverages,27,0.07,0,13,6.9,0,6.87,0,0,4,0.01,3,1 fl oz,31.8
Limeade Frozen Concentrate Prepared With Water,Beverages,52,0,0,3,13.79,0,13.27,0,NULL,2,0,10,1 fl oz,30.9
Malt Beverage Includes Non-Alcoholic Beer,Beverages,37,0.12,0,13,8.05,0,8.05,0.21,0,7,0.06,8,1 fl oz,29.6
Ovaltine Classic Malt Powder,Beverages,372,0,0,636,93.33,0,63.64,0,9.1,909,16.36,0,1 serving (4 tbsp or 1 envelope),21
Malted Drink Mix Chocolate With Added Nutrients Powder Prepared With Whole Milk,Beverages,87,3.26,10,87,11.19,0.4,10.49,3.29,3.1,139,1.42,217,1 cup (8 fl oz),265
Malted Drink Mix Chocolate Powder,Beverages,411,4.76,1,190,86.94,4.8,66.67,5.1,0,60,2.28,618,1 serving (3 heaping tsp or 1 envelope),21
Malted Drink Mix Chocolate Powder Prepared With Whole Milk,Beverages,85,3.29,10,60,11.2,0.5,6.68,3.37,NULL,98,0.21,172,1 cup (8 fl oz),265
Orange Drink Canned With Added Vitamin C,Beverages,49,0.07,0,3,12.34,0,11.03,0,0,5,0.04,18,1 fl oz,31
Strawberry-Flavor Beverage Mix Powder,Beverages,389,0.2,0,38,99.1,0,95.45,0.1,0,4,0.44,6,1 serving (2-3 heaping tsp),22
Strawberry-Flavor Beverage Mix Powder Prepared With Whole Milk,Beverages,88,3.1,12,48,12.3,0,NULL,3,NULL,110,0.08,139,1 cup (8 fl oz),266
Tea Black Brewed Prepared With Tap Water Decaffeinated,Beverages,1,0,0,3,0.3,0,0,0,0,0,0.02,37,1 fl oz,29.6
Tea Instant Decaffeinated Unsweetened,Beverages,315,0,0,72,58.66,8.5,5.53,20.21,0,118,2.26,6040,1 serving 2 tsp,0.7
Tea Instant Unsweetened Prepared With Water,Beverages,1,0,0,4,0.17,0,0.02,0.06,0,3,0.01,18,1 fl oz,29.7
Lamb New Zealand Imported Square-Cut Shoulder Chops Separable Lean And Fat Cooked Braised,Meats,322,23.86,95,57,0.05,0,0,26.79,0.2,34,1.74,207,3 oz,85
Lamb New Zealand Imported Square-Cut Shoulder Chops Separable Lean And Fat Raw,Meats,275,22.84,63,71,0.23,0,0,17.02,0.1,22,1.06,274,4 oz,113
Lamb New Zealand Imported Square-Cut Shoulder Separable Lean And Fat Cooked Slow Roasted,Meats,294,23.39,72,72,0.03,0,0,20.88,0.1,12,1.41,299,3 oz,85
Lamb New Zealand Imported Tunnel-Boned Leg Chump Off Shank Off Separable Lean And Fat Raw,Meats,121,4.09,64,60,0,NULL,NULL,20.93,0,4,1.4,344,4 oz,113
Lamb New Zealand Imported Tenderloin Separable Lean And Fat Raw,Meats,120,4.22,69,49,0.01,0,0,20.43,0,4,1.62,379,4 oz,113
Veal Ground Cooked Pan-Fried,Meats,215,11.78,77,146,1.51,0,0,25.83,1.4,18,1.5,245,3 oz,85
Veal Leg Top Round Cap Off Cutlet Boneless Cooked Grilled,Meats,151,2.63,72,88,0,0,0,31.89,0.6,6,1.39,323,3 oz,85
Veal Shoulder Blade Chop Separable Lean Only Cooked Grilled,Meats,159,5.53,77,113,0,0,0,27.33,1,21,1.65,245,3 oz,85
Veal External Fat Only Raw,Meats,503,51.6,86,89,0.89,0,0,8.85,5.5,31,0.73,107,,NULL
Veal External Fat Only Cooked,Meats,540,53.23,85,103,0,0,0,15.28,3.6,58,1.09,152,,NULL
Veal Seam Fat Only Raw,Meats,444,43.75,83,89,0,0,0,12.53,3.5,30,0.87,179,,NULL
Lamb Australian Imported Fresh Leg Bottom Boneless Separable Lean Only Trimmed To 1/8 Inch Fat Cooked Roasted,Meats,190,8.35,107,70,0,0,0,28.6,0,2,2.04,287,3 oz,85
Lamb Australian Imported Fresh Leg Hindshank Heel On Bone-In Separable Lean Only Trimmed To 1/8 Inch Fat Cooked Braised,Meats,174,5.63,111,86,0,0,0,30.73,0,5,2.02,192,3 oz,85
Lamb Australian Imported Fresh Leg Hindshank Heel On Bone-In Separable Lean Only Trimmed To 1/8 Inch Fat Raw,Meats,122,3.53,54,93,0,0,0,22.49,0,4,1.58,227,4 oz,114
Lamb Australian Imported Fresh Tenderloin Boneless Separable Lean Only Trimmed To 1/8 Inch Fat Cooked Roasted,Meats,184,6.71,111,61,0,0,0,30.97,NULL,2,2.52,231,3 oz,85
Lamb Australian Imported Fresh Rack Roast Frenched Denuded Bone-In Separable Lean Only Trimmed To 0 Inch Fat Cooked Roasted,Meats,175,7.63,97,72,0,0,0,26.52,0,7,1.94,230,3 oz,85
Lamb Australian Imported Fresh Rack Roast Frenched Bone-In Separable Lean Only Trimmed To 1/8 Inch Fat Cooked Roasted,Meats,244,14.64,96,67,0,0,0,28.01,0,6,2.63,237,3 oz,85
Lamb Australian Imported Fresh External Fat Cooked,Meats,538,52.3,81,58,0,0,0,16.9,0,12,1.98,207,3 oz,85
Lamb Australian Imported Fresh External Fat Raw,Meats,487,48.5,71,69,0,0,0,12.59,0,10,1.08,149,,NULL
Lamb Australian Imported Fresh Leg Hindshank Heel On Bone-In Separable Lean And Fat Trimmed To 1/8 Inch Fat Cooked Braised,Meats,204,9.5,110,84,0,0,0,29.52,0,6,2,192,3 oz,85
Lamb Australian Imported Fresh Leg Hindshank Heel On Bone-In Separable Lean And Fat Trimmed To 1/8 Inch Fat Raw,Meats,196,12.68,59,87,0,0,0,20.58,0,5,1.47,210,4 oz,114
Lamb Australian Imported Fresh Leg Trotter Off Bone-In Separable Lean And Fat Trimmed To 1/8 Inch Fat Cooked Roasted,Meats,226,11.64,113,77,0.08,0,0,30.15,0,4,2.41,291,3 oz,85
Lamb Australian Imported Fresh Leg Trotter Off Bone-In Separable Lean And Fat Trimmed To 1/8 Inch Fat Raw,Meats,175,9.73,76,75,0,0,0,21.95,0,3,2.09,225,4 oz,114
Lamb Australian Imported Fresh Tenderloin Boneless Separable Lean And Fat Trimmed To 1/8 Inch Fat Cooked Roasted,Meats,187,7.02,110,61,0,0,0,30.87,0,2,2.52,231,3 oz,85
Lamb Australian Imported Fresh Rib Chop Frenched Denuded Bone-In Separable Lean And Fat Trimmed To 0 Inch Fat Cooked Grilled,Meats,276,16.96,101,82,0,0,0,30.9,0,10,2.37,281,3 oz,85
Bagels,Baked Foods,264,1.32,0,422,52.38,1.6,8.43,10.56,0,219,3.57,107,1 bagel,99
Toasted Bagels,Baked Foods,287,1.43,0,457,57.39,1.8,9.14,11.14,0,15,4.5,116,1 mini bagel (2-1/2 inch dia),24
Egg Bagel,Baked Foods,278,2.1,24,505,53,2.3,NULL,10.6,NULL,13,3.98,68,1 oz,28.4
Biscuits Plain Or Buttermilk Dry Mix,Baked Foods,428,15.4,2,1276,63.4,2.1,11.65,8,0,179,2.77,163,1 cup purchased,120
Plain Buttermilk Biscuits,Baked Foods,335,12.1,4,955,48.4,1.8,NULL,7.3,NULL,185,2.05,188,1 oz,28.4
Biscuits Plain Or Buttermilk Refrigerated Dough Lower Fat,Baked Foods,270,7.83,0,828,43.7,2,7.18,6.7,0,26,2.13,159,1 serving 1 biscuit,58
Biscuits Plain Or Buttermilk Refrigerated Dough Lower Fat Baked,Baked Foods,319,9.1,0,962,51.6,2.3,8.14,7.8,0,19,3.09,185,1 oz,28.4
Bread Banana Prepared From Recipe Made With Margarine,Baked Foods,326,10.5,43,302,54.6,1.1,NULL,4.3,NULL,21,1.4,134,1 oz,28.4
Bread Boston Brown Canned,Baked Foods,195,1.5,1,631,43.3,4.7,2.42,5.2,0,70,2.1,318,1 oz,28.4
Bread Cornbread Dry Mix Enriched (Includes Corn Muffin Mix),Baked Foods,418,12.2,2,817,69.5,6.5,20.34,7,0,57,2.5,113,1 oz,28.4
Bread Cornbread Dry Mix Prepared With 2% Milk 80% Margarine And Eggs,Baked Foods,330,9.58,57,599,54.46,2.3,16.05,6.59,0,135,1.85,133,1 muffin,51
Bread Cornbread Prepared From Recipe Made With Low Fat (2%) Milk,Baked Foods,266,7.1,40,658,43.5,NULL,NULL,6.7,NULL,249,2.5,147,1 oz,28.4
Bread French Or Vienna Toasted (Includes Sourdough),Baked Foods,319,2.14,0,720,61.93,3.1,3.59,13,0,47,3.87,140,1 oz,28.4
Bread Irish Soda Prepared From Recipe,Baked Foods,290,5,18,398,56,2.6,NULL,6.6,NULL,81,2.69,266,1 oz,28.4
Bread Italian,Baked Foods,259,2.73,0,618,48.11,2.1,4.69,9.49,0,105,3.45,124,1 oz,28.4
Multi-Grain Toast,Baked Foods,288,4.6,0,414,47.11,8.1,6.94,14.52,0,111,2.72,250,1 oz,28.4
Pita Bread,Baked Foods,275,1.2,0,536,55.7,2.2,1.3,9.1,0,86,2.62,120,1 pita large (6-1/2 inch dia),60
Whole Wheat Pita,Baked Foods,262,1.71,0,421,55.89,6.1,2.87,9.8,0,15,3.06,170,1 pita large (6-1/2 inch dia),64
Bread Protein (Includes Gluten),Baked Foods,245,2.2,0,404,43.8,3,1.44,12.1,0,124,4.15,322,1 oz,28.4
Bread Pumpernickel,Baked Foods,250,3.1,0,596,47.5,6.5,0.53,8.7,0,68,2.87,208,1 oz,28.4
Bread Reduced-Calorie Oatmeal,Baked Foods,210,3.5,0,388,43.3,NULL,NULL,7.6,NULL,115,2.3,124,1 oz,28.4
Bread Reduced-Calorie Rye,Baked Foods,203,2.9,0,513,40.5,12,2.29,9.1,0,76,3.1,98,1 oz,28.4
Bread Reduced-Calorie Wheat,Baked Foods,217,2.92,0,332,42.47,11.1,3.71,13.32,0,163,2.91,150,1 oz,28.4
Bread Reduced-Calorie White,Baked Foods,207,2.5,0,479,44.3,9.7,4.76,8.7,0,94,3.19,76,1 oz,28.4
Bread Rice Bran,Baked Foods,243,4.6,0,269,43.5,4.9,4.67,8.9,0,69,3.61,215,1 oz,28.4
White Bread,Baked Foods,266,3.33,0,490,49.42,2.7,5.67,8.85,0,144,3.61,126,1 slice,29
Toasted White Bread,Baked Foods,290,4,1,537,54.5,2.9,6.2,9,0,119,3.33,131,1 oz,28.4
Bread White Prepared From Recipe Made With Nonfat Dry Milk,Baked Foods,274,2.6,0,336,53.6,2,NULL,7.7,NULL,32,3.18,111,1 oz,28.4
Bread White Prepared From Recipe Made With Low Fat (2%) Milk,Baked Foods,285,5.7,3,359,49.6,2,NULL,7.9,NULL,57,2.97,146,1 oz,28.4
Bread Crumbs Dry Grated Plain,Baked Foods,395,5.3,0,732,71.98,4.5,6.2,13.35,0,183,4.83,196,1 oz,28.4
Bread Sticks Plain,Baked Foods,412,9.5,0,713,68.4,3,1.26,12,0,22,4.28,124,1 cup small pieces,46
Bread Stuffing Bread Dry Mix,Baked Foods,386,3.4,1,1405,76.2,3.2,8.27,11,0,97,3.81,246,1 oz,28.4
Bread Stuffing Bread Dry Mix Prepared,Baked Foods,195,12.05,0,479,18.84,0.8,2.04,2.73,0,30,0.95,67,1 oz,28.4
Cake Pudding-Type Carrot Dry Mix,Baked Foods,415,9.8,0,567,79.2,NULL,NULL,5.1,NULL,172,1.8,169,1 oz,28.4
Cake Cherry Fudge With Chocolate Frosting,Baked Foods,264,12.5,42,164,38,0.5,32.94,2.4,0.3,48,1.1,166,1 oz,28.4
Chocolate Cake With Frosting,Baked Foods,389,20.05,22,348,52.84,2.2,39.96,3.48,0,30,3.04,270,1 piece (1/12 of a cake),138
Cake Pudding-Type Chocolate Dry Mix,Baked Foods,391,8.14,0,866,80.16,2.3,39.53,4.6,0,133,2.92,337,1 oz,28.4
Coffeecake Creme-Filled With Chocolate Frosting,Baked Foods,331,10.8,69,323,53.8,2,NULL,5,NULL,38,0.51,78,1 oz,28.4
Coffeecake Fruit,Baked Foods,311,10.2,7,385,51.5,2.5,NULL,5.2,NULL,45,2.43,90,1 oz,28.4
Coffeecake Cinnamon With Crumb Topping Dry Mix Prepared,Baked Foods,318,9.6,49,421,52.8,1.2,29.53,5.5,0.5,136,1.43,112,1 oz,28.4
Cake Fruitcake Commercially Prepared,Baked Foods,324,9.1,5,101,61.6,3.7,27.42,2.9,0,33,2.07,153,1 oz,28.4
Cake Pound Commercially Prepared Other Than All Butter Enriched,Baked Foods,389,17.9,58,400,52.5,1,NULL,5.2,NULL,64,1.62,106,1 piece (1/10 of 10.6 oz cake),30
Cake Shortcake Biscuit-Type Prepared From Recipe,Baked Foods,346,14.2,3,506,48.5,NULL,NULL,6.1,NULL,205,2.54,106,1 oz,28.4
Cake Snack Cakes Creme-Filled Chocolate With Frosting,Baked Foods,399,15.93,0,332,60.31,3.2,37.76,3.63,0,116,3.6,176,1 oz,28.4
Cake Snack Cakes Creme-Filled Sponge,Baked Foods,374,11.54,41,470,64.03,1,37.3,3.47,0.1,24,1.36,71,1 oz,28.4
Yellow Cake With Chocolate Frosting,Baked Foods,379,17.75,16,310,55.36,1.5,39.22,3.16,0.2,32,2.03,187,1 piece (1/12 of a cake),144
Yellow Cake With Vanilla Frosting,Baked Foods,391,17.91,75,269,56.2,0.3,41.79,2.99,0.4,62,1.07,53,1 serving,67
Cake Pudding-Type Yellow Dry Mix,Baked Foods,423,9.8,0,860,80,0.7,44.21,4,0,115,1.57,63,1 oz,28.4
Cake Yellow Enriched Dry Mix,Baked Foods,374,3.5,0,728,81.92,1.2,43.29,3.7,0,211,2.08,47,1 serving,43
Cookies Brownies Dry Mix Regular,Baked Foods,434,14.9,0,303,76.6,NULL,NULL,4,NULL,19,1.99,219,1 oz,28.4
Cookies Brownies Prepared From Recipe,Baked Foods,466,29.1,73,343,50.2,NULL,NULL,6.2,NULL,57,1.84,176,1 oz,28.4
Cookies Butter Commercially Prepared Enriched,Baked Foods,467,18.8,117,282,68.9,0.8,20.24,6.1,0.4,29,2.22,111,1 oz,28.4
Cookies Fudge Cake-Type (Includes Trolley Cakes),Baked Foods,349,3.7,0,192,78.3,2.8,NULL,5,NULL,34,2.48,138,1 oz,28.4
Cookies Chocolate Chip Dry Mix,Baked Foods,497,25.2,0,290,66.1,NULL,NULL,4.6,NULL,43,2.07,208,1 oz,28.4
Cookies Chocolate Chip Refrigerated Dough,Baked Foods,451,21.33,7,321,61.02,1.5,38.04,3.98,NULL,14,2,180,1 serving,33
Cookies Chocolate Chip Refrigerated Dough Baked,Baked Foods,492,22.6,27,232,68.2,1.7,NULL,4.9,NULL,28,2.5,200,1 oz,28.4
Cookies Chocolate Chip Prepared From Recipe Made With Margarine,Baked Foods,488,28.3,32,361,58.4,2.8,NULL,5.7,NULL,39,2.46,224,1 oz,28.4
Gingersnaps,Baked Foods,416,9.8,0,555,76.9,2.2,19.92,5.6,0,77,6.4,346,1 oz,28.4
Plain Graham Crackers,Baked Foods,430,10.6,0,516,77.66,3.4,24.85,6.69,0,77,3.78,170,1 oz,28.4
Chocolate Coated Graham Crackers,Baked Foods,500,25.8,1,265,66.78,2.2,37.3,4,0,46,2,267,3 pieces,27
Ladyfingers,Baked Foods,365,9.1,221,147,59.7,1,25.39,10.6,0.6,47,3.58,113,1 oz,28.4
Cookies Oatmeal Dry Mix,Baked Foods,462,19.2,0,473,67.3,NULL,NULL,6.5,NULL,25,2.22,183,1 oz,28.4
Cookies Oatmeal Refrigerated Dough,Baked Foods,424,18.9,24,294,59.1,2.5,NULL,5.4,NULL,31,2.14,147,1 oz,28.4
Cookies Oatmeal Refrigerated Dough Baked,Baked Foods,471,21,26,327,65.7,2.8,NULL,6,NULL,35,2.38,163,1 oz,28.4
Cookies Oatmeal Prepared From Recipe With Raisins,Baked Foods,441,15.76,NULL,322,68.95,3.3,33.14,5.86,NULL,28,2.3,230,1 oz,28.4
Cookies Peanut Butter Prepared From Recipe,Baked Foods,475,23.8,31,518,58.9,NULL,NULL,9,NULL,39,2.23,231,1 oz,28.4
Cookies Peanut Butter Sandwich Regular,Baked Foods,478,21.1,0,368,65.6,1.9,35.44,8.8,0,53,2.6,192,1 oz,28.4
Cookies Raisin Soft-Type,Baked Foods,401,13.6,2,418,68,1.2,47.56,4.1,0,46,2.29,140,1 oz,28.4
Cookies Shortbread Commercially Prepared Plain,Baked Foods,514,26.22,0,353,63.78,1.3,21.65,5.37,0,13,2.98,88,1 oz,28.4
Cookies Shortbread Commercially Prepared Pecan,Baked Foods,542,32.5,33,281,58.3,1.8,NULL,4.9,NULL,30,2.43,73,1 oz,28.4
Cookies Peanut Butter Sandwich Special Dietary,Baked Foods,535,34,0,412,50.8,NULL,NULL,10,NULL,43,2.55,294,1 oz,28.4
Cookies Sugar Wafer With Creme Filling Sugar Free,Baked Foods,531,28.57,0,71,66.26,14.3,0,3.57,0,0,1.29,57,1 oz,28.4
Cookies Sugar Commercially Prepared Regular (Includes Vanilla),Baked Foods,464,19.55,12,385,67.34,1.3,27.31,5.35,0,35,2.24,87,1 oz,28.4
Cookies Sugar Refrigerated Dough,Baked Foods,436,19.48,11,328,61.22,0.9,36.51,4,NULL,8,1.85,147,1 serving,33
Cookies Vanilla Wafers Lower Fat,Baked Foods,441,15.2,51,388,73.6,1.9,37.5,5,0,48,2.38,97,1 oz,28.4
Cookies Vanilla Wafers Higher Fat,Baked Foods,455,16.41,9,325,72.6,1.6,35.07,4.9,0,36,2.79,99,8 wafers,30
Crackers Cheese Regular,Baked Foods,489,22.74,3,973,59.42,2.3,4.53,10.93,0,136,4.88,156,1/2 oz,14.2
Crackers Cheese Sandwich-Type With Peanut Butter Filling,Baked Foods,496,25.12,0,829,56.74,3.4,6.98,12.41,0,50,2.72,218,1/2 oz,14.2
Melba Toast,Baked Foods,390,3.2,0,598,76.6,6.3,0.94,12.1,0,93,3.7,202,1/2 oz,14.2
Pumpernickel Melba Rye Toast,Baked Foods,389,3.4,0,899,77.3,8,NULL,11.6,NULL,78,3.68,193,1/2 oz,14.2
Wheat Melba Toast Crackers,Baked Foods,374,2.3,0,837,76.4,7.4,NULL,12.9,NULL,43,4.5,148,1/2 oz,14.2
Crackers Milk,Baked Foods,446,13.77,11,687,71.73,3.4,10.32,7.6,0,172,3.58,114,1/2 oz,14.2
Crackers Rusk Toast,Baked Foods,407,7.2,78,253,72.3,NULL,NULL,13.5,NULL,27,2.72,245,1/2 oz,14.2
Crackers Standard Snack-Type Regular,Baked Foods,510,26.43,0,726,61.3,2.3,8.18,6.64,0,120,4.03,118,5 crackers,16
Crackers Standard Snack-Type Sandwich With Cheese Filling,Baked Foods,477,21.1,2,978,61.7,1.9,3.18,9.3,0,257,2.39,429,1/2 oz,14.2
Crackers Standard Snack-Type Sandwich With Peanut Butter Filling,Baked Foods,494,24.54,0,801,58.38,2.3,10.5,11.47,0,81,2.77,215,1/2 oz,14.2
Crackers Wheat Regular,Baked Foods,455,16.4,0,699,70.73,6.9,15.48,7.3,0,92,2.64,283,16 crackers 1 serving,34
Cream Puff Shell Prepared From Recipe,Baked Foods,360,25.9,171,483,22.8,0.8,0.25,9,1.4,36,2.02,97,1 oz,28.4
Butter Croissants,Baked Foods,406,21,67,384,45.8,2.6,11.26,8.2,0,37,2.03,118,1 oz,28.4
Croissants Apple,Baked Foods,254,8.7,31,274,37.1,2.5,NULL,7.4,NULL,30,1.1,90,1 oz,28.4
Cheese Croissants,Baked Foods,414,20.9,57,361,47,2.6,11.35,9.2,0,53,2.15,132,1 oz,28.4
Doughnuts Cake-Type Plain (Includes Unsugared Old-Fashioned),Baked Foods,434,24.93,10,477,47.06,1.7,18.15,5.31,0,40,2.53,134,1 donut,40
Doughnuts Cake-Type Plain Chocolate-Coated Or Frosted,Baked Foods,452,25.25,19,326,51.33,1.9,26.65,4.93,0,24,4,201,1 oz,28.4
Doughnuts Cake-Type Plain Sugared Or Glazed,Baked Foods,426,22.9,32,402,50.8,1.5,NULL,5.2,NULL,60,1.06,102,1 oz,28.4
Doughnuts Cake-Type Chocolate Sugared Or Glazed,Baked Foods,417,19.9,57,215,57.4,2.2,31.92,4.5,0,213,2.27,106,1 oz,28.4
English Muffins Plain Enriched With Ca Prop (Includes Sourdough),Baked Foods,227,1.69,0,425,44.17,3.5,3.53,8.87,0,163,4,109,1 oz,28.4
English Muffins Plain Toasted Enriched With Calcium Propionate (Includes Sourdough),Baked Foods,270,2.02,0,477,52.65,2.8,3.47,10.32,0,197,4.65,129,1 oz,28.4
English Muffins Mixed-Grain (Includes Granola),Baked Foods,235,1.8,0,298,46.3,2.8,0.81,9.1,0,196,3.02,156,1 oz,28.4
English Muffins Raisin-Cinnamon (Includes Apple-Cinnamon),Baked Foods,240,1.8,0,299,48.1,2.6,14.76,7.91,0,114,4.5,173,1 oz,28.4
French Toast Prepared From Recipe Made With Low Fat (2%) Milk,Baked Foods,229,10.8,116,479,25,NULL,NULL,7.7,NULL,100,1.67,134,1 oz,28.4
Hush Puppies Prepared From Recipe,Baked Foods,337,13.5,45,668,46,2.8,2.03,7.7,0,278,3.04,144,1 oz,28.4
Ice Cream Cones Cake Or Wafer-Type,Baked Foods,417,6.9,0,256,79,3,6,8.1,0,25,3.6,112,1 oz,28.4
Ice Cream Cones Sugar Rolled-Type,Baked Foods,402,3.8,0,298,84.1,1.7,25.66,7.9,0,44,4.43,145,1 oz,28.4
Corn Muffins,Baked Foods,305,8.4,26,385,51,3.4,17.78,5.9,0,74,2.81,69,1 oz,28.4
Muffins Corn Dry Mix Prepared,Baked Foods,321,10.2,62,795,49.1,2.4,NULL,7.4,NULL,75,1.94,131,1 oz,28.4
Muffins Corn Toaster-Type,Baked Foods,346,11.3,13,430,57.9,1.6,NULL,5.3,NULL,19,1.47,92,1 oz,28.4
Muffins Corn Prepared From Recipe Made With Low Fat (2%) Milk,Baked Foods,316,12.3,42,585,44.2,NULL,NULL,7.1,NULL,259,2.61,145,1 oz,28.4
Pancakes Plain Dry Mix Complete Prepared,Baked Foods,194,2.5,12,628,36.7,1.3,NULL,5.2,NULL,126,1.56,175,1 oz,28.4
Pancakes Plain Dry Mix Incomplete (Includes Buttermilk),Baked Foods,355,1.7,0,1148,73.6,5.4,2.21,10,0,342,3.05,191,1 oz,28.4
Pancakes Plain Dry Mix Incomplete Prepared,Baked Foods,218,7.7,71,505,28.9,1.9,NULL,7.8,NULL,215,1.3,199,1 oz,28.4
Pancakes Plain Prepared From Recipe,Baked Foods,227,9.7,59,439,28.3,NULL,NULL,6.4,NULL,219,1.8,132,1 oz,28.4
Pancakes Whole-Wheat Dry Mix Incomplete Prepared,Baked Foods,208,6.5,61,572,29.4,2.8,NULL,8.5,NULL,250,3.11,279,1 oz,28.4
Pie Apple Commercially Prepared Enriched Flour,Baked Foods,237,11,0,201,34,1.6,15.65,1.9,0,11,0.45,65,1 oz,28.4
Pie Apple Prepared From Recipe,Baked Foods,265,12.5,0,211,37.1,NULL,NULL,2.4,NULL,7,1.12,79,1 oz,28.4
Pie Banana Cream Prepared From Mix No-Bake Type,Baked Foods,251,12.9,29,290,31.6,0.6,NULL,3.4,NULL,73,0.46,113,1 oz,28.4
Pie Chocolate Creme Commercially Prepared,Baked Foods,353,22.41,12,266,38.44,0.8,27.39,4.15,0.1,66,1.49,161,1 serving .167 pie,120
Pie Chocolate Mousse Prepared From Mix No-Bake Type,Baked Foods,260,15.4,35,460,29.6,NULL,NULL,3.5,NULL,77,1.08,285,1 oz,28.4
Pie Coconut Creme Commercially Prepared,Baked Foods,298,16.6,0,204,37.3,1.3,18.52,2.1,0.2,29,0.8,65,1 oz,28.4
Pie Coconut Cream Prepared From Mix No-Bake Type,Baked Foods,276,17.6,23,329,28.5,0.5,NULL,2.8,NULL,72,0.4,141,1 oz,28.4
Pie Lemon Meringue Prepared From Recipe,Baked Foods,285,12.9,53,242,39.1,NULL,NULL,3.8,NULL,12,1,65,1 oz,28.4
Pie Mince Prepared From Recipe,Baked Foods,289,10.8,0,254,48,2.6,28.31,2.6,0,22,1.49,203,1 oz,28.4
Pie Peach,Baked Foods,224,10,0,217,32.9,0.8,16.23,1.9,0,8,0.5,125,1 oz,28.4
Pie Pecan Commercially Prepared,Baked Foods,407,16.69,42,275,59.61,2.1,25.18,4.5,0.1,22,0.93,99,1 oz,28.4
Pie Crust Standard-Type Dry Mix,Baked Foods,518,31.4,0,753,52.1,NULL,NULL,6.9,NULL,61,2.22,64,1 oz,28.4
Pie Crust Standard-Type Dry Mix Prepared Baked,Baked Foods,501,30.4,0,729,50.4,1.8,NULL,6.7,NULL,60,2.15,62,1 piece (1/8 of 9 inch crust),20
Pie Crust Standard-Type Frozen Ready-To-Bake Enriched,Baked Foods,457,26.07,0,409,48.62,2.5,3.72,6.16,0,19,2.6,97,1 piece (1/8 of 9 inch crust),18
Pie Crust Standard-Type Frozen Ready-To-Bake Enriched Baked,Baked Foods,508,28.59,0,467,56.24,3.3,4.23,6.5,0,21,2.8,114,1 pie crust (average weight of 1 baked crust),154
Pie Crust Standard-Type Prepared From Recipe Baked,Baked Foods,527,34.6,0,542,47.5,1.7,0.17,6.4,NULL,10,2.89,67,1 piece (1/8 of 9 inch crust),23
Rolls Dinner Egg,Baked Foods,307,6.4,50,566,52,3.7,4.3,9.5,0,59,3.52,104,1 oz,28.4
Rolls Dinner Oat Bran,Baked Foods,236,4.6,0,413,40.2,4.1,6.67,9.5,0,85,4.14,121,1 oz,28.4
Rolls Dinner Rye,Baked Foods,286,3.4,0,650,53.1,4.9,1.17,10.3,0,30,2.7,180,1 large (approx 3-1/2 inch to 4 inch dia),43
Rolls Dinner Wheat,Baked Foods,273,6.3,0,524,46,3.8,1.63,8.6,0,176,3.55,115,1 roll (1 oz),28
Rolls Hard (Includes Kaiser),Baked Foods,293,4.3,0,544,52.7,2.3,1.77,9.9,0,95,3.28,108,1 oz,28.4
Apple Strudel,Baked Foods,274,11.2,6,135,41.1,2.2,25.75,3.3,0,15,0.42,149,1 oz,28.4
Sweet Rolls Cheese,Baked Foods,360,18.3,76,357,43.7,1.2,NULL,7.1,NULL,118,0.76,137,1 oz,28.4
Sweet Rolls Cinnamon Commercially Prepared With Raisins,Baked Foods,372,16.4,66,304,50.9,2.4,31.73,6.2,0,72,1.6,111,1 oz,28.4
Toaster Pastries Fruit (Includes Apple Blueberry Cherry Strawberry),Baked Foods,388,9.95,0,334,70.32,1,26.13,4.2,0,16,5.51,102,1 oz,28.4
Tortillas Ready-To-Bake Or -Fry Corn,Baked Foods,218,2.85,0,45,44.64,6.3,0.88,5.7,0,81,1.23,186,1 oz,28.4
Tortillas Ready-To-Bake Or -Fry Flour Refrigerated,Baked Foods,306,7.99,0,736,49.38,3.5,3.71,8.2,0,146,3.63,125,1 tortilla,48
Waffles Plain Frozen Ready-To-Heat,Baked Foods,285,9.7,14,638,42.98,2.2,4.91,6.47,NULL,308,5.61,125,1 oz,28.4
Waffles Plain Prepared From Recipe,Baked Foods,291,14.1,69,511,32.9,NULL,NULL,7.9,NULL,255,2.31,159,1 oz,28.4
Leavening Agents Baking Soda,Baked Foods,0,0,0,27360,0,0,0,0,0,0,0,0,1 tsp,4.6
Leavening Agents Cream Of Tartar,Baked Foods,258,0,0,52,61.5,0.2,0,0,0,8,3.72,16500,1 tsp,3
Leavening Agents Yeast Bakers Compressed,Baked Foods,105,1.9,0,30,18.1,8.1,0,8.4,0,19,3.25,601,1 cake (0.6 oz),17
Leavening Agents Yeast Bakers Active Dry,Baked Foods,325,7.61,0,51,41.22,26.9,0,40.44,0,30,2.17,955,1 tsp,4
Bread Rice Bran Toasted,Baked Foods,264,5,0,292,47.3,5.3,5.08,9.7,0,75,3.92,212,1 oz,28.4
Muffins Blueberry Toaster-Type Toasted,Baked Foods,333,10.1,5,444,56.7,1.9,12.95,4.9,0,14,0.54,88,1 oz,28.4
Muffins Wheat Bran Toaster-Type With Raisins Toasted,Baked Foods,313,9.4,9,527,55.5,8.2,23.07,5.5,NULL,39,2.83,177,1 oz,28.4
Pancakes Buttermilk Prepared From Recipe,Baked Foods,227,9.3,58,522,28.7,NULL,NULL,6.8,NULL,157,1.7,145,1 oz,28.4
Waffles Plain Frozen Ready -To-Heat Toasted,Baked Foods,312,9.61,15,467,49.29,2.4,5.02,7.19,0,307,6.91,144,1 oz,28.4
Bagels Plain Enriched Without Calcium Propionate (Includes Onion Poppy Sesame),Baked Foods,275,1.6,0,534,53.4,2.3,NULL,10.5,NULL,18,3.56,101,1 oz,28.4
Bagels Plain Unenriched With Calcium Propionate (Includes Onion Poppy Sesame),Baked Foods,275,1.6,0,534,53.4,2.3,NULL,10.5,NULL,74,1.36,101,1 oz,28.4
Bagels Plain Unenriched Without Calcium Propionate(Includes Onion Poppy Sesame),Baked Foods,275,1.6,0,534,53.4,2.3,NULL,10.5,NULL,18,1.36,101,1 oz,28.4
Coffeecake Cinnamon With Crumb Topping Commercially Prepared Unenriched,Baked Foods,418,23.3,32,351,46.7,2,NULL,6.8,NULL,54,0.78,123,1 oz,28.4
Cake Pound Commercially Prepared Other Than All Butter Unenriched,Baked Foods,389,17.9,58,400,52.5,1,NULL,5.2,NULL,64,0.6,106,1 piece (1/10 of 10.6 oz cake),30
Cake Pudding-Type White Unenriched Dry Mix,Baked Foods,423,9.5,0,665,81,0.7,NULL,3.9,NULL,77,0.52,72,1 oz,28.4
Cake Yellow Unenriched Dry Mix,Baked Foods,432,11.6,2,657,78.1,1.1,NULL,4.4,NULL,135,0.48,82,1 oz,28.4
Crackers Saltines Low Salt (Includes Oyster Soda Soup),Baked Foods,421,8.85,0,198,74.34,2.9,2.22,9.5,0,119,5.13,724,1/2 oz,14.2
Crackers Saltines Unsalted Tops (Includes Oyster Soda Soup),Baked Foods,434,11.8,0,766,71.5,3,NULL,9.2,NULL,119,5.4,128,1/2 oz,14.2
Crackers Standard Snack-Type Regular Low Salt,Baked Foods,502,25.3,0,216,61,1.6,1.79,7.4,0,120,3.6,355,1/2 oz,14.2
Crackers Wheat Low Salt,Baked Foods,473,20.6,0,190,64.9,4.5,13.04,8.6,0,49,4.4,203,1/2 oz,14.2
Crackers Cheese Low Sodium,Baked Foods,503,25.3,13,458,58.2,2.4,0.28,10.1,0,151,4.77,106,1/2 oz,14.2
Danish Pastry Raspberry Unenriched,Baked Foods,371,18.5,40,354,47.8,1.9,NULL,5.4,NULL,46,0.75,83,1 oz,28.4
Doughnuts Yeast-Leavened Glazed Unenriched (Includes Honey Buns),Baked Foods,403,22.8,6,342,44.3,1.2,NULL,6.4,NULL,43,0.6,108,1 oz,28.4
English Muffins Plain Enriched Without Calcium Propionate(Includes Sourdough),Baked Foods,235,1.8,0,464,46,2.7,NULL,7.7,NULL,52,2.5,131,1 oz,28.4
Pie Fried Pies Lemon,Baked Foods,316,16.1,0,374,42.6,2.6,NULL,3,NULL,22,1.22,65,1 oz,28.4
Pie Crust Standard-Type Frozen Ready-To-Bake Unenriched,Baked Foods,457,29.2,0,576,44.1,0.9,NULL,3.9,NULL,18,0.38,98,1 crust single 9 inch,142
Popovers Dry Mix Unenriched,Baked Foods,371,4.3,0,906,71,NULL,NULL,10.4,NULL,32,0.82,100,1 oz,28.4
Taco Shells Baked Without Added Salt,Baked Foods,468,22.6,0,15,62.4,7.5,NULL,7.2,NULL,160,2.5,179,1 oz,28.4
Crackers Saltines Fat-Free Low-Sodium,Baked Foods,393,1.6,0,849,82.3,2.7,0.38,10.5,0,22,7.72,115,3 saltines,15
Breakfast Tart Low Fat,Baked Foods,372,5.99,0,361,76.8,1.5,4.87,3.99,0,44,3.42,66,1 tart,52
Archway Home Style Cookies Sugar Free Oatmeal,Baked Foods,442,20.92,0,308,67.2,1.9,1.26,5.54,NULL,20,1.96,87,1 serving,24
Archway Home Style Cookies Chocolate Chip Ice Box,Baked Foods,497,24.4,13,270,65.02,2,34.06,4.28,NULL,14,2.63,127,1 serving,24
Archway Home Style Cookies Iced Oatmeal,Baked Foods,435,16.53,8,377,66.76,2,37.2,4.89,NULL,32,2.19,185,1 serving,28
Archway Home Style Cookies Molasses,Baked Foods,403,12.06,25,577,69.41,1.2,36.35,4.25,NULL,29,4.68,117,1 serving,26
Archway Home Style Cookies Oatmeal,Baked Foods,421,14.08,10,394,68.17,2.9,34.5,5.48,NULL,35,2.45,219,1 serving,25
Archway Home Style Cookies Oatmeal Raisin,Baked Foods,406,12.08,8,339,69.27,2.7,39.55,5.17,NULL,38,2.4,285,1 serving,26
Archway Home Style Cookies Strawberry Filled,Baked Foods,400,13.26,6,377,65.92,2.2,31.76,4.35,NULL,20,2.32,118,1 serving,25
Archway Home Style Cookies Reduced Fat Ginger Snaps,Baked Foods,424,11.14,1,406,76.23,1.1,36.28,4.67,NULL,62,12.57,309,1 serving,32
Artificial Blueberry Muffin Mix Dry,Baked Foods,407,8.7,NULL,760,77.45,NULL,NULL,4.7,NULL,NULL,NULL,NULL,1 muffin,31
Kraft Stove Top Stuffing Mix Chicken Flavor,Baked Foods,381,4.1,4,1532,73.1,2.5,10.1,12.6,NULL,63,4.32,267,1 nlea serving (makes 1/2 cup prepared),28
Martha White Foods Martha Whites Chewy Fudge Brownie Mix Dry,Baked Foods,407,6.16,0,457,83.58,2.9,54.76,4.42,NULL,17,3.81,51,1 serving,28
Martha White Foods Martha Whites Buttermilk Biscuit Mix Dry,Baked Foods,388,13.23,3,1295,59.41,1.5,4.46,7.81,NULL,168,4.06,212,1 serving,41
Mission Foods Mission Flour Tortillas Soft Taco 8 Inch,Baked Foods,287,6,NULL,898,49.6,NULL,NULL,8.7,NULL,191,1.99,NULL,1 serving,51
Nabisco Nabisco Grahams Crackers,Baked Foods,424,10,0,659,76.2,3.4,23,6.99,NULL,79,4.13,177,1 serving,28
Nabisco Nabisco Oreo Crunchies Cookie Crumb Topping,Baked Foods,476,21.5,NULL,528,70.23,3.2,36,4.78,NULL,24,4.9,194,1 serving,11
Game Meat Deer Cooked Roasted,Meats,158,3.19,112,54,0,0,NULL,30.21,NULL,7,4.47,335,3 oz,85
Game Meat Horse Raw,Meats,133,4.6,52,53,0,0,NULL,21.39,NULL,6,3.82,360,1 oz,28.4
Game Meat Horse Cooked Roasted,Meats,175,6.05,68,55,0,0,NULL,28.14,NULL,8,5.03,379,3 oz,85
Tea Instant Lemon Unsweetened,Beverages,345,0.18,0,55,78.52,5,4.52,7.4,0,28,0.75,3453,1 tsp rounded,1.4
Tea Instant Lemon Sweetened Powder,Beverages,401,0.73,0,5,98.55,0.7,95.29,0.12,0,2,0.21,169,1 serving (3 heaping tsp),23
Tea Instant Lemon Sweetened Prepared With Water,Beverages,35,0.06,0,2,8.61,0.1,8.33,0.01,NULL,2,0.02,15,1 cup (8 fl oz),259
Tea Instant Sweetened With Sodium Saccharin Lemon-Flavored Powder,Beverages,338,0.6,0,412,85.4,0,1.88,3.3,NULL,21,8.87,2568,2 tsp,1.6
Cocoa Mix With Aspartame Powder Prepared With Water,Beverages,29,0.23,0,72,5.61,0.6,2.93,1.21,NULL,48,0.39,211,1 fl oz,32.1
Carbonated Cola Fast-Food Cola,Beverages,37,0.02,0,4,9.56,0,8.97,0.07,0,2,0.11,2,1 serving child 12 fl oz without ice,258
Fruit Punch Juice Drink Frozen Concentrate,Beverages,175,0.7,0,10,43.1,0.2,NULL,0.3,NULL,20,0.8,270,1 fl oz,35.2
Fruit Punch Juice Drink Frozen Concentrate Prepared With Water,Beverages,42,0.17,0,5,11.4,0,11.4,0.07,NULL,7,0.2,66,1 fl oz,29.3
Well Water,Beverages,0,0,NULL,5,0,0,NULL,0,NULL,3,0,0,1 fl oz,29.6
Coffee Liqueur,Beverages,336,0.3,0,8,46.8,0,38.3,0.1,0,1,0.06,30,1 fl oz,34.8
Coffee Cream Liqueur,Beverages,327,15.7,58,92,20.9,0,19.76,2.8,0,16,0.13,32,1 fl oz,31.1
Carbonated Low Calorie Cola Or Pepper-Type With Aspartame Contains Caffeine,Beverages,2,0.03,0,8,0.29,0,0,0.11,0,3,0.11,8,1 fl oz,29.6
Orange Drink Breakfast Type With Juice And Pulp Frozen Concentrate,Beverages,153,0,0,26,39,0.1,38.05,0.4,0,399,0.26,465,1 fl oz,36.3
Orange Drink Breakfast Type With Juice And Pulp Frozen Concentrate Prepared With Water,Beverages,45,0,0,10,11.32,0,11.05,0.12,NULL,118,0.08,167,1 fl oz,31.3
Shake Fast Food Strawberry,Beverages,113,2.8,11,83,18.9,0.4,NULL,3.4,0,113,0.11,182,1 fl oz,23.5
Water Tap Municipal,Beverages,0,0,0,3,0,0,0,0,0,3,0,1,1 fl oz,29.6
The Coca-Cola Company Dasani Water Bottled Non-Carbonated,Beverages,0,0,NULL,0,0,NULL,NULL,0,NULL,0,0,0,1 fl oz,29.6
Orange Breakfast Drink Ready-To-Drink With Added Nutrients,Beverages,53,0,0,54,13.2,0.1,8.02,0,0,100,0.05,83,1 fl oz,31.6
Water Bottled Non-Carbonated Calistoga,Beverages,0,0,NULL,0,0,NULL,NULL,0,NULL,0,NULL,0,1 fl oz,29.6
Water Bottled Non-Carbonated Crystal Geyser,Beverages,0,0,NULL,1,0,NULL,NULL,0,NULL,3,NULL,0,1 fl oz,29.6
Coca-Cola Powerade Lemon-Lime Flavored Ready-To-Drink,Beverages,32,0.05,0,42,7.84,0,6.11,0,0,1,0.09,18,1 fl oz,30.5
Propel Zero Fruit-Flavored Non-Carbonated,Beverages,5,0,0,33,1.14,0,0,0,0,1,0.03,16,1 fl oz,29.6
Arizona Tea Ready-To-Drink Lemon,Beverages,39,0,0,4,9.77,0,9.63,0,NULL,3,0,10,1 fl oz,30.6
Lipton Brisk Tea Black Ready-To-Drink Lemon,Beverages,35,0,0,21,8.81,0,8.69,0,NULL,1,0,19,1 fl oz,30.6
Dry Dessert Wine,Beverages,152,0,0,9,11.67,0,1.09,0.2,NULL,8,0.24,92,1 fl oz,29.5
Carbonated Beverage Low Calorie Other Than Cola Or Pepper With Sodium Saccharin Without Caffeine,Beverages,0,0,0,16,0.1,0,NULL,0,NULL,4,0.04,2,1 fl oz,29.6
Cocoa Mix Low Calorie Powder With Added Calcium Phosphorus Aspartame Without Added Sodium Or Vitamin A,Beverages,359,3,11,653,58,1.1,55.58,25.1,0,1440,4.96,2702,1 envelope  swiss miss (.53 oz),15
Fruit Punch-Flavor Drink Powder Without Added Sodium Prepared With Water,Beverages,37,0.01,0,7,9.47,0,9.23,0,NULL,17,0.05,1,1 fl oz,32.7
Fish Herring Atlantic Raw,Fish,158,9.04,60,90,0,0,0,17.96,4.2,57,1.1,327,1 oz boneless,28.4
Atlantic Herring,Fish,203,11.59,77,115,0,0,0,23.03,5.4,74,1.41,419,1 fillet,143
Pickled Herring,Fish,262,18,13,870,9.64,0,7.71,14.19,2.8,77,1.22,69,1 cup,140
Atlantic Mackerel (Raw),Fish,205,13.89,70,90,0,0,0,18.6,16.1,12,1.63,314,1 fillet,112
Atlantic Mackerel (Cooked),Fish,262,17.81,75,83,0,0,NULL,23.85,NULL,15,1.57,401,1 fillet,88
Fish Mackerel Jack Canned Drained Solids,Fish,156,6.3,79,379,0,0,0,23.19,7.3,241,2.04,194,1 oz boneless,28.4
Fish Mackerel King Raw,Fish,105,2,53,158,0,0,NULL,20.28,NULL,31,1.78,435,3 oz,85
Fish Mullet Striped Raw,Fish,117,3.79,49,65,0,0,0,19.35,1.5,41,1.02,357,1 oz,28.4
Fish Mullet Striped Cooked Dry Heat,Fish,150,4.86,63,71,0,0,NULL,24.81,NULL,31,1.41,458,1 fillet,93
Fish Ocean Perch Atlantic Raw,Fish,79,1.54,52,287,0,0,0,15.31,1.2,28,0.22,187,1 oz boneless,28.4
Cooked Atlantic Perch,Fish,96,1.87,63,347,0,0,0,18.51,1.4,34,0.27,226,1 fillet,50
Cooked Northern Pike,Fish,113,0.88,50,49,0,0,NULL,24.69,NULL,73,0.71,331,3 oz,85
Fish Pike Walleye Raw,Fish,93,1.22,86,51,0,0,NULL,19.14,NULL,110,1.3,389,3 oz,85
Fish Pollock Atlantic Raw,Fish,92,0.98,71,86,0,0,0,19.44,1,60,0.46,356,3 oz,85
Fish Pollock Alaska Raw (May Have Been Previously Frozen),Fish,56,0.41,46,333,0,0,0,12.19,0.2,15,0.22,160,1 fillet,77
Fish Rockfish Pacific Mixed Species Cooked Dry Heat,Fish,109,1.62,61,89,0,0,0,22.23,4.6,17,0.36,467,1 fillet,149
Fish Roe,Fish,143,6.42,374,91,1.5,0,0,22.32,12.1,22,0.6,221,1 tbsp,14
Fish Roughy Orange Raw,Fish,76,0.7,60,72,0,0,0,16.41,NULL,9,1.01,167,3 oz,85
Fish Sablefish Raw,Fish,195,15.3,49,56,0,0,NULL,13.41,NULL,35,1.28,358,3 oz,85
Fish Salmon Chum Canned Drained Solids With Bone,Fish,141,5.5,39,391,0,0,0,21.43,9.6,249,0.7,300,3 oz,85
Fish Salmon Coho Wild Raw,Fish,146,5.93,45,46,0,0,0,21.62,9,36,0.56,423,3 oz,85
Cooked Coho Salmon (Wild Moist Heat),Fish,184,7.5,57,53,0,0,NULL,27.36,NULL,46,0.71,455,3 oz,85
Pink Salmon (Raw),Fish,127,4.4,46,75,0,0,0,20.5,10.9,7,0.38,366,3 oz,85
Canned Sardines,Fish,208,11.45,142,307,0,0,0,24.62,4.8,382,2.92,397,1 cup drained,149
Fish Sardine Pacific Canned In Tomato Sauce Drained Solids With Bone,Fish,185,10.45,61,414,0.54,0.1,0.43,20.86,4.8,240,2.3,341,1 cup,89
Fish Scup Raw,Fish,105,2.73,52,42,0,0,0,18.88,1.2,40,0.53,287,3 oz,85
Fish Sea Bass Mixed Species Raw,Fish,97,2,41,68,0,0,0,18.43,5.6,10,0.29,256,1 fillet,129
Fish Shark Mixed Species Cooked Batter-Dipped And Fried,Fish,228,13.82,59,122,6.39,0,NULL,18.62,NULL,50,1.11,155,3 oz,85
Fish Sheepshead Raw,Fish,108,2.41,50,71,0,0,NULL,20.21,NULL,21,0.46,404,3 oz,85
Fish Sheepshead Cooked Dry Heat,Fish,126,1.63,64,73,0,0,NULL,26.02,NULL,37,0.67,512,3 oz,85
Fish Smelt Rainbow Raw,Fish,97,2.42,70,60,0,0,0,17.63,0.8,60,0.9,290,3 oz,85
Cooked Smelt,Fish,124,3.1,90,77,0,0,NULL,22.6,NULL,77,1.15,372,3 oz,85
Cooked Sturgeon,Fish,135,5.18,77,69,0,0,0,20.7,12.9,17,0.9,364,3 oz,85
Smoked Sturgeon,Fish,173,4.4,80,739,0,0,0,31.2,16.1,17,0.93,379,1 oz,28.4
Fish Sucker White Raw,Fish,92,2.32,41,40,0,0,NULL,16.76,NULL,70,1.3,380,3 oz,85
Fish Sunfish Pumpkin Seed Raw,Fish,89,0.7,67,80,0,0,NULL,19.4,NULL,80,1.2,350,1 fillet,48
Cooked Tilefish,Fish,147,4.69,64,59,0,0,NULL,24.49,NULL,26,0.31,512,1/2 fillet,150
Fish Trout Mixed Species Raw,Fish,148,6.61,58,52,0,0,0,20.77,3.9,43,1.5,361,1 fillet,79
Fish Trout Rainbow Wild Raw,Fish,119,3.46,59,31,0,0,NULL,20.48,NULL,67,0.7,481,3 oz,85
Cooked Trout,Fish,150,5.82,69,56,0,0,NULL,22.92,NULL,86,0.38,448,1 fillet,143
Skipjack Tuna (Raw),Fish,103,1.01,47,37,0,0,NULL,22,NULL,29,1.25,407,3 oz,85
Canned White Tuna (Oil Packed),Fish,186,8.08,31,396,0,0,0,26.53,NULL,4,0.65,333,3 oz,85
Canned White Tuna (Water Packed),Fish,128,2.97,42,377,0,0,0,23.62,2,14,0.97,237,3 oz,85
Yellowfin Tuna (Raw),Fish,109,0.49,39,45,0,0,0,24.4,1.7,4,0.77,441,1 oz boneless,28.4
Fish Tuna Salad,Fish,187,9.26,13,402,9.41,0,NULL,16.04,NULL,17,1,178,3 oz,85
Cooked Whiting,Fish,116,1.69,84,132,0,0,0,23.48,1.8,62,0.42,434,1 fillet,72
Fish Wolffish Atlantic Raw,Fish,96,2.39,46,85,0,0,NULL,17.5,NULL,6,0.09,300,3 oz,85
Yellowtail (Raw),Fish,146,5.24,55,39,0,0,NULL,23.14,NULL,23,0.49,420,3 oz,85
Crustaceans Crab Alaska King Raw,Fish,84,0.6,42,836,0,0,NULL,18.29,NULL,46,0.59,204,3 oz,85
Fish Catfish Channel Farmed Raw,Fish,119,5.94,55,98,0,0,0,15.23,0.2,8,0.23,302,3 oz,85
Fish Catfish Channel Farmed Cooked Dry Heat,Fish,144,7.19,66,119,0,0,0,18.44,0.3,9,0.28,366,1 fillet,143
Farmed Atlantic Salmon (Raw),Fish,208,13.42,55,59,0,0,0,20.42,11,9,0.34,363,3 oz,85
Farmed Atlantic Salmon,Fish,206,12.35,63,61,0,0,0,22.1,13.1,15,0.34,384,3 oz,85
Crustaceans Crayfish Mixed Species Farmed Raw,Fish,72,0.97,107,62,0,0,NULL,14.85,NULL,25,0.55,261,3 oz,85
Cooked Crayfish,Fish,87,1.3,137,97,0,0,NULL,17.52,NULL,51,1.11,238,3 oz,85
Cooked Eastern Oysters (Wild),Fish,79,2.65,62,132,4.23,0,0.96,8.87,0,92,7.16,242,3 oz,85
Raw Eastern Oysters,Fish,59,1.55,25,178,5.53,0,NULL,5.22,NULL,44,5.78,124,3 oz,85
Cooked Eastern Oysters (Farmed),Fish,79,2.12,38,163,7.28,0,NULL,7,NULL,56,7.77,152,3 oz,85
Canned Sockeye Salmon (With Skin And Bones),Fish,153,7.17,67,433,0,0,0,20.63,19,198,0.57,329,3 oz,85
Canned Pink Salmon (With Skin And Bones),Fish,138,5.02,83,381,0,0,0,23.1,14.5,283,0.77,333,3 oz,85
Raw Tilapia,Fish,96,1.7,50,52,0,0,0,20.08,3.1,10,0.56,302,1 fillet,116
Cooked Tilapia,Fish,128,2.65,57,56,0,0,0,26.15,3.7,14,0.69,380,1 fillet,87
Cooked Cod,Fish,84,0.25,61,134,0,NULL,NULL,20.42,NULL,17,0.16,372,3 oz,85
Crustaceans Shrimp Raw (Not Previously Frozen),Fish,85,0.51,161,119,0,NULL,NULL,20.1,NULL,64,0.52,264,3 oz,85
Crustaceans Shrimp Cooked (Not Previously Frozen),Fish,99,0.28,189,111,0.2,NULL,NULL,23.98,NULL,70,0.51,259,3 oz,85
Fish Trout Brook Raw New York State,Fish,110,2.73,60,45,0,NULL,NULL,21.23,NULL,25,0.38,417,1 filet,149
Canned Baked Beans,Beans and Lentils,94,0.37,0,343,21.14,4.1,7.96,4.75,0,34,1.19,224,1 cup,254
Canned Baked Beans With Beef,Beans and Lentils,121,3.45,22,475,16.91,NULL,NULL,6.38,0,45,1.6,320,1 cup,266
Beans Baked Canned With Franks,Beans and Lentils,142,6.57,6,430,15.39,6.9,6.53,6.75,0,48,1.73,235,1 cup,259
Beans Baked Canned With Pork,Beans and Lentils,106,1.55,7,414,19.99,5.5,NULL,5.19,0,53,1.7,309,1 cup,253
Beans Black Turtle Mature Seeds Raw,Beans and Lentils,339,0.9,0,9,63.25,15.5,2.12,21.25,0,160,8.7,1500,1 cup,184
Black Turtle Beans,Beans and Lentils,130,0.35,0,3,24.35,8.3,0.32,8.18,0,55,2.85,433,1 cup,185
Beans Black Turtle Mature Seeds Canned,Beans and Lentils,91,0.29,0,384,16.55,6.9,0.23,6.03,0,35,1.9,308,1 cup,240
Beans Cranberry (Roman) Mature Seeds Raw,Beans and Lentils,335,1.23,0,6,60.05,24.7,NULL,23.03,0,127,5,1332,1 cup,195
Beans Great Northern Mature Seeds Raw,Beans and Lentils,339,1.14,0,14,62.37,20.2,2.26,21.86,0,175,5.47,1387,1 cup,183
Great Northern Beans,Beans and Lentils,118,0.45,0,2,21.09,7,NULL,8.33,0,68,2.13,391,1 cup,177
Beans Great Northern Mature Seeds Canned,Beans and Lentils,114,0.39,0,370,21.02,4.9,1.41,7.37,0,53,1.57,351,1 cup,262
Beans Kidney All Types Mature Seeds Raw,Beans and Lentils,333,0.83,0,24,60.01,24.9,2.23,23.58,0,143,8.2,1406,1 cup,184
Cooked Red Kidney Beans,Beans and Lentils,127,0.5,0,2,22.8,7.4,0.32,8.67,0,28,2.94,403,1 cup,177
Canned Red Kidney Beans,Beans and Lentils,81,0.36,0,256,14.83,4.3,1.85,5.22,0,29,1.25,260,1 cup,256
Beans Kidney Royal Red Mature Seeds Raw,Beans and Lentils,329,0.45,0,13,58.33,24.9,NULL,25.33,0,131,8.7,1346,1 cup,184
Boiled Red Kidney Beans,Beans and Lentils,123,0.17,0,5,21.85,9.3,NULL,9.49,0,44,2.77,378,1 cup,177
Beans Pink Mature Seeds Cooked Boiled Without Salt,Beans and Lentils,149,0.49,0,2,27.91,5.3,0.36,9.06,0,52,2.3,508,1 cup,169
Beans Pinto Mature Seeds Raw,Beans and Lentils,347,1.23,0,12,62.55,15.5,2.11,21.42,0,113,5.07,1393,1 cup,193
Pinto Beans (Cooked),Beans and Lentils,143,0.65,0,1,26.22,9,0.34,9.01,0,46,2.09,436,1 cup,171
Beans Pinto Mature Seeds Canned Solids And Liquids,Beans and Lentils,82,0.56,0,268,15.18,4.6,1.02,4.6,0,47,1.47,276,1 cup,240
Beans White Mature Seeds Raw,Beans and Lentils,333,0.85,0,16,60.27,15.2,2.11,23.36,0,240,10.44,1795,1 cup,202
Cooked Large White Beans,Beans and Lentils,139,0.35,0,6,25.09,6.3,0.34,9.73,0,90,3.7,561,1 cup,179
Beans White Mature Seeds Canned,Beans and Lentils,114,0.29,0,340,21.2,4.8,0.29,7.26,0,73,2.99,454,1 cup,262
Broadbeans (Fava Beans) Mature Seeds Raw,Beans and Lentils,341,1.53,0,13,58.29,25,5.7,26.12,0,103,6.7,1062,1 cup,150
Chickpeas (Garbanzo Beans Bengal Gram) Mature Seeds Canned Solids And Liquids,Beans and Lentils,88,1.95,0,278,13.49,4.4,NULL,4.92,0,35,1.23,144,1 cup,240
Canned Chili With Beans,Beans and Lentils,103,3.76,17,423,13.24,3.3,1.65,6.12,0,47,3.43,365,1 cup,256
Cowpeas Catjang Mature Seeds Raw,Beans and Lentils,343,2.07,0,58,59.64,10.7,NULL,23.85,0,85,9.95,1375,1 cup,167
Cooked Catjang Beans,Beans and Lentils,117,0.71,0,19,20.32,3.6,NULL,8.13,0,26,3.05,375,1 cup,171
Hyacinth Beans Mature Seeds Raw,Beans and Lentils,344,1.69,0,21,60.74,25.6,NULL,23.9,0,130,5.1,1235,1 cup,210
Hyacinth Beans Mature Seeds Cooked Boiled Without Salt,Beans and Lentils,117,0.58,0,7,20.69,NULL,NULL,8.14,0,40,4.58,337,1 cup,194
Vitasoy Usa Vitasoy Organic Creamy Original Soy Milk,Beans and Lentils,44,1.6,0,66,4.5,0.4,2,2.9,0.9,127,0.4,131,1 cup,243
Vitasoy Usa Vitasoy Organic Classic Original Soy Milk,Beans and Lentils,47,1.8,0,66,4.5,0.4,2,3.2,NULL,17,0.44,156,1 cup,243
Vitasoy Usa Vitasoy Light Vanilla Soy Milk,Beans and Lentils,30,0.82,0,49,4.1,0.1,2.9,1.6,0.8,123,0.3,82,1 cup,243
Soy Milk,Beans and Lentils,33,1.61,0,37,1.74,0.5,0.41,2.86,1.2,124,0.46,120,1 cup,243
Soy Milk (All Flavors) Nonfat With Added Calcium Vitamins A And D,Beans and Lentils,28,0.04,0,57,4.14,0.2,3.65,2.47,1,116,0.35,105,1 cup,243
Soy Milk Chocolate Nonfat With Added Calcium Vitamins A And D,Beans and Lentils,44,0.04,0,57,8.51,0.2,3.65,2.47,1,116,0.35,105,1 cup,243
Silk (Soy Milk),Beans and Lentils,41,1.65,0,49,3.29,0.4,2.47,2.88,1.2,123,0.44,123,1 cup,243
Silk Vanilla Soy Milk,Beans and Lentils,41,1.44,0,39,4.12,0.4,2.88,2.47,1.2,123,0.44,123,1 cup,243
Silk Plus Omega-3 Dha Soy Milk,Beans and Lentils,45,2.06,0,49,3.29,0.4,2.47,2.88,1.2,144,0.44,144,1 cup,243
Silk Plus For Bone Health Soy Milk,Beans and Lentils,41,1.44,0,39,4.53,0.8,2.88,2.47,1.2,165,0.44,123,1 cup,243
Silk Plus Fiber Soy Milk,Beans and Lentils,41,1.44,0,39,5.76,2.1,2.88,2.47,1.2,123,0.44,123,1 cup,243
Unsweetened Soy Milk,Beans and Lentils,33,1.65,0,35,1.65,0.4,0.41,2.88,0,123,0.44,123,1 cup,243
Silk Coffee Soy Milk,Beans and Lentils,62,1.44,0,41,10.29,0,9.47,2.06,NULL,123,0,132,1 cup,243
Silk Vanilla Soy Yogurt (Family Size),Beans and Lentils,79,1.76,0,13,13.66,0.4,10.57,2.64,1.3,132,0.48,NULL,1 container,227
Silk Vanilla Soy Yogurt (Single Serving Size),Beans and Lentils,88,1.76,0,12,14.71,0.6,10.59,2.94,NULL,176,0.85,NULL,1 container,170
Silk Plain Soy Yogurt,Beans and Lentils,66,1.76,0,13,9.69,0.4,5.29,2.64,1.3,132,NULL,NULL,1 container,227
Silk Strawberry Soy Yogurt,Beans and Lentils,94,1.18,0,15,18.24,0.6,12.94,2.35,NULL,176,0.64,NULL,1 container,170
Silk Key Lime Soy Yogurt,Beans and Lentils,88,1.18,0,15,17.65,0.6,12.35,2.35,NULL,176,0.64,NULL,1 container,170
Silk Banana-Strawberry Soy Yogurt,Beans and Lentils,88,1.18,0,15,17.06,0.6,10.59,2.35,NULL,176,0.64,NULL,1 container,170
Silk Original Creamer,Beans and Lentils,100,6.67,0,67,6.67,0,0,0,NULL,0,0,NULL,1 tbsp,15
Silk French Vanilla Creamer,Beans and Lentils,133,6.67,0,67,20,0,20,0,NULL,0,0,NULL,1 tbsp,15
Vitasoy Usa Organic Nasoya Tofu Plus Firm,Beans and Lentils,74,3.4,0,4,1.71,0.8,0.3,9.19,2.5,237,1.3,NULL,3 oz,85
Vitasoy Usa Organic Nasoya Sprouted Tofu Plus Super Firm,Beans and Lentils,115,5.9,0,28,2.16,1.2,1.1,13.24,2.5,239,1.7,NULL,3 oz,85
Vitasoy Usa Azumaya Extra Firm Tofu,Beans and Lentils,88,4.6,0,26,1.53,0.9,0.5,10.07,NULL,176,1.7,NULL,1/5 package,79
Vitasoy Usa Azumaya Firm Tofu,Beans and Lentils,80,4.2,0,23,1.52,0.6,0.4,9.08,NULL,180,1.3,NULL,1/5 package,79
Beans Black Mature Seeds Cooked Boiled With Salt,Beans and Lentils,132,0.54,0,237,23.71,8.7,0.32,8.86,0,27,2.1,355,1 cup,172
Beans Black Mature Seeds Canned Low Sodium,Beans and Lentils,91,0.29,0,138,16.55,6.9,0.23,6.03,0,35,1.9,308,1 cup,240
Beans Black Turtle Mature Seeds Cooked Boiled With Salt,Beans and Lentils,130,0.35,0,239,24.35,8.3,0.32,8.18,0,55,2.85,433,1 cup,185
Beans Cranberry (Roman) Mature Seeds Cooked Boiled With Salt,Beans and Lentils,136,0.46,0,237,24.46,8.6,NULL,9.34,0,50,2.09,387,1 cup,177
Beans French Mature Seeds Cooked Boiled With Salt,Beans and Lentils,129,0.76,0,242,24.02,9.4,NULL,7.05,0,63,1.08,370,1 cup,177
Beans Kidney Red Mature Seeds Cooked Boiled With Salt,Beans and Lentils,127,0.5,0,238,22.8,7.4,0.32,8.67,0,28,2.94,403,1 cup,177
Beans Kidney Red Mature Seeds Canned Drained Solids Rinsed In Tap Water,Beans and Lentils,121,0.93,0,208,20.8,6,NULL,8.12,0,58,1.5,250,1 cup cup rinsed solids,158
Beans Kidney Royal Red Mature Seeds Cooked Boiled With Salt,Beans and Lentils,123,0.17,0,241,21.85,9.3,NULL,9.49,0,44,2.77,378,1 cup,177
Beans Kidney Red Mature Seeds Canned Solids And Liquid Low Sodium,Beans and Lentils,81,0.36,0,117,14.83,5.3,1.85,5.22,0,29,1.25,260,1 cup,256
Beans Small White Mature Seeds Cooked Boiled With Salt,Beans and Lentils,142,0.64,0,238,25.81,10.4,NULL,8.97,0,73,2.84,463,1 cup,179
Beans Pinto Mature Seeds Canned Solids And Liquids Low Sodium,Beans and Lentils,82,0.56,0,146,15.18,4.6,1.02,4.6,0,47,1.47,276,1 cup,240
Beans Yellow Mature Seeds Cooked Boiled With Salt,Beans and Lentils,144,1.08,0,241,25.28,10.4,0.34,9.16,0,62,2.48,325,1 cup,177
Beans White Mature Seeds Cooked Boiled With Salt,Beans and Lentils,139,0.35,0,242,25.09,6.3,0.34,9.73,0,90,3.7,561,1 cup,179
Chickpeas (Garbanzo Beans Bengal Gram) Mature Seeds Canned Solids And Liquids Low Sodium,Beans and Lentils,88,1.95,0,132,13.49,4.4,2.59,4.92,0,35,1.23,144,1 cup,240
Cowpeas Catjang Mature Seeds Cooked Boiled With Salt,Beans and Lentils,117,0.71,0,255,20.32,3.6,NULL,8.13,0,26,3.05,375,1 cup,171
Cowpeas Common (Blackeyes Crowder Southern) Mature Seeds Cooked Boiled With Salt,Beans and Lentils,116,0.53,0,240,20.76,6.5,3.3,7.73,0,24,2.51,278,1 cup,171
Hyacinth Beans Mature Seeds Cooked Boiled With Salt,Beans and Lentils,117,0.58,0,243,20.7,NULL,NULL,8.14,0,40,4.58,337,1 cup,194
Lentils Mature Seeds Cooked Boiled With Salt,Beans and Lentils,114,0.38,0,238,19.54,7.9,1.8,9.02,0,19,3.33,369,1 cup,198
Mung Beans Mature Seeds Cooked Boiled With Salt,Beans and Lentils,105,0.38,0,238,19.15,7.6,2,7.02,0,27,1.4,266,1 cup,202
Mungo Beans Mature Seeds Cooked Boiled With Salt,Beans and Lentils,105,0.55,0,243,18.34,6.4,2.01,7.54,0,53,1.75,231,1 cup,180
Peas Split Mature Seeds Cooked Boiled With Salt,Beans and Lentils,116,0.39,0,238,20.51,8.3,2.9,8.34,0,14,1.29,362,1 cup,196
Peanuts All Types Oil-Roasted Without Salt,Beans and Lentils,599,52.5,0,6,15.26,9.4,4.18,28.03,0,61,1.52,726,1 cup,144
Lamb New Zealand Imported Frozen Loin Separable Lean And Fat Cooked Broiled,Meats,315,23.88,112,49,0,0,0,23.43,0.1,23,2.05,159,3 oz,85
Lamb New Zealand Imported Rack - Partly Frenched Separable Lean Only Raw,Meats,160,8.61,64,67,0,0,0,20.65,0,12,1.43,309,1 serving,115
Lamb New Zealand Imported Rack - Partly Frenched Separable Lean Only Cooked Fast Roasted,Meats,193,10.63,76,72,0,0,0,24.43,0,22,1.65,323,1 serving,85
Lamb New Zealand Imported Square-Cut Shoulder Separable Lean And Fat Raw,Meats,272,22.89,60,64,0.24,0,0,16.16,0.2,10,1.01,261,1 serving,115
Lamb New Zealand Imported Frozen Shoulder Whole (Arm And Blade) Separable Lean And Fat Cooked Braised,Meats,357,26.27,123,51,0,0,NULL,28.21,NULL,27,2.11,147,3 oz,85
Lamb New Zealand Imported Square-Cut Shoulder Separable Lean Only Raw,Meats,154,8.3,56,73,0,0,0,19.72,0.2,12,1.12,307,1 serving,115
Veal Composite Of Trimmed Retail Cuts Separable Lean Only Cooked,Meats,196,6.58,118,89,0,0,0,31.9,0,24,1.16,338,3 oz,85
Veal Composite Of Trimmed Retail Cuts Separable Fat Raw,Meats,638,67.83,73,26,0,0,NULL,6.02,NULL,7,0.6,107,1 oz,28.4
Veal Composite Of Trimmed Retail Cuts Separable Fat Cooked,Meats,642,66.74,73,57,0,0,NULL,9.42,NULL,4,1,173,3 oz,85
Veal Leg (Top Round) Separable Lean And Fat Raw,Meats,117,3.08,78,63,0,0,0,20.98,0,5,0.79,367,1 oz,28.4
Veal Leg (Top Round) Separable Lean Only Raw,Meats,107,1.76,78,64,0,0,NULL,21.28,NULL,5,0.8,372,1 oz,28.4
Veal Leg Top Roast (Cooked),Meats,203,5.09,135,67,0,0,NULL,36.71,NULL,9,1.32,387,3 oz,85
Veal Leg (Top Round) Separable Lean Only Cooked Pan-Fried Breaded,Meats,216,6.27,113,455,9.84,0.2,0.57,28.41,0,39,1.64,383,3 oz,85
Veal Leg (Top Round) Separable Lean Only Cooked Pan-Fried Not Breaded,Meats,183,4.62,107,77,0,0,0,33.17,0,7,0.87,442,3 oz,85
Veal Loin Separable Lean Only Cooked Braised,Meats,226,9.15,125,84,0,0,0,33.57,0,32,1.1,297,3 oz,85
Veal Loin Separable Lean Only Cooked Roasted,Meats,175,6.94,106,96,0,0,0,26.32,0,21,0.85,340,3 oz,85
Veal Rib Separable Lean And Fat Raw,Meats,162,9.01,82,89,0,0,NULL,18.86,NULL,13,0.86,290,1 oz,28.4
Veal Rib Separable Lean And Fat Cooked Braised,Meats,251,12.53,139,95,0,0,0,32.43,0,22,1.41,306,3 oz,85
Veal Shoulder Whole (Arm And Blade) Separable Lean And Fat Raw,Meats,130,5.28,87,91,0,0,0,19.27,0,22,0.91,302,1 oz,28.4
Veal Shoulder Whole (Arm And Blade) Separable Lean And Fat Cooked Braised,Meats,228,10.14,126,95,0,0,0,32.06,0,35,1.42,309,3 oz,85
Veal Shoulder Whole (Arm And Blade) Separable Lean And Fat Cooked Roasted,Meats,184,8.42,113,96,0,0,NULL,25.32,NULL,27,1.03,322,3 oz,85
Veal Shoulder Whole (Arm And Blade) Separable Lean Only Raw,Meats,112,3,86,92,0,0,NULL,19.79,NULL,22,0.9,311,1 oz,28.4
Veal Shoulder Arm Separable Lean And Fat Cooked Roasted,Meats,183,8.25,108,90,0,0,NULL,25.46,NULL,26,1.15,348,3 oz,85
Veal Shoulder Arm Separable Lean Only Raw,Meats,105,2.16,83,86,0,0,NULL,20.04,NULL,22,1.02,339,1 oz,28.4
Veal Shoulder Arm Separable Lean Only Cooked Braised,Meats,201,5.33,155,90,0,0,NULL,35.73,NULL,30,1.41,347,3 oz,85
Veal Shoulder Arm Separable Lean Only Cooked Roasted,Meats,164,5.81,109,91,0,0,NULL,26.13,NULL,27,1.16,356,3 oz,85
Veal Shoulder Blade Separable Lean Only Cooked Roasted,Meats,171,6.88,119,102,0,0,NULL,25.64,NULL,28,1,310,3 oz,85
Veal Sirloin Separable Lean And Fat Raw,Meats,152,7.81,78,76,0,0,0,19.07,0,11,0.78,329,1 oz,28.4
Veal Sirloin Separable Lean And Fat Cooked Braised,Meats,252,13.14,108,79,0,0,NULL,31.26,NULL,17,1.2,321,3 oz,85
Veal Sirloin Separable Lean And Fat Cooked Roasted,Meats,202,10.45,102,83,0,0,0,25.14,0,13,0.92,351,3 oz,85
Veal Cubed For Stew (Leg And Shoulder) Separable Lean Only Cooked Braised,Meats,188,4.31,145,93,0,0,NULL,34.94,NULL,29,1.44,342,3 oz,85
Veal Ground Raw,Meats,197,13.06,49,103,0,0,0,18.58,1.3,12,1.37,198,3 oz,85
Veal Ground Cooked Broiled,Meats,172,7.56,103,83,0,0,0,24.38,0,17,0.99,337,3 oz,85
Game Meat Antelope Raw,Meats,114,2.03,95,51,0,0,NULL,22.38,NULL,3,3.19,353,1 oz,28.4
Bison Ground Grass-Fed Raw,Meats,146,7.21,55,70,0.05,0,0,20.23,0,11,2.78,328,1 patty (cooked from 4 oz raw),85
Game Meat Beaver Raw,Meats,146,4.8,NULL,51,0,0,NULL,24.05,NULL,15,6.9,348,1 oz,28.4
Game Meat Beaver Cooked Roasted,Meats,212,6.96,117,59,0,0,0,34.85,0,22,10,403,3 oz,85
Game Meat Beefalo Composite Of Cuts Raw,Meats,143,4.8,44,78,0,0,NULL,23.3,NULL,18,2.32,436,1 oz,28.4
Game Meat Boar Wild Raw,Meats,122,3.33,NULL,NULL,0,0,NULL,21.51,NULL,12,NULL,NULL,1 oz,28.4
Roasted Wild Boar,Meats,160,4.38,77,60,0,0,0,28.3,0,16,1.12,396,3 oz,85
Game Meat Buffalo Water Raw,Meats,99,1.37,46,53,0,0,NULL,20.39,NULL,12,1.61,297,1 oz,28.4
Game Meat Buffalo Water Cooked Roasted,Meats,131,1.8,61,56,0,0,NULL,26.83,NULL,15,2.12,313,3 oz,85
Game Meat Elk Raw,Meats,111,1.45,55,58,0,0,NULL,22.95,NULL,4,2.76,312,1 oz,28.4
Game Meat Elk Cooked Roasted,Meats,146,1.9,73,61,0,0,NULL,30.19,NULL,5,3.63,328,3 oz,85
Goat Raw,Meats,109,2.31,57,82,0,0,NULL,20.6,NULL,13,2.83,385,1 oz,28.4
Game Meat Goat Cooked Roasted,Meats,143,3.03,75,86,0,0,0,27.1,0,17,3.73,405,3 oz,85
Milk Nfs,Dairy and Egg Products ,51,2.04,8,45,4.85,0,5.08,3.27,1.2,119,0.03,141,1 cup,244
Buttermilk Fat Free (Skim),Dairy and Egg Products ,40,0.88,4,190,4.79,0,4.79,3.31,0,116,0.05,151,1 cup,244
Buttermilk Low Fat (1%),Dairy and Egg Products ,40,0.88,4,190,4.79,0,4.79,3.31,0,116,0.05,151,1 cup,244
Kefir Ns As To Fat Content,Dairy and Egg Products ,52,0.92,5,38,7.34,0,6.91,3.59,1,124,0.04,159,1 cup,244
Milk Dry Reconstituted Ns As To Fat Content,Dairy and Egg Products ,32,0.06,2,52,4.62,0,4.62,3.1,1,112,0.03,151,1 cup,244
Milk Dry Reconstituted Whole,Dairy and Egg Products ,76,4.08,15,60,5.86,0,5.86,4.01,1.6,142,0.07,203,1 cup,244
Milk Dry Reconstituted Low Fat (1%),Dairy and Egg Products ,40,1.01,4,52,4.57,0,4.57,3.08,1,111,0.03,149,1 cup,244
Milk Dry Reconstituted Fat Free (Skim),Dairy and Egg Products ,32,0.06,2,52,4.62,0,4.62,3.1,1,112,0.03,151,1 cup,244
Milk Evaporated Reduced Fat (2%),Dairy and Egg Products ,92,1.96,8,113,11.15,0,11.15,7.42,2,285,0.28,326,1 cup,252
Non-Dairy Milk Nfs,Dairy and Egg Products ,32,1.25,0,58,3.95,0.2,3.24,1.12,1,171,0.35,75,1 cup,244
Almond Milk Unsweetened,Dairy and Egg Products ,15,1.1,0,71,0.58,0,0,0.59,1,197,0.35,67,1 cup,244
Yogurt Ns As To Type Of Milk Fruit,Dairy and Egg Products ,89,1.37,5,65,14.46,0.1,12.01,4.66,1.2,163,0.13,215,1 4 oz container,113
Yogurt Whole Milk Fruit,Dairy and Egg Products ,87,2.87,11,44,12.36,0.1,9.92,3.1,1.2,109,0.1,146,1 4 oz container,113
Yogurt Low Fat Milk Fruit,Dairy and Egg Products ,89,1.37,5,65,14.46,0.1,12.01,4.66,1.2,163,0.13,215,1 tube,64
Yogurt Nonfat Milk Fruit,Dairy and Egg Products ,83,0.17,2,72,15.02,0.1,12.58,5.09,1.2,177,0.14,234,1 4 oz container,113
Yogurt Greek Ns As To Type Of Milk Fruit,Dairy and Egg Products ,103,2.57,12,33,11.89,1,11.23,8.17,0.9,88,0.07,129,1 5.3 oz container,150
Yogurt Greek Low Fat Milk Fruit,Dairy and Egg Products ,103,2.57,12,33,11.89,1,11.23,8.17,0.9,88,0.07,129,1 tube,57
Yogurt Ns As To Type Of Milk Flavors Other Than Fruit,Dairy and Egg Products ,73,1.5,6,68,9.83,0,9.82,5.09,1.2,178,0.08,227,1 4 oz container,113
Yogurt Whole Milk Flavors Other Than Fruit,Dairy and Egg Products ,77,3.09,12,44,9.43,0,9.42,3.3,1.2,115,0.05,147,1 4 oz container,113
Yogurt Low Fat Milk Flavors Other Than Fruit,Dairy and Egg Products ,73,1.5,6,68,9.83,0,9.82,5.09,1.2,178,0.08,227,1 tube,64
Yogurt Nonfat Milk Flavors Other Than Fruit,Dairy and Egg Products ,66,0.18,2,75,10.45,0,10.44,5.56,1.2,193,0.09,247,1 4 oz container,113
Yogurt Greek Whole Milk Flavors Other Than Fruit,Dairy and Egg Products ,111,4.44,10,39,9.35,0,9.35,8.47,0.9,98,0.04,121,1 5.3 oz container,150
Yogurt Greek With Oats,Dairy and Egg Products ,154,3.14,4,83,23.81,1.4,13.29,8.65,1.1,87,0.77,141,NULL,NULL
Yogurt Liquid,Dairy and Egg Products ,72,1.09,4,53,11.81,0.1,9.78,3.71,1.2,131,0.1,171,1 bottle,93
Chipotle Dip Yogurt Based,Soups and Sauces,189,15.99,16,637,3.33,0,2.97,7.93,0,91,0.1,119,1 tablespoon,15
Dill Dip Yogurt Based,Soups and Sauces,191,16.03,16,642,3.72,0.3,2.97,8.16,0,102,0.29,140,1 tablespoon,15
Onion Dip Yogurt Based,Soups and Sauces,158,12.89,14,509,3.73,0.1,3.25,6.76,0.2,91,0.09,119,1 tablespoon,15
Ranch Dip Yogurt Based,Soups and Sauces,195,16.09,17,646,4.13,0.3,3.41,8.48,0,113,0.29,155,1 tablespoon,15
Spinach Dip Yogurt Based,Soups and Sauces,158,12.95,14,515,3.59,0.3,3.07,7.01,0.2,101,0.21,133,1 tablespoon,15
Tzatziki Dip,Soups and Sauces,92,6.31,7,308,3.95,0.2,2.92,5.35,0,64,0.14,139,1 tablespoon,15
Vegetable Dip Yogurt Based,Soups and Sauces,191,16.03,16,642,3.72,0.3,2.97,8.16,0,102,0.29,140,1 tablespoon,15
Yogurt Frozen Chocolate Lowfat Milk,Dairy and Egg Products ,113,1.95,5,58,21.79,1.6,18.82,5.24,0,156,0.88,322,1 cup,200
Yogurt Frozen Ns As To Flavor Nonfat Milk,Dairy and Egg Products ,121,0.43,3,69,24.8,0.9,21.68,4.41,0,156,0.06,259,1 cup,159
Yogurt Frozen Flavors Other Than Chocolate With Sorbet Or Sorbet-Coated,Dairy and Egg Products ,152,3.41,19,53,26.68,0.5,20.73,3.71,0.1,114,0.19,162,1 haagen-dazs bar (2.3 fl oz),75
Yogurt Frozen Chocolate-Coated,Dairy and Egg Products ,270,16.41,2,68,28.92,0.2,28.42,3.22,0.1,112,0.36,182,1 bar,41
Yogurt Frozen Sandwich,Dairy and Egg Products ,212,5.13,2,67,37.68,0.4,25.89,4.64,0.1,112,0.41,178,1 sandwich,85
Yogurt Frozen Cone Chocolate,Dairy and Egg Products ,225,9.12,2,106,31.26,1.5,22.35,5.26,0.1,129,2.13,253,1 small cone,78
Yogurt Frozen Cone Flavors Other Than Chocolate,Dairy and Egg Products ,189,5.38,2,113,31.5,0.2,24.2,4.48,0.1,131,0.8,203,1 small cone,78
Yogurt Frozen Cone Flavors Other Than Chocolate Lowfat Milk,Dairy and Egg Products ,84,1.86,6,81,11.27,0.2,6.98,5.42,0,174,0.29,227,1 small cone,78
Yogurt Frozen Cone Chocolate Lowfat Milk,Dairy and Egg Products ,131,2.24,5,70,25.15,1.6,18.07,5.4,0,148,1.04,310,1 small cone,78
Chocolate Milk Ready To Drink Low Fat,Dairy and Egg Products ,62,1,5,65,9.86,0.1,9.94,3.46,1.1,129,0.23,172,1 fl oz,31
Chocolate Milk Ready To Drink Reduced Sugar Ns As To Milk,Dairy and Egg Products ,54,1.04,5,66,7.68,0,7.29,3.43,1.5,122,0.16,168,1 cup,248
Chocolate Milk Ready To Drink Low Fat (Nesquik),Dairy and Egg Products ,62,1,5,65,9.86,0.1,9.94,3.46,1.1,129,0.23,172,1 cup,248
Chocolate Milk Ready To Drink Low Fat No Sugar Added (Nesquik),Dairy and Egg Products ,62,1,5,65,9.86,0.1,9.94,3.46,1.1,129,0.23,172,1 cup,248
Hot Chocolate / Cocoa Ready To Drink,Dairy and Egg Products ,91,1.61,7,66,16.45,0,15.32,2.68,1,98,0.02,137,1 cup,248
Hot Chocolate / Cocoa Ready To Drink Made With Nonfat Milk,Dairy and Egg Products ,78,0.06,2,62,16.58,0,15.34,2.74,1,99,0.02,150,1 cup,248
Hot Chocolate / Cocoa Ready To Drink Made With Non-Dairy Milk,Dairy and Egg Products ,83,1.02,0,73,17.23,0.2,15.23,1.23,0.9,126,0.29,93,1 cup,248
Hot Chocolate / Cocoa Ready To Drink With Whipped Cream,Dairy and Egg Products ,103,3.24,12,64,15.8,0,14.73,2.69,1,96,0.02,135,1 cup,248
Hot Chocolate / Cocoa Ready To Drink Made With Nonfat Milk And Whipped Cream,Dairy and Egg Products ,90,1.77,7,60,15.92,0,14.75,2.75,1,98,0.03,147,1 cup,248
Hot Chocolate / Cocoa Ready To Drink Made With Non-Dairy Milk And Whipped Cream,Dairy and Egg Products ,95,2.68,5,71,16.54,0.2,14.64,1.3,0.9,124,0.28,93,1 cup,248
Chocolate Milk Made From Dry Mix Ns As To Type Of Milk,Dairy and Egg Products ,72,2.06,7,50,10.11,0.3,9.81,3.35,1.2,139,0.02,149,1 cup,248
Chocolate Milk Made From Dry Mix With Whole Milk,Dairy and Egg Products ,82,3.19,9,49,10.06,0.3,9.77,3.24,1.2,134,0.03,141,1 cup,248
Chocolate Milk Made From Dry Mix With Reduced Fat Milk,Dairy and Egg Products ,72,2,8,52,10.06,0.3,9.78,3.38,1.1,141,0.02,149,1 cup,248
Chocolate Milk Made From Dry Mix With Low Fat Milk,Dairy and Egg Products ,64,1.05,5,50,10.24,0.3,9.91,3.44,1.1,145,0.03,158,1 cup,248
Chocolate Milk Made From Dry Mix With Fat Free Milk,Dairy and Egg Products ,57,0.22,2,48,10.21,0.3,9.81,3.44,1.1,142,0.03,164,1 cup,248
Chocolate Milk Made From Dry Mix With Non-Dairy Milk,Dairy and Egg Products ,63,1.32,0,60,10.96,0.6,9.68,1.7,1,174,0.34,98,1 cup,248
Chocolate Milk Made From Reduced Sugar Mix Ns As To Type Of Milk,Dairy and Egg Products ,65,2.35,7,70,7.39,0.4,6.04,3.52,1.2,153,0.17,208,1 cup,248
Chocolate Milk Made From Reduced Sugar Mix With Whole Milk,Dairy and Egg Products ,74,3.5,10,69,7.34,0.4,6.01,3.41,1.2,147,0.17,200,1 cup,248
Chocolate Milk Made From Reduced Sugar Mix With Reduced Fat Milk,Dairy and Egg Products ,64,2.29,8,72,7.34,0.4,6.02,3.55,1.1,154,0.16,208,1 cup,248
Chocolate Milk Made From Reduced Sugar Mix With Low Fat Milk,Dairy and Egg Products ,56,1.32,5,70,7.52,0.4,6.15,3.62,1.1,159,0.17,217,1 cup,248
Chocolate Milk Made From Reduced Sugar Mix With Fat Free Milk,Dairy and Egg Products ,49,0.47,2,68,7.49,0.4,6.05,3.62,1.1,156,0.17,223,1 cup,248
Chocolate Milk Made From Reduced Sugar Mix With Non-Dairy Milk,Dairy and Egg Products ,55,1.59,0,80,8.25,0.7,5.91,1.84,1,188,0.49,156,1 cup,248
Chocolate Milk Made From Dry Mix Ns As To Type Of Milk (Nesquik),Dairy and Egg Products ,72,2.06,7,50,10.11,0.3,9.81,3.35,1.2,139,0.02,149,1 cup,248
Chocolate Milk Made From Dry Mix With Whole Milk (Nesquik),Dairy and Egg Products ,82,3.19,9,49,10.06,0.3,9.77,3.24,1.2,134,0.03,141,1 cup,248
Chocolate Milk Made From Dry Mix With Reduced Fat Milk (Nesquik),Dairy and Egg Products ,72,2,8,52,10.06,0.3,9.78,3.38,1.1,141,0.02,149,1 cup,248
Chocolate Milk Made From Dry Mix With Low Fat Milk (Nesquik),Dairy and Egg Products ,64,1.05,5,50,10.24,0.3,9.91,3.44,1.1,145,0.03,158,1 cup,248
Chocolate Milk Made From Dry Mix With Fat Free Milk (Nesquik),Dairy and Egg Products ,57,0.22,2,48,10.21,0.3,9.81,3.44,1.1,142,0.03,164,1 cup,248
Chocolate Milk Made From Dry Mix With Non-Dairy Milk (Nesquik),Dairy and Egg Products ,63,1.32,0,60,10.96,0.6,9.68,1.7,1,174,0.34,98,1 cup,248
Chocolate Milk Made From No Sugar Added Dry Mix Ns As To Type Of Milk (Nesquik),Dairy and Egg Products ,65,2.35,7,70,7.39,0.4,6.04,3.52,1.2,153,0.17,208,1 cup,248
Chocolate Milk Made From No Sugar Added Dry Mix With Whole Milk (Nesquik),Dairy and Egg Products ,74,3.5,10,69,7.34,0.4,6.01,3.41,1.2,147,0.17,200,1 cup,248
Chocolate Milk Made From No Sugar Added Dry Mix With Reduced Fat Milk (Nesquik),Dairy and Egg Products ,64,2.29,8,72,7.34,0.4,6.02,3.55,1.1,154,0.16,208,1 cup,248
Chocolate Milk Made From No Sugar Added Dry Mix With Low Fat Milk (Nesquik),Dairy and Egg Products ,56,1.32,5,70,7.52,0.4,6.15,3.62,1.1,159,0.17,217,1 cup,248
Chocolate Milk Made From No Sugar Added Dry Mix With Fat Free Milk  (Nesquik),Dairy and Egg Products ,49,0.47,2,68,7.49,0.4,6.05,3.62,1.1,156,0.17,223,1 cup,248
Chocolate Milk Made From No Sugar Added Dry Mix With Non-Dairy Milk (Nesquik),Dairy and Egg Products ,55,1.59,0,80,8.25,0.7,5.91,1.84,1,188,0.49,156,1 cup,248
Chocolate Milk Made From Syrup Ns As To Type Of Milk,Dairy and Egg Products ,80,1.77,7,59,13.16,0,12.4,2.83,1.1,103,0.02,138,1 cup,248
Chocolate Milk Made From Syrup With Whole Milk,Dairy and Egg Products ,89,2.82,9,57,13.11,0,12.37,2.73,1.1,98,0.03,131,1 cup,248
Chocolate Milk Made From Syrup With Reduced Fat Milk,Dairy and Egg Products ,79,1.72,7,61,13.11,0,12.38,2.86,1,104,0.02,138,1 cup,248
Chocolate Milk Made From Syrup With Low Fat Milk,Dairy and Egg Products ,72,0.84,4,58,13.28,0,12.5,2.92,1,108,0.03,146,1 cup,248
Chocolate Milk Made From Syrup With Fat Free Milk,Dairy and Egg Products ,65,0.07,2,56,13.25,0,12.4,2.92,1,106,0.03,151,1 cup,248
Chocolate Milk Made From Syrup With Non-Dairy Milk,Dairy and Egg Products ,71,1.09,0,68,13.94,0.3,12.28,1.31,0.9,135,0.31,91,1 cup,248
Chocolate Milk Made From Light Syrup Ns As To Type Of Milk,Dairy and Egg Products ,64,1.91,7,51,8.58,0,8.03,3.03,1.1,105,0.02,146,1 cup,248
Chocolate Milk Made From Light Syrup With Whole Milk,Dairy and Egg Products ,73,2.96,9,50,8.53,0,8,2.93,1.1,100,0.03,139,1 cup,248
Chocolate Milk Made From Light Syrup With Reduced Fat Milk,Dairy and Egg Products ,63,1.85,7,54,8.53,0,8.01,3.06,1,106,0.02,146,1 cup,248
Chocolate Milk Made From Light Syrup With Low Fat Milk,Dairy and Egg Products ,56,0.97,4,51,8.7,0,8.13,3.12,1,111,0.03,155,1 cup,248
Chocolate Milk Made From Light Syrup With Fat Free Milk,Dairy and Egg Products ,49,0.19,2,49,8.67,0,8.04,3.12,1,108,0.03,160,1 cup,248
Chocolate Milk Made From Light Syrup With Non-Dairy Milk,Dairy and Egg Products ,55,1.22,0,61,9.37,0.3,7.91,1.5,0.9,137,0.32,99,1 cup,248
Chocolate Milk Made From Sugar Free Syrup Ns As To Type Of Milk,Dairy and Egg Products ,50,2.04,7,82,6.02,0.4,4.48,3.22,1.1,104,0.28,172,1 cup,248
Chocolate Milk Made From Sugar Free Syrup With Whole Milk,Dairy and Egg Products ,59,3.1,9,81,5.98,0.4,4.45,3.12,1.1,99,0.28,164,1 cup,248
Chocolate Milk Made From Sugar Free Syrup With Reduced Fat Milk,Dairy and Egg Products ,49,1.99,7,84,5.98,0.4,4.46,3.25,1,105,0.28,171,1 cup,248
Chocolate Milk Made From Sugar Free Syrup With Low Fat Milk,Dairy and Egg Products ,42,1.1,4,82,6.14,0.4,4.58,3.31,1,109,0.28,180,1 cup,248
Chocolate Milk Made From Sugar Free Syrup With Fat Free Milk,Dairy and Egg Products ,35,0.32,2,80,6.12,0.4,4.49,3.31,1,107,0.28,185,1 cup,248
Chocolate Milk Made From Sugar Free Syrup With Non-Dairy Milk,Dairy and Egg Products ,41,1.35,0,91,6.81,0.6,4.36,1.68,0.9,136,0.57,124,1 cup,248
Hot Chocolate / Cocoa Made With Dry Mix And Water,Dairy and Egg Products ,54,0.55,0,72,11.4,0.5,8.93,0.91,0,21,0.16,97,NULL,NULL
Hot Chocolate / Cocoa Made With Dry Mix And Whole Milk,Dairy and Egg Products ,106,3.35,9,104,15.27,0.5,13.08,3.62,1.1,116,0.18,209,1 cup,248
Hot Chocolate / Cocoa Made With Dry Mix And Reduced Fat Milk,Dairy and Egg Products ,96,2.25,7,108,15.27,0.5,13.09,3.75,1,122,0.18,216,1 cup,248
Hot Chocolate / Cocoa Made With Dry Mix And Low Fat Milk,Dairy and Egg Products ,89,1.37,4,105,15.44,0.5,13.21,3.81,1,126,0.18,225,1 cup,248
Hot Chocolate / Cocoa Made With Dry Mix And Fat Free Milk,Dairy and Egg Products ,82,0.6,2,103,15.41,0.5,13.11,3.81,1,123,0.18,230,1 cup,248
Hot Chocolate / Cocoa Made With Dry Mix And Non-Dairy Milk,Dairy and Egg Products ,88,1.62,0,114,16.05,0.7,12.95,2.19,0.9,153,0.47,169,1 cup,248
Hot Chocolate / Cocoa Made With No Sugar Added Dry Mix And Water,Dairy and Egg Products ,31,0.25,0,75,5.94,0.6,3.11,1.28,0,50,0.41,224,1 packet reconstituted,194
Hot Chocolate / Cocoa Made With No Sugar Added Dry Mix And Whole Milk,Dairy and Egg Products ,86,3.23,9,110,10.2,0.6,7.67,4.14,1.2,150,0.43,339,1 packet reconstituted,199
Hot Chocolate / Cocoa Made With No Sugar Added Dry Mix And Reduced Fat Milk,Dairy and Egg Products ,76,2.06,7,114,10.2,0.6,7.68,4.28,1.1,157,0.42,346,1 packet reconstituted,199
Hot Chocolate / Cocoa Made With No Sugar Added Dry Mix And Low Fat Milk,Dairy and Egg Products ,69,1.13,5,111,10.37,0.6,7.81,4.34,1.1,161,0.43,355,1 packet reconstituted,199
Hot Chocolate / Cocoa Made With No Sugar Added Dry Mix And Fat Free Milk,Dairy and Egg Products ,62,0.32,2,109,10.34,0.6,7.71,4.34,1.1,159,0.43,361,1 packet reconstituted,199
Hot Chocolate / Cocoa Made With No Sugar Added Dry Mix And Non-Dairy Milk,Dairy and Egg Products ,67,1.4,0,121,11.05,0.9,7.57,2.63,1,189,0.73,295,1 packet reconstituted,199
Strawberry Milk Nfs,Dairy and Egg Products ,52,1.97,8,47,5.25,0,5.45,3.28,1.2,123,0.02,139,1 fl oz,31
Strawberry Milk Whole,Dairy and Egg Products ,81,3.06,9,43,10.6,0,10.61,2.96,1.2,106,0.06,124,1 cup,248
Strawberry Milk Reduced Fat,Dairy and Egg Products ,71,1.87,8,46,10.6,0,10.62,3.1,1.1,113,0.05,132,1 cup,248
Strawberry Milk Low Fat,Dairy and Egg Products ,63,0.92,5,44,10.78,0,10.75,3.17,1.1,118,0.06,141,1 cup,248
Strawberry Milk Fat Free,Dairy and Egg Products ,56,0.09,2,42,10.75,0,10.65,3.17,1.1,115,0.06,147,1 fl oz,31
Strawberry Milk Non-Dairy,Dairy and Egg Products ,62,1.19,0,54,11.5,0.3,10.52,1.42,1,146,0.36,81,1 cup,248
Milk Malted,Dairy and Egg Products ,65,1.96,7,70,8.65,0,8,3.13,1.6,153,0.73,135,1 cup,256
Eggnog Lowfat / Light,Dairy and Egg Products ,74,3.17,68,61,6.51,0,6.62,4.74,0.3,106,0.31,136,1 cup,256
Milk Shake Home Recipe Chocolate,Dairy and Egg Products ,120,6.18,19,55,13.64,0.5,12.72,3.4,0.9,111,0.37,176,1 fl oz,28
Milk Shake Home Recipe Flavors Other Than Chocolate,Dairy and Egg Products ,116,6.18,23,57,11.9,0.3,11.16,3.28,0.9,119,0.05,157,1 fl oz,28
Milk Shake Home Recipe Chocolate Light,Dairy and Egg Products ,97,3.32,14,54,12.81,0.3,12.57,3.98,0.8,138,0.28,158,1 fl oz,28
Milk Shake Home Recipe Flavors Other Than Chocolate Light,Dairy and Egg Products ,94,2.43,13,55,14.23,0.1,11.59,3.9,0.8,139,0.09,172,1 fl oz,28
Milk Shake With Malt,Dairy and Egg Products ,127,6.3,23,70,14.06,0.3,12.48,3.68,0.9,125,0.08,179,1 fl oz,28
Milk Shake Fast Food Chocolate,Dairy and Egg Products ,150,6.66,23,80,20.36,1.6,13.39,3.7,0,115,0.73,193,NULL,NULL
Milk Shake Bottled Chocolate,Dairy and Egg Products ,150,6.66,23,80,20.36,1.6,13.39,3.7,0,115,0.73,193,1 fl oz,31
Licuado Or Batido,Beverages,71,1.39,5,29,13.11,0.7,10.98,2.35,0.8,78,0.12,174,1 fl oz,27
Fruit Smoothie Nfs,Beverages,63,1.08,3,29,11.65,1.2,8.28,2.37,0.6,79,0.23,174,1 fl oz,27
Fruit Smoothie With Whole Fruit And Dairy,Beverages,63,1.08,3,29,11.65,1.2,8.28,2.37,0.6,79,0.23,174,1 fl oz,27
Fruit Smoothie With Whole Fruit And Dairy Added Protein,Beverages,77,1.22,5,41,9.72,1.1,7.2,7.31,0.7,114,0.28,169,1 fl oz,27
Infant Formula Nfs,Baby Foods,66,3.56,1,20,7.12,0,7.12,1.38,1,54,1.19,70,1 fl oz,31
Infant Formula Ns As To Form (Similac Advance),Baby Foods,66,3.62,2,19,6.87,0,6.87,1.37,1,54,1.19,69,1 fl oz,30
Infant Formula Ready-To-Feed (Similac Advance),Baby Foods,66,3.62,2,19,6.87,0,6.87,1.37,1,54,1.19,69,1 fl oz,30
Infant Formula Liquid Concentrate Made With Water NFS (Similac Advance),Baby Foods,66,3.62,2,19,6.87,0,6.87,1.37,1,54,1.19,69,1 fl oz,30
Infant Formula Powder Made With Water NFS (Similac Advance),Baby Foods,66,3.62,2,19,6.87,0,6.87,1.37,1,54,1.19,69,1 fl oz,31
Infant Formula Liquid Concentrate Made With Tap Water (Similac Advance),Baby Foods,66,3.62,2,19,6.87,0,6.87,1.37,1,54,1.19,69,1 fl oz,30
Infant Formula Liquid Concentrate Made With Plain Bottled Water (Similac Advance),Baby Foods,66,3.62,2,18,6.87,0,6.87,1.37,1,60,1.19,69,1 fl oz,30
Infant Formula Liquid Concentrate Made With Baby Water (Similac Advance),Baby Foods,66,3.62,2,16,6.87,0,6.87,1.37,1,51,1.19,69,1 fl oz,30
Infant Formula Powder Made With Tap Water (Similac Advance),Baby Foods,66,3.62,2,19,6.87,0,6.87,1.37,1,54,1.19,69,1 fl oz,30
Infant Formula Powder Made With Plain Bottled Water (Similac Advance),Baby Foods,66,3.62,2,18,6.87,0,6.87,1.37,1,60,1.19,69,1 fl oz,30
Infant Formula Powder Made With Baby Water (Similac Advance),Baby Foods,66,3.62,2,16,6.87,0,6.87,1.37,1,51,1.19,69,1 fl oz,30
Infant Formula Ns As To Form (Similac Advance Organic),Baby Foods,66,3.62,2,19,6.87,0,6.87,1.37,1,54,1.19,69,1 fl oz,31
Infant Formula Ready-To-Feed (Similac Advance Organic),Baby Foods,66,3.62,2,19,6.87,0,6.87,1.37,1,54,1.19,69,1 fl oz,31
Infant Formula Powder Made With Water NFS (Similac Advance Organic),Baby Foods,66,3.62,2,19,6.87,0,6.87,1.37,1,54,1.19,69,1 fl oz,31
Infant Formula Powder Made With Tap Water (Similac Advance Organic),Baby Foods,66,3.62,2,19,6.87,0,6.87,1.37,1,54,1.19,69,1 fl oz,31
Infant Formula Powder Made With Plain Bottled Water (Similac Advance Organic),Baby Foods,66,3.62,2,18,6.87,0,6.87,1.37,1,60,1.19,69,1 fl oz,31
Infant Formula Powder Made With Baby Water (Similac Advance Organic),Baby Foods,66,3.62,2,16,6.87,0,6.87,1.37,1,51,1.19,69,1 fl oz,31
Infant Formula Ns As To Form (Similac Sensitive),Baby Foods,65,3.53,2,23,6.99,0,6.99,1.4,1.2,57,1.17,70,1 fl oz,30
Infant Formula Ready-To-Feed (Similac Sensitive),Baby Foods,65,3.53,2,23,6.99,0,6.99,1.4,1.2,57,1.17,70,1 fl oz,30
Infant Formula Liquid Concentrate Made With Water NFS (Similac Sensitive),Baby Foods,65,3.53,2,23,6.99,0,6.99,1.4,1.2,57,1.17,70,1 fl oz,30
Infant Formula Powder Made With Water NFS (Similac Sensitive),Baby Foods,65,3.53,2,23,6.99,0,6.99,1.4,1.2,57,1.17,70,1 fl oz,31
Infant Formula Liquid Concentrate Made With Tap Water (Similac Sensitive),Baby Foods,65,3.53,2,23,6.99,0,6.99,1.4,1.2,57,1.17,70,1 fl oz,30
Infant Formula Liquid Concentrate Made With Plain Bottled Water (Similac Sensitive),Baby Foods,65,3.53,2,22,6.99,0,6.99,1.4,1.2,63,1.17,70,1 fl oz,30
Infant Formula Liquid Concentrate Made With Baby Water (Similac Sensitive),Baby Foods,65,3.53,2,20,6.99,0,6.99,1.4,1.2,55,1.17,70,1 fl oz,30
Infant Formula Powder Made With Tap Water (Similac Sensitive),Baby Foods,65,3.53,2,23,6.99,0,6.99,1.4,1.2,57,1.17,70,1 fl oz,30
Infant Formula Powder Made With Plain Bottled Water (Similac Sensitive),Baby Foods,65,3.53,2,22,6.99,0,6.99,1.4,1.2,63,1.17,70,1 fl oz,30
Infant Formula Powder Made With Baby Water (Similac Sensitive),Baby Foods,65,3.53,2,20,6.99,0,6.99,1.4,1.2,55,1.17,70,1 fl oz,30
Infant Formula Ns As To Form (Similac For Spit-Up),Baby Foods,65,3.48,0,23,6.9,0,6.9,1.38,1,57,1.17,69,1 fl oz,31
Infant Formula Ready-To-Feed (Similac For Spit-Up),Baby Foods,65,3.48,0,23,6.9,0,6.9,1.38,1,57,1.17,69,1 fl oz,31
Infant Formula Powder Made With Water NFS (Similac For Spit-Up),Baby Foods,65,3.48,0,23,6.9,0,6.9,1.38,1,57,1.17,69,1 fl oz,31
Infant Formula Ns As To Form (Similac Expert Care Neosure),Baby Foods,73,3.95,2,27,7.22,0,7.26,2.01,1.3,78,1.29,102,1 fl oz,30
Infant Formula Ready-To-Feed (Similac Expert Care Neosure),Baby Foods,73,3.95,2,27,7.22,0,7.26,2.01,1.3,78,1.29,102,1 fl oz,30
Infant Formula Powder Made With Water NFS (Similac Expert Care Neosure),Baby Foods,73,3.95,2,27,7.22,0,7.26,2.01,1.3,78,1.29,102,1 fl oz,31
Infant Formula Powder Made With Tap Water (Similac Expert Care Neosure),Baby Foods,73,3.95,2,27,7.22,0,7.26,2.01,1.3,78,1.29,102,1 fl oz,31
Infant Formula Powder Made With Plain Bottled Water (Similac Expert Care Neosure),Baby Foods,73,3.95,2,25,7.22,0,7.26,2.01,1.3,84,1.29,102,1 fl oz,31
Infant Formula Powder Made With Baby Water (Similac Expert Care Neosure),Baby Foods,73,3.95,2,24,7.22,0,7.26,2.01,1.3,75,1.29,102,1 fl oz,31
Infant Formula Ns As To Form (Similac Go And Grow),Baby Foods,117,6.31,0,38,11.91,0,11.91,3.5,1.8,230,2.33,175,1 fl oz,30
Infant Formula Powder Made With Water NFS (Similac Go And Grow),Baby Foods,117,6.31,0,38,11.91,0,11.91,3.5,1.8,230,2.33,175,1 fl oz,30
Infant Formula Ns As To Form (Enfamil Infant),Baby Foods,66,3.49,0,21,7.38,0,7.38,1.4,1,53,1.19,71,1 fl oz,31
Infant Formula Ready-To-Feed (Enfamil Infant),Baby Foods,66,3.49,0,21,7.38,0,7.38,1.4,1,53,1.19,71,1 fl oz,31
Infant Formula Liquid Concentrate Made With Water NFS (Enfamil Infant),Baby Foods,66,3.49,0,21,7.38,0,7.38,1.4,1,53,1.19,71,1 fl oz,31
Infant Formula Liquid Concentrate Made With Tap Water (Enfamil Infant),Baby Foods,66,3.49,0,21,7.38,0,7.38,1.4,1,53,1.19,71,1 fl oz,31
Infant Formula Liquid Concentrate Made With Plain Bottled Water (Enfamil Infant),Baby Foods,66,3.49,0,20,7.38,0,7.38,1.4,1,59,1.19,71,1 fl oz,31
Infant Formula Liquid Concentrate Made With Baby Water (Enfamil Infant),Baby Foods,66,3.49,0,18,7.38,0,7.38,1.4,1,50,1.19,71,1 fl oz,31
Infant Formula Powder Made With Water NFS (Enfamil Infant),Baby Foods,66,3.49,0,21,7.38,0,7.38,1.4,1,53,1.19,71,1 fl oz,31
Infant Formula Powder Made With Tap Water (Enfamil Infant),Baby Foods,66,3.49,0,21,7.38,0,7.38,1.4,1,53,1.19,71,1 fl oz,31
Infant Formula Powder Made With Plain Bottled Water (Enfamil Infant),Baby Foods,66,3.49,0,20,7.38,0,7.38,1.4,1,59,1.19,71,1 fl oz,31
Infant Formula Powder Made With Baby Water (Enfamil Infant),Baby Foods,66,3.49,0,18,7.38,0,7.38,1.4,1,50,1.19,71,1 fl oz,31
Infant Formula Ns As To Form (Enfamil A.r.),Baby Foods,66,3.36,2,30,7.25,0,7.25,1.65,1,54,1.18,71,1 fl oz,31
Infant Formula Ready-To-Feed (Enfamil A.r.),Baby Foods,66,3.36,2,30,7.25,0,7.25,1.65,1,54,1.18,71,1 fl oz,31
Infant Formula Powder Made With Water NFS (Enfamil A.r.),Baby Foods,66,3.36,2,30,7.25,0,7.25,1.65,1,54,1.18,71,1 fl oz,31
Infant Formula Powder Made With Tap Water (Enfamil A.r.),Baby Foods,66,3.36,2,30,7.25,0,7.25,1.65,1,54,1.18,71,1 fl oz,31
Infant Formula Ns As To Form (Enfamil Enfacare),Baby Foods,71,3.8,1,25,7.4,0,7.4,2,1.4,86,1.28,75,1 fl oz,31
Infant Formula Ready-To-Feed (Enfamil Enfacare),Baby Foods,71,3.8,1,25,7.4,0,7.4,2,1.4,86,1.28,75,1 fl oz,31
Infant Formula Powder Made With Water NFS (Enfamil Enfacare),Baby Foods,71,3.8,1,25,7.4,0,7.4,2,1.4,86,1.28,75,1 fl oz,31
Infant Formula Powder Made With Plain Bottled Water (Enfamil A.r.),Baby Foods,66,3.36,2,28,7.25,0,7.25,1.65,1,60,1.18,71,1 fl oz,31
Infant Formula Powder Made With Baby Water (Enfamil A.r.),Baby Foods,66,3.36,2,26,7.25,0,7.25,1.65,1,51,1.18,71,1 fl oz,31
Infant Formula Ns As To Form (Enfamil Gentlease),Baby Foods,67,3.49,0,27,7.25,0,7.25,1.53,1,57,1.2,72,1 fl oz,31
Infant Formula Ready-To-Feed (Enfamil Gentlease),Baby Foods,67,3.49,0,27,7.25,0,7.25,1.53,1,57,1.2,72,1 fl oz,31
Infant Formula Powder Made With Water NFS (Enfamil Gentlease),Baby Foods,67,3.49,0,27,7.25,0,7.25,1.53,1,57,1.2,72,1 fl oz,31
Infant Formula Powder Made With Tap Water (Enfamil Enfacare),Baby Foods,71,3.8,1,25,7.4,0,7.4,2,1.4,86,1.28,75,1 fl oz,31
Infant Formula Powder Made With Plain Bottled Water (Enfamil Enfacare),Baby Foods,71,3.8,1,25,7.4,0,7.4,2,1.4,86,1.28,75,1 fl oz,31
Infant Formula Powder Made With Baby Water (Enfamil Enfacare),Baby Foods,71,3.8,1,25,7.4,0,7.4,2,1.4,86,1.28,75,1 fl oz,31
Infant Formula Powder Made With Tap Water (Enfamil Gentlease),Baby Foods,67,3.49,0,27,7.25,0,7.25,1.53,1,57,1.2,72,1 fl oz,31
Infant Formula Powder Made With Plain Bottled Water (Enfamil Gentlease),Baby Foods,67,3.49,0,26,7.25,0,7.25,1.53,1,63,1.2,72,1 fl oz,31
Infant Formula Powder Made With Baby Water (Enfamil Gentlease),Baby Foods,67,3.49,0,24,7.25,0,7.25,1.53,1,54,1.2,72,1 fl oz,31
Infant Formula Ns As To Form (Enfamil Enfagrow Toddler Transitions),Baby Foods,117,6.27,2,52,13.06,0,12.36,3.03,1.7,142,2.1,152,1 fl oz,31
Infant Formula Ready-To-Feed (Enfamil Enfragrow Toddler Transitions),Baby Foods,117,6.27,2,52,13.06,0,12.36,3.03,1.7,142,2.1,152,1 fl oz,31
Infant Formula Powder Made With Water NFS (Enfamil Enfragrow Toddler Transitions),Baby Foods,117,6.27,2,52,13.06,0,12.36,3.03,1.7,142,2.1,152,1 fl oz,31
Infant Formula Powder Made With Tap Water (Enfamil Enfagrow Toddler Transitions),Baby Foods,117,6.27,2,52,13.06,0,12.36,3.03,1.7,142,2.1,152,1 fl oz,31
Infant Formula Powder Made With Plain Bottled Water (Enfamil Enfagrow Toddler Transitions),Baby Foods,117,6.27,2,50,13.06,0,12.36,3.03,1.7,148,2.1,152,1 fl oz,31
Infant Formula Powder Made With Baby Water (Enfamil Enfagrow Toddler Transitions),Baby Foods,117,6.27,2,49,13.06,0,12.36,3.03,1.7,140,2.1,152,1 fl oz,31
Infant Formula Ns As To Form (Enfamil Enfagrow Toddler Transitions Gentlease),Baby Foods,115,6.06,0,50,12.12,0,12.12,3.01,1.7,228,2.31,152,1 fl oz,31
Infant Formula Powder Made With Water NFS (Enfamil Enfagrow Toddler Transitions Gentlease),Baby Foods,115,6.06,0,50,12.12,0,12.12,3.01,1.7,228,2.31,152,1 fl oz,31
Infant Formula Powder Made With Tap Water (Enfamil Enfagrow Toddler Transitions Gentlease),Baby Foods,115,6.06,0,50,12.12,0,12.12,3.01,1.7,228,2.31,152,1 fl oz,31
Infant Formula Powder Made With Plain Bottled Water (Enfamil Enfagrow Toddler Transitions Gentlease),Baby Foods,115,6.06,0,48,12.12,0,12.12,3.01,1.7,234,2.31,152,1 fl oz,31
Infant Formula Powder Made With Baby Water (Enfamil Enfagrow Toddler Transitions Gentlease),Baby Foods,115,6.06,0,47,12.12,0,12.12,3.01,1.7,226,2.31,152,1 fl oz,31
Infant Formula Ns As To Form (Gerber Good Start Gentle),Baby Foods,67,3.41,0,22,7.45,0,7.45,1.48,1,47,1.01,72,1 fl oz,31
Infant Formula Ready-To-Feed (Gerber Good Start Gentle),Baby Foods,67,3.41,0,22,7.45,0,7.45,1.48,1,47,1.01,72,1 fl oz,31
Infant Formula Liquid Concentrate Made With Water NFS (Gerber Good Start Gentle),Baby Foods,67,3.41,0,22,7.45,0,7.45,1.48,1,47,1.01,72,1 fl oz,31
Infant Formula Powder Made With Water NFS (Gerber Good Start Gentle),Baby Foods,67,3.41,0,22,7.45,0,7.45,1.48,1,47,1.01,72,1 fl oz,31
Infant Formula Liquid Concentrate Made With Tap Water (Gerber Good Start Gentle),Baby Foods,67,3.41,0,22,7.45,0,7.45,1.48,1,47,1.01,72,1 fl oz,31
Infant Formula Liquid Concentrate Made With Plain Bottled Water (Gerber Good Start Gentle),Baby Foods,67,3.41,0,20,7.45,0,7.45,1.48,1,54,1.01,72,1 fl oz,31
Infant Formula Liquid Concentrate Made With Baby Water (Gerber Good Start Gentle),Baby Foods,67,3.41,0,18,7.45,0,7.45,1.48,1,45,1.01,72,1 fl oz,31
Infant Formula Powder Made With Tap Water (Gerber Good Start Gentle),Baby Foods,67,3.41,0,22,7.45,0,7.45,1.48,1,47,1.01,72,1 fl oz,31
Infant Formula Powder Made With Plain Bottled Water (Gerber Good Start Gentle),Baby Foods,67,3.41,0,20,7.45,0,7.45,1.48,1,54,1.01,72,1 fl oz,31
Infant Formula Powder Made With Baby Water (Gerber Good Start Gentle),Baby Foods,67,3.41,0,18,7.45,0,7.45,1.48,1,45,1.01,72,1 fl oz,31
Infant Formula Ns As To Form (Gerber Good Start Protect),Baby Foods,67,3.41,0,22,7.45,0,7.45,1.48,1,47,1.01,72,1 fl oz,31
Infant Formula Powder Made With Water NFS (Gerber Good Start Protect),Baby Foods,67,3.41,0,22,7.45,0,7.45,1.48,1,47,1.01,72,1 fl oz,31
Infant Formula Powder Made With Tap Water (Gerber Good Start Protect),Baby Foods,67,3.41,0,22,7.45,0,7.45,1.48,1,47,1.01,72,1 fl oz,31
Infant Formula Powder Made With Plain Bottled Water (Gerber Good Start Protect),Baby Foods,67,3.41,0,20,7.45,0,7.45,1.48,1,54,1.01,72,1 fl oz,31
Infant Formula Powder Made With Baby Water (Gerber Good Start Protect),Baby Foods,67,3.41,0,18,7.45,0,7.45,1.48,1,45,1.01,72,1 fl oz,31
Infant Formula Ns As To Form (Gerber Graduates Gentle),Baby Foods,64,3.28,0,21,7.46,0,7.46,1.41,1,125,1.28,69,1 fl oz,31
Infant Formula Ns As To Form (Gerber Graduates Protect),Baby Foods,64,3.28,0,21,7.46,0,7.46,1.41,1,125,1.28,69,1 fl oz,31
Infant Formula Ns As To Form (Store Brand),Baby Foods,66,3.56,1,20,7.12,0,7.12,1.38,1,54,1.19,70,1 fl oz,31
Infant Formula Liquid Concentrate Made With Water NFS (Store Brand),Baby Foods,66,3.56,1,20,7.12,0,7.12,1.38,1,54,1.19,70,1 fl oz,31
Infant Formula Powder Made With Water NFS (Store Brand),Baby Foods,66,3.56,1,20,7.12,0,7.12,1.38,1,54,1.19,70,1 fl oz,31
Infant Formula Ready-To-Feed (Store Brand),Baby Foods,66,3.56,1,20,7.12,0,7.12,1.38,1,54,1.19,70,1 fl oz,31
Infant Formula Liquid Concentrate Made With Tap Water (Store Brand),Baby Foods,66,3.56,1,20,7.12,0,7.12,1.38,1,54,1.19,70,1 fl oz,31
Infant Formula Liquid Concentrate Made With Plain Bottled Water (Store Brand),Baby Foods,66,3.56,1,19,7.12,0,7.12,1.38,1,60,1.19,70,1 fl oz,31
Infant Formula Liquid Concentrate Made With Baby Water (Store Brand),Baby Foods,66,3.56,1,17,7.12,0,7.12,1.38,1,51,1.19,70,1 fl oz,31
Infant Formula Powder Made With Tap Water (Store Brand),Baby Foods,66,3.56,1,20,7.12,0,7.12,1.38,1,54,1.19,70,1 fl oz,31
Infant Formula Powder Made With Plain Bottled Water (Store Brand),Baby Foods,66,3.56,1,19,7.12,0,7.12,1.38,1,60,1.19,70,1 fl oz,31
Infant Formula Powder Made With Baby Water (Store Brand),Baby Foods,66,3.56,1,17,7.12,0,7.12,1.38,1,51,1.19,70,1 fl oz,31
Infant Formula Ns As To Form (Enfamil Prosobee),Baby Foods,66,3.49,0,26,6.86,0,6.86,1.62,1,71,1.23,78,1 fl oz,31
Infant Formula Ready-To-Feed (Enfamil Prosobee),Baby Foods,66,3.49,0,26,6.86,0,6.86,1.62,1,71,1.23,78,1 fl oz,31
Infant Formula Liquid Concentrate Made With Water NFS (Enfamil Prosobee),Baby Foods,66,3.49,0,26,6.86,0,6.86,1.62,1,71,1.23,78,1 fl oz,31
Infant Formula Powder Made With Water NFS (Enfamil Prosobee),Baby Foods,66,3.49,0,26,6.86,0,6.86,1.62,1,71,1.23,78,1 fl oz,31
Infant Formula Liquid Concentrate Made With Tap Water (Enfamil Prosobee),Baby Foods,66,3.49,0,26,6.86,0,6.86,1.62,1,71,1.23,78,1 fl oz,31
Infant Formula Liquid Concentrate Made With Plain Bottled Water (Enfamil Prosobee),Baby Foods,66,3.49,0,24,6.86,0,6.86,1.62,1,77,1.23,78,1 fl oz,31
Infant Formula Liquid Concentrate Made With Baby Water (Enfamil Prosobee),Baby Foods,66,3.49,0,22,6.86,0,6.86,1.62,1,69,1.23,78,1 fl oz,31
Infant Formula Powder Made With Tap Water (Enfamil Prosobee),Baby Foods,66,3.49,0,26,6.86,0,6.86,1.62,1,71,1.23,78,1 fl oz,31
Infant Formula Powder Made With Plain Bottled Water (Enfamil Prosobee),Baby Foods,66,3.49,0,24,6.86,0,6.86,1.62,1,77,1.23,78,1 fl oz,31
Infant Formula Powder Made With Baby Water (Enfamil Prosobee),Baby Foods,66,3.49,0,22,6.86,0,6.86,1.62,1,69,1.23,78,1 fl oz,31
Infant Formula Ns As To Form (Enfamil Enfagrow Toddler Transitions Soy),Baby Foods,110,4.9,0,43,13.06,0,13.06,3.66,1.6,219,2.22,133,1 fl oz,31
Infant Formula Powder Made With Water NFS (Enfamil Enfagrow Toddler Transitions Soy),Baby Foods,110,4.9,0,43,13.06,0,13.06,3.66,1.6,219,2.22,133,1 fl oz,31
Infant Formula Ns As To Form (Similac Isomil Soy),Baby Foods,65,3.53,0,32,6.73,0,6.65,1.58,1,70,1.16,70,1 fl oz,31
Infant Formula Ready-To-Feed (Similac Isomil Soy),Baby Foods,65,3.53,0,32,6.73,0,6.65,1.58,1,70,1.16,70,1 fl oz,31
Infant Formula Liquid Concentrate Made With Water NFS (Similac Isomil Soy),Baby Foods,65,3.53,0,32,6.73,0,6.65,1.58,1,70,1.16,70,1 fl oz,31
Infant Formula Powder Made With Water NFS (Similac Isomil Soy),Baby Foods,65,3.53,0,32,6.73,0,6.65,1.58,1,70,1.16,70,1 fl oz,31
Infant Formula Liquid Concentrate Made With Tap Water (Similac Isomil Soy),Baby Foods,65,3.53,0,32,6.73,0,6.65,1.58,1,70,1.16,70,1 fl oz,31
Infant Formula Liquid Concentrate Made With Plain Bottled Water (Similac Isomil Soy),Baby Foods,65,3.53,0,30,6.73,0,6.65,1.58,1,77,1.16,70,1 fl oz,31
Infant Formula Liquid Concentrate Made With Baby Water (Similac Isomil Soy),Baby Foods,65,3.53,0,28,6.73,0,6.65,1.58,1,68,1.16,70,1 fl oz,31
Infant Formula Powder Made With Tap Water (Similac Isomil Soy),Baby Foods,65,3.53,0,32,6.73,0,6.65,1.58,1,70,1.16,70,1 fl oz,31
Infant Formula Powder Made With Plain Bottled Water (Similac Isomil Soy),Baby Foods,65,3.53,0,30,6.73,0,6.65,1.58,1,77,1.16,70,1 fl oz,31
Infant Formula Powder Made With Baby Water (Similac Isomil Soy),Baby Foods,65,3.53,0,28,6.73,0,6.65,1.58,1,68,1.16,70,1 fl oz,31
Infant Formula Ns As To Form (Gerber Good Start Soy),Baby Foods,66,3.35,1,30,7.27,0,5.8,1.63,1,71,1.18,76,1 fl oz,31
Infant Formula Ready-To-Feed (Gerber Good Start Soy),Baby Foods,66,3.35,1,30,7.27,0,5.8,1.63,1,71,1.18,76,1 fl oz,31
Infant Formula Liquid Concentrate Made With Water NFS (Gerber Good Start Soy),Baby Foods,66,3.35,1,30,7.27,0,5.8,1.63,1,71,1.18,76,1 fl oz,31
Infant Formula Powder Made With Water NFS (Gerber Good Start Soy),Baby Foods,66,3.35,1,30,7.27,0,5.8,1.63,1,71,1.18,76,1 fl oz,31
Infant Formula Liquid Concentrate Made With Tap Water (Gerber Good Start Soy),Baby Foods,66,3.35,1,30,7.27,0,5.8,1.63,1,71,1.18,76,1 fl oz,31
Infant Formula Liquid Concentrate Made With Plain Bottled Water (Gerber Good Start Soy),Baby Foods,66,3.35,1,28,7.27,0,5.8,1.63,1,77,1.18,76,1 fl oz,31
Infant Formula Liquid Concentrate Made With Baby Water (Gerber Good Start Soy),Baby Foods,66,3.35,1,26,7.27,0,5.8,1.63,1,69,1.18,76,1 fl oz,31
Infant Formula Powder Made With Tap Water (Gerber Good Start Soy),Baby Foods,66,3.35,1,30,7.27,0,5.8,1.63,1,71,1.18,76,1 fl oz,31
Infant Formula Powder Made With Plain Bottled Water (Gerber Good Start Soy),Baby Foods,66,3.35,1,28,7.27,0,5.8,1.63,1,77,1.18,76,1 fl oz,31
Infant Formula Powder Made With Baby Water (Gerber Good Start Soy),Baby Foods,66,3.35,1,26,7.27,0,5.8,1.63,1,69,1.18,76,1 fl oz,31
Infant Formula Ns As To Form (Store Brand Soy),Baby Foods,65,3.51,0,29,6.79,0,6.76,1.6,1,71,1.2,74,1 fl oz,31
Infant Formula Ready-To-Feed (Store Brand Soy),Baby Foods,65,3.51,0,29,6.79,0,6.76,1.6,1,71,1.2,74,1 fl oz,31
Infant Formula Liquid Concentrate Made With Water NFS (Store Brand Soy),Baby Foods,65,3.51,0,29,6.79,0,6.76,1.6,1,71,1.2,74,1 fl oz,31
Infant Formula Powder Made With Water NFS (Store Brand Soy),Baby Foods,65,3.51,0,29,6.79,0,6.76,1.6,1,71,1.2,74,1 fl oz,31
Infant Formula Powder Made With Tap Water (Store Brand Soy),Baby Foods,65,3.51,0,29,6.79,0,6.76,1.6,1,71,1.2,74,1 fl oz,31
Infant Formula Powder Made With Plain Bottled Water (Store Brand Soy),Baby Foods,65,3.51,0,27,6.79,0,6.76,1.6,1,77,1.2,74,1 fl oz,31
Infant Formula Powder Made With Baby Water (Store Brand Soy),Baby Foods,65,3.51,0,25,6.79,0,6.76,1.6,1,68,1.2,74,1 fl oz,31
Infant Formula Ns As To Form (Enfamil Nutramigen),Baby Foods,64,3.36,0,33,6.6,0,6.6,1.8,0.8,63,1.15,71,1 fl oz,31
Infant Formula Ready-To-Feed (Enfamil Nutramigen),Baby Foods,64,3.36,0,33,6.6,0,6.6,1.8,0.8,63,1.15,71,1 fl oz,31
Infant Formula Liquid Concentrate Made With Water NFS (Enfamil Nutramigen),Baby Foods,64,3.36,0,33,6.6,0,6.6,1.8,0.8,63,1.15,71,1 fl oz,31
Infant Formula Powder Made With Water NFS (Enfamil Nutramigen),Baby Foods,64,3.36,0,33,6.6,0,6.6,1.8,0.8,63,1.15,71,1 fl oz,31
Infant Formula Ns As To Form (Puramino),Baby Foods,65,3.36,0,33,6.6,0,6.6,1.81,0.8,63,1.16,71,1 fl oz,31
Infant Formula Powder Made With Water NFS (Puramino),Baby Foods,65,3.36,0,33,6.6,0,6.6,1.81,0.8,63,1.16,71,1 fl oz,31
Infant Formula Ns As To Form (Enfamil Pregestimil),Baby Foods,67,3.62,0,35,6.83,0,6.6,1.81,0.9,78,1.22,71,1 fl oz,31
Infant Formula Ready-To-Feed (Enfamil Pregestimil),Baby Foods,67,3.62,0,35,6.83,0,6.6,1.81,0.9,78,1.22,71,1 fl oz,31
Infant Formula Powder Made With Water NFS (Enfamil Pregestimil),Baby Foods,67,3.62,0,35,6.83,0,6.6,1.81,0.9,78,1.22,71,1 fl oz,31
Infant Formula Ready-To-Feed With Iron (Enfamil Premature 20 Cal),Baby Foods,66,3.34,0,38,7.21,0,7.2,1.97,3.9,108,1.18,64,1 fl oz,31
Milk Dry Not Reconstituted Low Fat (1%),NULL,363,1.7,20,544,51.67,0,51.67,34.76,10.9,1219,0.31,1688,1 cup,120
Chocolate Beverage Powder Reduced Sugar Dry Mix Not Reconstituted,NULL,373,9.09,0,636,63.64,9.1,27.27,9.09,0,909,3.27,1705,1 tablespoon,8
Cream Ns As To Light Heavy Or Half And Half,Fats and Oils,123,10.39,35,61,4.73,0,4.13,3.13,0,107,0.05,132,1 cup,240
Cream Light,Fats and Oils,191,19.1,59,72,2.82,0,3.67,2.96,1.1,91,0.05,136,1 cup,240
Cream Half And Half,Fats and Oils,123,10.39,35,61,4.73,0,4.13,3.13,0,107,0.05,132,1 cup,240
Cream Half And Half Flavored,Fats and Oils,122,10.19,34,60,4.92,0,4.33,3.07,0,105,0.05,129,1 cup,240
Cream Heavy,Fats and Oils,340,36.08,113,27,2.74,0,2.92,2.84,1.6,66,0.1,95,1 cup,240
Cream Whipped,Fats and Oils,343,33.94,106,26,8.49,0,8.55,2.67,1.5,62,0.1,89,1 cup,120
Coffee Creamer Liquid Fat Free Flavored,Fats and Oils,150,2.62,0,45,31.82,0,31.78,0.6,0,1,0.43,133,1 cup,240
Dip Nfs,Soups and Sauces,433,45.84,50,709,3.49,0.3,2.48,2.24,0.1,76,0.36,112,1 tablespoon,15
Chipotle Dip Regular,Soups and Sauces,427,45.74,49,700,2.7,0,2.04,1.69,0.1,53,0.16,77,1 tablespoon,15
Chipotle Dip Light,Soups and Sauces,194,15.13,24,598,13.22,0,7.36,1.82,0.1,68,0.12,118,1 tablespoon,15
Dill Dip Regular,Soups and Sauces,429,45.78,49,704,3.08,0.3,2.03,1.92,0.1,64,0.36,98,1 tablespoon,15
Dill Dip Light,Soups and Sauces,197,15.18,24,602,13.58,0.3,7.36,2.04,0.1,79,0.31,138,1 tablespoon,15
Onion Dip Regular,Soups and Sauces,345,36.27,40,558,3.23,0.1,2.52,1.86,0.3,61,0.14,85,1 tablespoon,15
Onion Dip Light,Soups and Sauces,163,12.33,20,483,11.57,0.1,6.73,1.95,0.3,73,0.11,118,1 tablespoon,15
Ranch Dip Regular,Soups and Sauces,433,45.84,50,709,3.49,0.3,2.48,2.24,0.1,76,0.36,112,1 tablespoon,15
Ranch Dip Light,Soups and Sauces,200,15.23,24,607,13.97,0.2,7.78,2.35,0.1,89,0.31,152,1 tablespoon,15
Spinach Dip Regular,Soups and Sauces,345,36.33,40,564,3.09,0.3,2.33,2.1,0.3,72,0.26,100,1 tablespoon,15
Spinach Dip Light,Soups and Sauces,164,12.38,20,489,11.44,0.3,6.55,2.19,0.3,83,0.23,132,1 tablespoon,15
Vegetable Dip Regular,Soups and Sauces,429,45.78,49,704,3.08,0.3,2.03,1.92,0.1,64,0.36,98,1 tablespoon,15
Vegetable Dip Light,Soups and Sauces,197,15.18,24,602,13.58,0.3,7.36,2.04,0.1,79,0.31,138,1 tablespoon,15
Ice Cream Bar Or Stick Rich Chocolate Ice Cream Thick Chocolate Covering,Dairy and Egg Products ,346,23.35,38,42,34.81,2.6,29.98,4.42,0.2,98,1.66,257,1 bar,81
Ice Cream Bar Or Stick Rich Ice Cream Thick Chocolate Covering,Dairy and Egg Products ,335,20.24,71,66,33.42,1,29.9,4.74,0.2,139,0.94,222,1 bar,81
Ice Cream Bar Or Stick Chocolate Ice Cream Chocolate Covered,Dairy and Egg Products ,284,15,32,77,34.89,1.7,30.96,4.62,0.2,126,1.23,275,1 bar,49
Ice Cream Bar Cake Covered,Dairy and Egg Products ,278,13.49,58,309,36.78,1.1,21.97,4.33,0.3,103,1.23,209,1 bar,59
Ice Cream Bar Or Stick With Fruit,Dairy and Egg Products ,161,6.23,25,45,24.73,2.3,21.46,2.27,0.1,78,0.34,162,1 bar,41
Ice Cream Cone With Nuts Flavors Other Than Chocolate,Dairy and Egg Products ,267,16.23,36,79,25.65,2,18.41,5.91,0.2,143,0.71,256,1 cone,78
Ice Cream Cone Chocolate Covered Or Dipped Flavors Other Than Chocolate,Dairy and Egg Products ,245,12.32,37,87,30.91,1.3,22.96,3.88,0.2,113,0.59,207,1 cone and single dip,78
Ice Cream Cone No Topping Flavors Other Than Chocolate,Dairy and Egg Products ,219,10.77,41,90,26.77,0.8,20.35,3.76,0.2,122,0.29,194,1 cone and single dip (or 1 small cone),78
Ice Cream Cone No Topping Ns As To Flavor,Dairy and Egg Products ,222,10.14,32,79,29.31,0.9,22.76,3.92,0.1,118,0.46,205,1 cone and single dip (or 1 small cone),78
Ice Cream Cone With Nuts Chocolate Ice Cream,Dairy and Egg Products ,274,15.63,21,56,29.33,2.2,22.68,6.3,0,138,0.99,281,1 cone,78
Ice Cream Cone Chocolate Covered Or Dipped Chocolate Ice Cream,Dairy and Egg Products ,247,11.25,21,63,34.56,1.4,27.64,4.08,0,106,0.84,228,1 cone,78
Ice Cream Cone No Topping Chocolate Ice Cream,Dairy and Egg Products ,226,9.52,23,67,31.85,1,25.16,4.07,0,113,0.63,216,1 cone and single dip (or 1 small cone),78
Ice Cream Cone Chocolate Covered With Nuts Chocolate Ice Cream,Dairy and Egg Products ,289,16.71,19,53,31.93,2.5,25.07,6.14,0,130,1.15,288,1 cone,78
Ice Cream Soda Flavors Other Than Chocolate,Dairy and Egg Products ,85,2.9,12,31,14.02,0.2,13.4,0.92,0.1,37,0.06,53,1 soda (10 fl oz),240
Ice Cream Soda Chocolate,Dairy and Egg Products ,87,2.9,9,30,15.23,0.3,14.48,1,0.1,32,0.28,66,1 soda (10 fl oz),240
Ice Cream Sundae Ns As To Topping With Whipped Cream,Dairy and Egg Products ,257,13.96,45,138,29.76,1.1,21.41,3.54,0.2,98,0.38,202,1 sundae,165
Ice Cream Sundae Fruit Topping With Whipped Cream,Dairy and Egg Products ,235,10.88,41,55,33.34,0.6,20.16,2.28,0.2,81,0.14,137,1 sundae,165
Ice Cream Sundae Prepackaged Type Flavors Other Than Chocolate,Dairy and Egg Products ,185,6,13,95,29.4,0.3,20.74,4.3,0.1,120,0.25,211,1 sundae (6 fl oz),131
Ice Cream Sundae Chocolate Or Fudge Topping With Whipped Cream,Dairy and Egg Products ,264,13.57,42,154,32.3,1.2,22.44,3.62,0.2,94,0.45,209,1 sundae,165
Ice Cream Sundae Not Fruit Or Chocolate Topping With Whipped Cream,Dairy and Egg Products ,223,10.85,41,152,30.49,0.4,29.22,2.58,0.2,94,0.05,142,1 sundae,165
Ice Cream Sundae Fudge Topping With Cake With Whipped Cream,Dairy and Egg Products ,279,13.6,43,177,35.82,1.1,24.25,3.87,0.2,97,0.64,189,1 sundae,175
Ice Cream Pie No Crust,Dairy and Egg Products ,224,14.26,53,73,20.89,0.6,18.84,3.41,0.4,120,0.09,185,"1 pie (8"" dia)",794
Ice Cream Pie With Cookie Crust Fudge Topping And Whipped Cream,Dairy and Egg Products ,303,13.84,24,214,40.85,1.4,24.01,3.96,0.1,83,0.85,197,"1 pie (8"" dia)",1836
Ice Cream Fried,Dairy and Egg Products ,282,15.16,34,149,32.77,1.2,20.9,3.94,0.2,112,0.79,184,1 cup,133
Light Ice Cream Soft Serve Cone Chocolate,Dairy and Egg Products ,166,5.36,14,77,28.3,1.9,18.41,5.08,0,128,1.27,334,1 small fast food cone (include dairy queen),142
Light Ice Cream Soft Serve Blended With Candy Or Cookies,Dairy and Egg Products ,176,6.06,16,64,26.18,0.2,22.78,4,0,132,0.44,203,1 small dairy queen blizzard,298
Ice Cream Sandwich Made With Light Chocolate Ice Cream,Dairy and Egg Products ,236,6.6,21,55,38.54,1.5,25.98,5.58,0.1,125,0.93,185,1 sandwich,68
Light Ice Cream Bar Or Stick Chocolate Coated,Dairy and Egg Products ,289,17.46,21,59,30.31,0.6,23.88,3.98,0.1,129,0.34,192,1 bar (3 fl oz),56
Light Ice Cream Bar Or Stick Chocolate Covered With Nuts,Dairy and Egg Products ,329,22.03,19,52,28.35,1.7,21.31,7.11,0.1,120,0.5,262,1 bar,149
Light Ice Cream Cone Nfs,Dairy and Egg Products ,148,2.93,11,84,26.2,0.2,17.71,5.15,0,147,0.33,213,1 cone and single dip (or 1 small cone),78
Light Ice Cream Cone Flavors Other Than Chocolate,Dairy and Egg Products ,148,2.93,11,84,26.2,0.2,17.71,5.15,0,147,0.33,213,1 cone and single dip (or 1 small cone),78
Light Ice Cream Cone Chocolate,Dairy and Egg Products ,168,3.5,9,77,30.04,0.6,23.8,4.56,0,135,0.5,226,1 cone and single dip (or 1 small cone),78
Light Ice Cream No Sugar Added Cone Ns As To Flavor,Dairy and Egg Products ,224,9.96,21,126,28.66,0.9,9.54,5.37,0.1,117,0.55,227,1 cone and single dip (or 1 small cone),78
Light Ice Cream No Sugar Added Cone Chocolate,Dairy and Egg Products ,227,8.62,13,110,32.88,1.6,8.9,5.03,0.1,105,0.77,227,1 cone and single dip (or 1 small cone),78
Light Ice Cream Sundae Soft Serve Chocolate Or Fudge Topping With Whipped Cream,Dairy and Egg Products ,255,10.64,33,156,35.8,1.1,22.97,4.27,0.2,109,0.52,214,1 sundae,165
Light Ice Cream Sundae Soft Serve Fruit Topping With Whipped Cream,Dairy and Egg Products ,223,7.77,33,50,36.91,0.4,20.54,2.84,0.2,95,0.19,138,1 sundae,165
Light Ice Cream Sundae Soft Serve Not Fruit Or Chocolate Topping With Whipped Cream,Dairy and Egg Products ,203,5.57,25,165,36.78,0.2,32.74,3.26,0.1,112,0.11,147,1 sundae,165
Light Ice Cream Sundae Soft Serve Chocolate Or Fudge Topping Without Whipped Cream,Dairy and Egg Products ,182,4.16,9,139,32.01,0.7,22.7,4.82,0,130,0.37,237,1 sundae,179
Light Ice Cream Sundae Soft Serve Fruit Topping Without Whipped Cream,Dairy and Egg Products ,158,1.98,9,58,32.86,0.2,20.85,3.73,0,119,0.12,179,1 sundae,178
Light Ice Cream Sundae Soft Serve Not Fruit Or Chocolate Topping Without Whipped Cream,Dairy and Egg Products ,148,1.95,9,137,30.55,0,28.21,3.98,0,130,0.04,182,1 sundae,182
Light Ice Cream Creamsicle Or Dreamsicle No Sugar Added,Dairy and Egg Products ,50,0,0,35,11.42,1.8,3.34,1.1,0,37,0.5,57,1 sicle,40
Light Ice Cream Fudgesicle,Dairy and Egg Products ,182,5.16,26,72,30.61,1.5,21.31,5.31,0.1,159,0.8,300,1 sicle (2.5 fl oz),73
Milk Dessert Bar Or Stick Frozen With Coconut,Dairy and Egg Products ,157,5.92,6,120,21.26,1.6,18.81,5.38,0,172,0.3,297,1 frut stix bar (4 fl oz),129
Milk Dessert Sandwich Bar Frozen Made From Lowfat Milk,Dairy and Egg Products ,189,3.1,9,54,35.57,0.9,21.39,5.5,0,124,0.45,224,1 weight watchers sandwich bar (2.75 fl oz plus 2 wafers),64
Milk Dessert Sandwich Bar Frozen With Low-Calorie Sweetener Made From Lowfat Milk,Dairy and Egg Products ,316,9.79,6,386,53.36,2.1,30.31,5.95,0,79,2.51,214,1 eskimo pie sandwich (3.2 fl oz),59
Baked Alaska,Dairy and Egg Products ,248,9.79,52,136,35.44,0.6,28.18,4.99,0.3,84,0.58,148,1 baked alaska,820
Pudding Bread,Sweets,155,4.74,55,216,23.52,1,14.72,5.47,1.1,119,1.04,203,1 cup,200
Bread Pudding Made With Evaporated Milk And Rum,Sweets,271,9.31,66,334,39.38,1.1,23.48,8.23,1.3,187,1.63,247,1 cup,175
Diplomat Pudding Puerto Rican Style,Sweets,271,8.54,135,205,42.98,0.6,36.54,6.83,1.5,89,1.07,170,1 cup,256
Pudding Mexican Bread,Sweets,280,11.5,13,231,40.98,1.3,26.57,5.06,0.1,82,1.23,125,1 cup,204
Pudding Mexican Bread Low Fat,Sweets,278,5.89,7,348,50.34,1.9,23.94,7.47,0,82,1.99,141,1 cup,250
Rice Flour Cream Puerto Rican Style,Sweets,156,3.22,10,386,27.91,0.2,17.18,4.01,1.3,113,0.6,143,1 cup,250
Custard Puerto Rican Style,Sweets,170,5.29,146,48,25.87,0,23.6,5.05,1.8,126,0.39,144,1 cup,243
Custard,Sweets,95,3.45,72,91,10.96,0,11.09,5.05,1.4,113,0.34,146,1 cup,244
Flan,Sweets,177,4.7,101,165,29.04,0,28.9,5.22,1.1,96,0.5,129,1 cup,266
Pudding Rice Flour And Nuts,Sweets,142,3.12,8,34,25.3,0.3,15.84,3.49,1,92,0.53,121,1 cup,250
Pudding Tapioca Made From Home Recipe Made With Milk,Sweets,115,3.21,67,155,17.05,0,15.16,4.69,1.3,105,0.35,136,1 cup,205
Pudding Tapioca Made From Dry Mix Made With Milk,Sweets,107,1.93,7,154,19.87,0,17.72,3.08,1.2,113,0.07,133,1 cup,165
Pudding Tapioca Chocolate Made With Milk,Sweets,112,2.29,7,151,21.32,1.1,17.41,3.59,1.1,113,0.49,176,1 cup,165
Pudding Coconut,Sweets,111,3.43,6,178,17.37,0.5,15.81,2.89,1,101,0.13,136,1 cup,255
Pudding Cornmeal Milk And Molasses,Sweets,133,3.57,31,189,21.18,0.3,14.88,4.1,1.3,123,0.98,280,1 cup,237
Pudding Pumpkin,Sweets,99,3.07,1,101,16.85,0.3,12.14,1.21,0,38,0.24,117,1 cup,265
Pumpkin Pudding Puerto Rican Style,Sweets,116,4.45,63,312,16.28,0.6,9.91,3.6,0.5,37,1.1,283,1 cup,262
Fresh Corn Custard Puerto Rican Style,Sweets,398,24.96,0,640,46.25,3.3,38.09,3.89,0,20,1.97,397,1 cup,280
Pudding Flavors Other Than Chocolate Prepared From Dry Mix Milk Added,Sweets,103,1.8,6,208,19.05,0,18.18,2.76,1,101,0.03,121,1 cup,264
Pudding Chocolate Prepared From Dry Mix Milk Added,Sweets,105,2.04,6,227,18.98,0.7,13.56,3.13,1,104,0.28,154,1 cup,261
Pudding Flavors Other Than Chocolate Prepared From Dry Mix Low Calorie Containing Artificial Sweetener Milk Added,Sweets,69,1.95,7,211,9.8,0.1,4.89,3.14,1.2,117,0.04,133,1 cup,250
Pudding Chocolate Prepared From Dry Mix Low Calorie Containing Artificial Sweetener Milk Added,Sweets,74,2.09,7,275,10.26,0.6,4.75,3.6,1.1,116,0.29,200,1 cup,250
Pudding Ready-To-Eat Chocolate And Non-Chocolate Flavors Combined,Sweets,136,4.19,1,147,22.8,0,17.07,1.77,0,50,0.68,124,1 cup,267
Pudding With Fruit And Vanilla Wafers,Sweets,149,3.84,38,123,26.38,0.9,18.86,3.25,0.7,63,0.48,180,1 cup,187
Mousse Chocolate,Sweets,209,14.97,120,38,16.24,0.6,15.22,4.31,1.5,99,0.56,145,1 cup,170
Mousse Not Chocolate,Sweets,207,15.42,48,38,16.88,0.8,14.73,1.8,0.7,32,0.17,129,1 cup,170
Coconut Custard Puerto Rican Style,Sweets,282,10.49,107,134,40.04,0.3,39.6,8.2,1.1,203,0.68,293,1 cup,245
Barfi Or Burfi Indian Dessert Made From Milk And/or Cream And/or Ricotta Cheese,Sweets,282,11.66,37,63,39.08,0.4,36.97,6.9,0.1,140,0.33,130,"1 piece (1-7/8"" x 1-1/2"" x 3/4"")",44
Tiramisu,Baked Foods,354,24.26,123,155,29.61,0.4,18.86,5.91,0.6,66,1.12,156,1 piece,174
Custard Pudding Flavor Other Than Chocolate Baby Food Ns As To Strained Or Junior,Baby Foods,86,1.49,23,13,16.79,0.1,11.85,1.68,0.5,54,0.23,67,1 tablespoon,14
White Sauce Milk Sauce,Soups and Sauces,147,10.76,7,347,9.19,0.2,4.78,3.7,1.3,112,0.31,140,1 cup,250
Milk Gravy Quick Gravy,Soups and Sauces,136,9.59,15,279,8.54,0.1,4.97,3.88,1.4,117,0.28,144,1 cup,250
Cheese Nfs,Dairy and Egg Products ,365,29.21,91,903,5.39,0,2.78,20.16,3,976,0.46,164,1 cracker-size slice,9
Cheese Cheddar,Dairy and Egg Products ,404,33.31,99,653,3.09,0,0.48,22.87,0.6,710,0.14,76,1 cracker-size slice,9
Cheese Colby Jack,Dairy and Egg Products ,384,31.2,92,602,1.62,0,0.51,24.12,0.6,716,0.74,104,1 cracker-size slice,9
Cheese Goat,Dairy and Egg Products ,360,28.85,77,432,0.76,0,0.76,23.52,0.5,443,1.8,78,1 cup crumbled,140
Cheese Gouda Or Edam,Dairy and Egg Products ,357,27.69,96,814,1.67,0,1.67,24.98,0.5,722,0.38,168,1 cracker-size slice,9
Queso Asadero,Dairy and Egg Products ,356,28.26,105,705,2.87,0,2.87,22.6,0.5,661,0.51,86,1 cracker-size slice,9
Cottage Cheese Farmer's,Dairy and Egg Products ,143,9.8,31,343,3.18,0,2.52,10.49,0.1,78,0.07,98,1 cup,210
Cheese Ricotta,Dairy and Egg Products ,156,10.44,41,92,4.09,0,0.29,11.32,0.2,240,0.41,115,1 cup,246
Cheese Cottage Salted Dry Curd,Dairy and Egg Products ,71,0.29,7,756,6.59,0,1.83,10.24,0,85,0.15,136,NULL,NULL
Puerto Rican White Cheese,Dairy and Egg Products ,174,12.98,51,84,3.04,0,0.27,11.26,0.2,207,0.38,105,1 cup,128
Cheese Cottage Lowfat With Fruit,Dairy and Egg Products ,71,1.47,8,200,8.26,0.5,7.3,6.88,0,72,0.21,115,1 cup,226
Cheese Cream Light Or Lite,Fats and Oils,201,15.28,54,359,8.13,0,5.82,7.85,0.3,148,0.17,247,1 cup,240
Cheese Spread Cream Cheese Light Or Lite,Fats and Oils,201,15.28,54,359,8.13,0,5.82,7.85,0.3,148,0.17,247,1 cup,240
Cheese Cottage Cheese With Gelatin Dessert,Dairy and Egg Products ,81,2.32,9,231,8.37,0,7.66,6.55,0.1,46,0.05,56,1 cup,240
Cheese Cottage Cheese With Gelatin Dessert And Fruit,Dairy and Egg Products ,88,1.78,7,177,13.17,0.4,12.27,5.1,0,37,0.14,75,1 cup,240
Cheese Cottage Cheese With Gelatin Dessert And Vegetables,Dairy and Egg Products ,82,2.85,11,262,6.27,0.2,5.37,7.71,0.1,58,0.08,90,1 cup,240
Cheese With Nuts,Dairy and Egg Products ,424,37.72,71,546,5.89,1.5,1.82,17.87,0.4,394,0.77,197,1 tablespoon,15
Artichoke Dip,Soups and Sauces,330,33.13,39,604,5.2,0.8,2.06,3.6,0.1,98,0.23,117,1 tablespoon,15
Spinach And Artichoke Dip,Soups and Sauces,329,33.22,39,617,4.5,1.1,1.5,3.95,0.1,116,0.46,135,1 tablespoon,15
Seafood Dip,Soups and Sauces,338,33.24,73,712,3.99,0.2,1.95,5.89,0.1,115,0.44,93,1 tablespoon,15
Cheese Dip,Soups and Sauces,160,13.02,8,652,7.66,0.3,0.3,3.24,0.1,73,0.53,24,1 tablespoon,15
Topping From Cheese Pizza,Baked Foods,228,14.32,45,701,8.03,1,4.1,16.89,0.3,487,0.57,311,topping from 1 piece,40
Topping From Vegetable Pizza,Baked Foods,246,15.26,39,794,12.6,2.3,5.5,15.61,0.2,457,1.46,355,topping from 1 piece,49
Topping From Meat Pizza,Baked Foods,328,24.63,61,919,6.55,0.7,3.15,19.48,0.7,318,1,331,topping from 1 piece,41
Topping From Meat And Vegetable Pizza,Baked Foods,305,22.13,54,824,8.47,1,4.04,17.81,0.6,289,1,348,topping from 1 piece,51
Cheese Fondue,Soups and Sauces,276,21.19,68,304,1.93,0,0.53,19.3,0.2,639,0.3,85,1 tablespoon,13
Cheese Souffle,Dairy and Egg Products ,204,15.68,143,330,6.38,0.1,2.57,9.34,1.2,189,0.74,124,1 cup,95
Welsh Rarebit,Soups and Sauces,163,12.03,25,285,6.44,0.1,4.41,7.34,1.2,236,0.16,137,1 tablespoon,15
Cheese Sandwich Nfs,NULL,283,11.45,32,815,32.72,1.6,5.9,11.83,2.7,651,2.52,196,1 sandwich,102
Cheese Sandwich American Cheese On White Bread No Spread,NULL,283,11.45,32,815,32.72,1.6,5.9,11.83,2.7,651,2.52,196,1 sandwich,102
Cheese Sandwich American Cheese On Wheat Bread No Spread,NULL,281,11.82,32,800,30.28,3.2,5.62,13.36,2.7,661,2.23,233,1 sandwich,102
Cheese Sandwich American Cheese On Whole Wheat Bread No Spread,NULL,281,11.82,32,800,30.28,3.2,5.62,13.36,2.7,661,2.23,233,1 sandwich,102
Cheese Sandwich Cheddar Cheese On White Bread No Spread,NULL,323,15.68,41,557,30.34,1.6,3.53,14.62,0.2,377,2.18,105,1 sandwich,102
Cheese Sandwich Cheddar Cheese On Wheat Bread No Spread,NULL,321,16.05,41,542,27.91,3.2,3.24,16.15,0.2,387,1.89,143,1 sandwich,102
Cheese Sandwich Cheddar Cheese On Whole Wheat Bread No Spread,NULL,321,16.05,41,542,27.91,3.2,3.24,16.15,0.2,387,1.89,143,1 sandwich,102
Cheese Sandwich Reduced Fat American Cheese On White Bread No Spread,NULL,255,7.76,22,783,33.44,1.6,6.64,12.45,2.2,303,2.21,210,1 sandwich,102
Cheese Sandwich Reduced Fat American Cheese On Wheat Bread No Spread,NULL,253,8.14,22,768,31,3.2,6.35,13.98,2.2,312,1.92,248,1 sandwich,102
Cheese Sandwich Reduced Fat American Cheese On Whole Wheat Bread No Spread,NULL,253,8.14,22,768,31,3.2,6.35,13.98,2.2,312,1.92,248,1 sandwich,102
Cheese Sandwich Reduced Fat Cheddar Cheese On White Bread No Spread,NULL,284,10.36,31,547,30.74,1.6,3.44,16.47,0.1,398,2.17,100,1 sandwich,102
Cheese Sandwich Reduced Fat Cheddar Cheese On Wheat Bread No Spread,NULL,282,10.73,31,532,28.31,3.2,3.15,18,0.1,408,1.88,138,1 sandwich,102
Cheese Sandwich Reduced Fat Cheddar Cheese On Whole Wheat Bread No Spread,NULL,282,10.73,31,532,28.31,3.2,3.15,18,0.1,408,1.88,138,1 sandwich,102
Cheese Sandwich American Cheese On White Bread With Mayonnaise,NULL,331,19.1,33,793,28.84,1.4,5.26,10.52,2.4,573,2.24,174,1 sandwich,116
Cheese Sandwich American Cheese On Wheat Bread With Mayonnaise,NULL,329,19.43,33,780,26.7,2.8,5.01,11.87,2.4,582,1.98,208,1 sandwich,116
Cheese Sandwich American Cheese On Whole Wheat Bread With Mayonnaise,NULL,329,19.43,33,780,26.7,2.8,5.01,11.87,2.4,582,1.98,208,1 sandwich,116
Cheese Sandwich Cheddar Cheese On White Bread With Mayonnaise,NULL,366,22.82,41,567,26.75,1.4,3.18,12.97,0.2,333,1.94,95,1 sandwich,116
Cheese Sandwich Cheddar Cheese On Wheat Bread With Mayonnaise,NULL,364,23.14,41,553,24.61,2.8,2.92,14.32,0.2,341,1.69,128,1 sandwich,116
Cheese Sandwich Cheddar Cheese On Whole Wheat Bread With Mayonnaise,NULL,364,23.14,41,553,24.61,2.8,2.92,14.32,0.2,341,1.69,128,1 sandwich,116
Cheese Sandwich Reduced Fat American Cheese On White Bread With Mayonnaise,NULL,307,15.86,24,765,29.47,1.4,5.9,11.07,1.9,267,1.96,187,1 sandwich,116
Cheese Sandwich Reduced Fat American Cheese On Wheat Bread With Mayonnaise,NULL,305,16.19,24,752,27.33,2.8,5.65,12.41,1.9,276,1.71,220,1 sandwich,116
Cheese Sandwich Reduced Fat American Cheese On Whole Wheat Bread With Mayonnaise,NULL,305,16.19,24,752,27.33,2.8,5.65,12.41,1.9,276,1.71,220,1 sandwich,116
Cheese Sandwich Reduced Fat Cheddar Cheese On White Bread With Mayonnaise,NULL,332,18.15,33,557,27.1,1.4,3.1,14.6,0.1,351,1.94,90,1 sandwich,116
Cheese Sandwich Reduced Fat Cheddar Cheese On Wheat Bread With Mayonnaise,NULL,330,18.47,33,544,24.96,2.8,2.84,15.94,0.1,360,1.68,124,1 sandwich,116
Cheese Sandwich Reduced Fat Cheddar Cheese On Whole Wheat Bread With Mayonnaise,NULL,330,18.47,33,544,24.96,2.8,2.84,15.94,0.1,360,1.68,124,1 sandwich,116
Cheese Sandwich American Cheese On White Bread With Butter,NULL,326,18.83,44,796,28.81,1.4,5.2,10.47,2.5,575,2.21,175,1 sandwich,116
Cheese Sandwich American Cheese On Wheat Bread With Butter,NULL,325,19.16,44,783,26.67,2.8,4.94,11.82,2.5,584,1.96,208,1 sandwich,116
Cheese Sandwich American Cheese On Whole Wheat Bread With Butter,NULL,325,19.16,44,783,26.67,2.8,4.94,11.82,2.5,584,1.96,208,1 sandwich,116
Cheese Sandwich Cheddar Cheese On White Bread With Butter,NULL,362,22.54,51,569,26.73,1.4,3.11,12.93,0.4,334,1.92,96,1 sandwich,116
Cheese Sandwich Cheddar Cheese On Wheat Bread With Butter,NULL,360,22.87,51,556,24.59,2.8,2.86,14.27,0.4,343,1.67,129,1 sandwich,116
Cheese Sandwich Cheddar Cheese On Whole Wheat Bread With Butter,NULL,360,22.87,51,556,24.59,2.8,2.86,14.27,0.4,343,1.67,129,1 sandwich,116
Cheese Sandwich Reduced Fat American Cheese On White Bread With Butter,NULL,302,15.59,35,768,29.45,1.4,5.84,11.02,2.1,269,1.94,188,1 sandwich,116
Cheese Sandwich Reduced Fat American Cheese On Wheat Bread With Butter,NULL,301,15.91,35,754,27.31,2.8,5.59,12.37,2.1,277,1.69,221,1 sandwich,116
Cheese Sandwich Reduced Fat American Cheese On Whole Wheat Bread With Butter,NULL,301,15.91,35,754,27.31,2.8,5.59,12.37,2.1,277,1.69,221,1 sandwich,116
Cheese Sandwich Reduced Fat Cheddar Cheese On White Bread With Butter,NULL,327,17.87,43,560,27.08,1.4,3.03,14.55,0.3,353,1.91,91,1 sandwich,116
Cheese Sandwich Reduced Fat Cheddar Cheese On Wheat Bread With Butter,NULL,325,18.2,43,547,24.94,2.8,2.78,15.9,0.3,361,1.66,124,1 sandwich,116
Cheese Sandwich Reduced Fat Cheddar Cheese On Whole Wheat Bread With Butter,NULL,325,18.2,43,547,24.94,2.8,2.78,15.9,0.3,361,1.66,124,1 sandwich,116
Grilled Cheese Sandwich Nfs,NULL,326,18.83,44,796,28.81,1.4,5.2,10.47,2.5,575,2.21,175,1 sandwich,116
Grilled Cheese Sandwich American Cheese On White Bread,NULL,326,18.83,44,796,28.81,1.4,5.2,10.47,2.5,575,2.21,175,1 sandwich,116
Grilled Cheese Sandwich American Cheese On Wheat Bread,NULL,325,19.16,44,783,26.67,2.8,4.94,11.82,2.5,584,1.96,208,1 sandwich,116
Grilled Cheese Sandwich American Cheese On Whole Wheat Bread,NULL,325,19.16,44,783,26.67,2.8,4.94,11.82,2.5,584,1.96,208,1 sandwich,116
Grilled Cheese Sandwich Cheddar Cheese On White Bread,NULL,362,22.54,51,569,26.73,1.4,3.11,12.93,0.4,334,1.92,96,1 sandwich,116
Grilled Cheese Sandwich Cheddar Cheese On Wheat Bread,NULL,360,22.87,51,556,24.59,2.8,2.86,14.27,0.4,343,1.67,129,1 sandwich,116
Grilled Cheese Sandwich Cheddar Cheese On Whole Wheat Bread,NULL,360,22.87,51,556,24.59,2.8,2.86,14.27,0.4,343,1.67,129,1 sandwich,116
Grilled Cheese Sandwich Reduced Fat American Cheese On White Bread,NULL,302,15.59,35,768,29.45,1.4,5.84,11.02,2.1,269,1.94,188,1 sandwich,116
Grilled Cheese Sandwich Reduced Fat American Cheese On Wheat Bread,NULL,301,15.91,35,754,27.31,2.8,5.59,12.37,2.1,277,1.69,221,1 sandwich,116
Grilled Cheese Sandwich Reduced Fat American Cheese On Whole Wheat Bread,NULL,301,15.91,35,754,27.31,2.8,5.59,12.37,2.1,277,1.69,221,1 sandwich,116
Grilled Cheese Sandwich Reduced Fat Cheddar Cheese On White Bread,NULL,327,17.87,43,560,27.08,1.4,3.03,14.55,0.3,353,1.91,91,1 sandwich,116
Grilled Cheese Sandwich Reduced Fat Cheddar Cheese On Wheat Bread,NULL,325,18.2,43,547,24.94,2.8,2.78,15.9,0.3,361,1.66,124,1 sandwich,116
Grilled Cheese Sandwich Reduced Fat Cheddar Cheese On Whole Wheat Bread,NULL,325,18.2,43,547,24.94,2.8,2.78,15.9,0.3,361,1.66,124,1 sandwich,116
Cheese Sauce,Soups and Sauces,160,13.02,8,652,7.66,0.3,0.3,3.24,0.1,73,0.53,24,1 cup,243
Cheese Sauce Made With Lowfat Cheese,Soups and Sauces,125,7.72,25,555,7.05,0.1,3.92,6.83,0.9,202,0.35,150,1 cup,243
Alfredo Sauce,Soups and Sauces,147,15.01,45,540,0.99,0,0.92,2.68,0.5,82,0.08,34,1 cup,260
Alfredo Sauce With Added Vegetables,Soups and Sauces,118,11.56,34,413,1.93,0.3,1.34,2.37,0.4,65,0.25,86,1 cup,260
Alfredo Sauce With Meat,Soups and Sauces,168,15.35,53,513,0.8,0,0.75,6.96,0.4,71,0.52,84,1 cup,260
Alfredo Sauce With Meat And Added Vegetables,Soups and Sauces,145,12.54,44,410,1.57,0.3,1.09,6.72,0.3,58,0.67,127,1 cup,260
Alfredo Sauce With Poultry,Soups and Sauces,152,13.5,53,507,0.8,0,0.75,7.35,0.4,71,0.25,82,1 cup,260
Alfredo Sauce With Poultry And Added Vegetables,Soups and Sauces,128,10.69,45,404,1.57,0.3,1.09,7.1,0.3,57,0.39,124,1 cup,260
Alfredo Sauce With Seafood,Soups and Sauces,142,12.47,65,531,1.36,0,0.75,6.36,0.4,86,0.51,94,1 cup,260
Alfredo Sauce With Seafood And Added Vegetables,Soups and Sauces,119,9.67,56,428,2.12,0.3,1.09,6.12,0.3,73,0.66,137,1 cup,260
Mozzarella Cheese Tomato And Basil With Oil And Vinegar Dressing,Vegetables,139,10.7,18,200,4.18,0.8,2.35,7.18,0.1,204,0.31,202,1 cup,160
Cheddar Cheese Soup Home Recipe Canned Or Ready-To-Serve,Soups and Sauces,67,2.99,5,372,8.11,1.1,4.4,2.02,0.6,77,0.09,88,1 cup,251
Beer Cheese Soup Made With Milk,Soups and Sauces,192,15.33,45,303,6.64,0.3,0.84,6.1,0.3,163,0.37,67,1 cup,245
Meat Nfs,Meats,201,8.3,89,386,0,0,0,29.65,0.1,14,2.96,336,1 oz with bone cooked (yield after bone removed),23
Meat Baby Food Ns As To Type Ns As To Strained Or Junior,Baby Foods,106,5.21,56,45,1.26,0,0,12.86,0.4,34,1.19,164,1 tablespoon,15
Ground Meat Nfs,Meats,260,16.82,87,397,0,0,0,25.54,0,24,2.47,302,1 small patty (3.33 oz raw 5 patties per lb) (yield after cooking),68
Beef Ns As To Cut Cooked Ns As To Fat Eaten,Meats,184,6.75,81,387,0,0,0,29.23,0.1,16,2.38,371,1 oz boneless cooked,28
Beef Ns As To Cut Cooked Lean And Fat Eaten,Meats,235,13.44,87,383,0,0,0,27.06,0.2,17,2.26,341,1 oz boneless cooked,28
Beef Ns As To Cut Cooked Lean Only Eaten,Meats,184,6.75,81,387,0,0,0,29.23,0.1,16,2.38,371,1 oz boneless cooked lean only,28
Steak Ns As To Type Of Meat Cooked Ns As To Fat Eaten,Meats,184,6.75,81,387,0,0,0,29.23,0.1,16,2.38,371,1 oz with bone cooked (yield after bone removed),23
Steak Ns As To Type Of Meat Cooked Lean And Fat Eaten,Meats,235,13.44,87,381,0,0,0,27.06,0.2,17,2.26,326,1 oz with bone cooked (yield after bone removed),23
Steak Ns As To Type Of Meat Cooked Lean Only Eaten,Meats,184,6.75,81,387,0,0,0,29.23,0.1,16,2.38,371,1 oz with bone cooked lean only (yield after bone removed),23
Beef Ns As To Cut Fried Ns To Fat Eaten,Meats,184,6.75,81,387,0,0,0,29.23,0.1,16,2.38,371,1 oz boneless cooked,28
Beef Steak Ns As To Cooking Method Ns As To Fat Eaten,Meats,184,6.75,81,387,0,0,0,29.23,0.1,16,2.38,371,1 oz with bone cooked (yield after bone removed),23
Beef Steak Ns As To Cooking Method Lean And Fat Eaten,Meats,235,13.44,87,383,0,0,0,27.06,0.2,17,2.26,341,1 oz with bone cooked (yield after bone removed),23
Beef Steak Ns As To Cooking Method Lean Only Eaten,Meats,184,6.75,81,387,0,0,0,29.23,0.1,16,2.38,371,1 oz with bone cooked lean only (yield after bone removed),23
Beef Steak Broiled Or Baked Ns As To Fat Eaten,Meats,184,6.75,81,387,0,0,0,29.23,0.1,16,2.38,371,1 oz with bone cooked (yield after bone removed),23
Beef Steak Broiled Or Baked Lean And Fat Eaten,Meats,235,13.44,87,383,0,0,0,27.06,0.2,17,2.26,341,1 oz with bone cooked (yield after bone removed),23
Beef Steak Broiled Or Baked Lean Only Eaten,Meats,184,6.75,81,387,0,0,0,29.23,0.1,16,2.38,371,1 oz with bone cooked lean only (yield after bone removed),23
Beef Steak Fried Ns As To Fat Eaten,Meats,184,6.75,81,387,0,0,0,29.23,0.1,16,2.38,371,1 oz with bone cooked (yield after bone removed),23
Beef Steak Fried Lean And Fat Eaten,Meats,235,13.44,87,383,0,0,0,27.06,0.2,17,2.26,341,1 oz with bone cooked (yield after bone removed),23
Beef Steak Fried Lean Only Eaten,Meats,184,6.75,81,387,0,0,0,29.23,0.1,16,2.38,371,1 oz with bone cooked lean only (yield after bone removed),23
Beef Steak Breaded Or Floured Baked Or Fried Ns As To Fat Eaten,Meats,247,10.91,59,447,12.18,0.7,1.28,25.04,0.2,51,2.53,277,1 oz boneless cooked,28
Beef Steak Breaded Or Floured Baked Or Fried Lean And Fat Eaten,Meats,267,13.37,60,447,12.18,0.7,1.28,24.42,0.2,51,2.52,268,1 oz boneless cooked,28
Beef Steak Breaded Or Floured Baked Or Fried Lean Only Eaten,Meats,247,10.91,59,447,12.18,0.7,1.28,25.04,0.2,51,2.53,277,1 oz with bone cooked lean only (yield after bone removed),27
Beef Steak Battered Fried Ns As To Fat Eaten,Meats,231,11.79,124,273,9.96,0.3,0.07,21.2,0.5,24,2.21,218,1 oz boneless cooked,28
Beef Steak Battered Fried Lean And Fat Eaten,Meats,252,14.2,130,366,11.02,0.4,0.08,19.86,0.5,24,2.2,201,1 oz boneless cooked,28
Beef Steak Battered Fried Lean Only Eaten,Meats,236,12.28,129,367,11.02,0.4,0.08,20.34,0.5,24,2.21,208,1 oz boneless cooked lean only,28
Beef Steak Braised Ns As To Fat Eaten,Meats,251,13.19,105,393,0,0,0,30.8,0.2,13,3.65,261,1 oz with bone cooked (yield after bone removed),22
Beef Steak Braised Lean And Fat Eaten,Meats,251,13.19,105,393,0,0,0,30.8,0.2,13,3.65,261,1 oz with bone cooked (yield after bone removed),22
Beef Steak Braised Lean Only Eaten,Meats,164,5.34,76,395,0,0,0,28.94,0.1,14,2.6,204,1 oz with bone cooked lean only (yield after bone removed),21
Beef Oxtails Cooked,Meats,251,13.19,105,393,0,0,0,30.8,0.2,13,3.65,261,1 oz with bone cooked (yield after bone removed),16
Beef Neck Bones Cooked,Meats,299,19.06,119,372,0,0,0,29.87,0.3,17,2.51,240,1 oz with bone cooked (yield after bone removed),11
Beef Shortribs Cooked Ns As To Fat Eaten,Meats,293,17.98,92,380,0,0,0,30.5,0.3,11,3.34,310,1 small rib (yield after cooking bone removed),28
Beef Shortribs Cooked Lean And Fat Eaten,Meats,467,41.63,93,372,0,0,0,21.39,0.7,12,2.29,222,1 small rib (yield after cooking bone removed),28
Beef Shortribs Cooked Lean Only Eaten,Meats,293,17.98,92,380,0,0,0,30.5,0.3,11,3.34,310,1 small rib (yield after cooking bone and fat removed),22
Beef Shortribs Barbecued With Sauce Ns As To Fat Eaten,Meats,397,30.81,69,357,12.74,0.3,10.39,15.98,0.5,19,1.88,236,1 small rib (yield after cooking bone removed),28
Beef Shortribs Barbecued With Sauce Lean And Fat Eaten,Meats,397,30.81,69,357,12.74,0.3,10.39,15.98,0.5,19,1.88,236,1 small rib (yield after cooking bone removed),28
Beef Shortribs Barbecued With Sauce Lean Only Eaten,Meats,269,13.42,68,363,12.74,0.3,10.39,22.68,0.2,18,2.65,301,1 small rib (yield after cooking bone and fat removed),22
Beef Cow Head Cooked,Meats,257,16.45,86,372,0,0,0,25.89,0.2,13,2.18,269,1 oz boneless cooked,28
Beef Roast Roasted Ns As To Fat Eaten,Meats,167,4.94,75,374,0,0,0,28.57,0,11,2.58,304,"1 thin slice (approx 4-1/2"" x 2-1/2"" x 1/8"")",21
Beef Roast Roasted Lean And Fat Eaten,Meats,159,4.45,76,389,0,0,0,29.65,0,16,2.86,381,"1 thin slice (approx 4-1/2"" x 2-1/2"" x 1/8"")",21
Beef Roast Roasted Lean Only Eaten,Meats,150,3.71,76,417,0,0,0,29.13,0,15,2.35,314,"1 thin slice (approx 4-1/2"" x 2-1/2"" x 1/8"")",21
Beef Pot Roast Braised Or Boiled Ns As To Fat Eaten,Meats,251,13.19,105,393,0,0,0,30.8,0.2,13,3.65,261,"1 thin slice (approx 4-1/2"" x 2-1/2"" x 1/8"")",21
Beef Pot Roast Braised Or Boiled Lean And Fat Eaten,Meats,155,4.34,77,398,0,0,0,29.09,0,13,2.89,212,"1 thin slice (approx 4-1/2"" x 2-1/2"" x 1/8"")",21
Beef Pot Roast Braised Or Boiled Lean Only Eaten,Meats,251,13.19,105,393,0,0,0,30.8,0.2,13,3.65,261,"1 thin slice (approx 4-1/2"" x 2-1/2"" x 1/8"")",21
Beef Stew Meat Cooked Ns As To Fat Eaten,Meats,251,13.19,105,393,0,0,0,30.8,0.2,13,3.65,261,1 oz boneless cooked,28
Beef Stew Meat Cooked Lean And Fat Eaten,Meats,236,10.05,89,367,0,0,0,34.05,0.2,5,3.14,316,1 oz boneless cooked,28
Beef Stew Meat Cooked Lean Only Eaten,Meats,251,13.19,105,393,0,0,0,30.8,0.2,13,3.65,261,1 oz boneless cooked lean only,28
Beef Brisket Cooked Ns As To Fat Eaten,Meats,216,10,92,392,0,0,0,29.5,0.2,6,2.79,283,"1 thin slice (approx 4-1/2"" x 2-1/2"" x 1/8"")",21
Beef Brisket Cooked Lean And Fat Eaten,Meats,289,19.36,92,387,0,0,0,26.57,0.3,7,2.51,257,"1 thin slice (approx 4-1/2"" x 2-1/2"" x 1/8"")",21
Beef Brisket Cooked Lean Only Eaten,Meats,216,10,92,392,0,0,0,29.5,0.2,6,2.79,283,"1 thin slice (approx 4-1/2"" x 2-1/2"" x 1/8"")",21
Beef Sandwich Steak Flaked Formed Thinly Sliced,Meats,329,27.81,73,52,0,0,0,18.41,0.4,8,1.88,234,1 sandwich steak,41
Ground Beef Raw,Meats,247,19.07,71,66,0,0,0,17.44,0.1,17,1.97,274,1 oz,28
Ground Beef Cooked,Meats,260,16.82,87,397,0,0,0,25.54,0,24,2.47,302,1 oz cooked,28
Ground Beef Patty Cooked,Meats,272,18.18,87,383,0,0,0,25.45,0,27,2.41,294,1 miniature patty,20
Beef Dried Chipped Cooked In Fat,Meats,229,11.9,81,2507,2.48,0,2.43,27.94,0.3,7,2.17,211,1 oz cooked,28
Pork Ns As To Cut Cooked Ns As To Fat Eaten,Meats,211,10.5,84,514,0,0,0,27.69,0.5,8,0.51,459,1 oz boneless raw (yield after cooking),20
Pork Ns As To Cut Cooked Lean And Fat Eaten,Meats,211,10.5,84,514,0,0,0,27.69,0.5,8,0.51,459,1 oz boneless raw (yield after cooking),20
Pork Ns As To Cut Cooked Lean Only Eaten,Meats,164,4.55,81,525,0.09,0,0,29.13,0.4,6,0.51,486,1 oz boneless raw lean only (yield after cooking),20
Pork Ns As To Cut Fried Ns As To Fat Eaten,Meats,211,10.5,84,514,0,0,0,27.69,0.5,8,0.51,459,1 oz boneless raw (yield after cooking),21
Pork Ns As To Cut Fried Lean And Fat Eaten,Meats,211,10.5,84,514,0,0,0,27.69,0.5,8,0.51,459,1 oz boneless raw (yield after cooking),21
Pork Ns As To Cut Fried Lean Only Eaten,Meats,164,4.55,81,525,0.09,0,0,29.13,0.4,6,0.51,486,1 oz boneless raw lean only (yield after cooking),21
Pork Ns As To Cut Breaded Or Floured Fried Ns As To Fat Eaten,Meats,270,11.07,97,552,16.28,1,1.43,25.03,0.5,51,1.64,404,1 oz boneless raw (yield after cooking),25
Pork Ns As To Cut Breaded Or Floured Fried Lean And Fat Eaten,Meats,304,15.31,99,545,16.21,1,1.43,24,0.6,52,1.64,385,1 oz boneless raw (yield after cooking),25
Pork Ns As To Cut Breaded Or Floured Fried Lean Only Eaten,Meats,270,11.07,97,552,16.28,1,1.43,25.03,0.5,51,1.64,404,1 oz boneless raw lean only (yield after cooking),24
Pork Ground Or Patty Cooked,Meats,295,20.6,93,395,0,0,0,25.48,0.5,22,1.28,359,1 oz raw (yield after cooking),20
Pork Ground Or Patty Breaded Cooked,Meats,333,22.72,67,388,10.54,0.6,1.25,20.3,0.4,50,1.61,295,1 oz raw (yield after cooking),25
Pork Chop Ns As To Cooking Method Ns As To Fat Eaten,Meats,211,10.5,84,514,0,0,0,27.69,0.5,8,0.51,459,1 small or thin cut (3 oz with bone raw) (yield after cooking bone removed),47
Pork Chop Ns As To Cooking Method Lean And Fat Eaten,Meats,211,10.5,84,514,0,0,0,27.69,0.5,8,0.51,459,1 small or thin cut (3 oz with bone raw) (yield after cooking bone removed),47
Pork Chop Ns As To Cooking Method Lean Only Eaten,Meats,164,4.55,81,525,0.09,0,0,29.13,0.4,6,0.51,486,1 small or thin cut (3 oz with bone raw) (yield after cooking bone and fat removed),43
Pork Chop Broiled Or Baked Ns As To Fat Eaten,Meats,211,10.5,84,514,0,0,0,27.69,0.5,8,0.51,459,1 small or thin cut (3 oz with bone raw) (yield after cooking bone removed),49
Pork Chop Broiled Or Baked Lean And Fat Eaten,Meats,211,10.5,84,514,0,0,0,27.69,0.5,8,0.51,459,1 small or thin cut (3 oz with bone raw) (yield after cooking bone removed),49
Pork Chop Broiled Or Baked Lean Only Eaten,Meats,164,4.55,81,525,0.09,0,0,29.13,0.4,6,0.51,486,1 small or thin cut (3 oz with bone raw) (yield after cooking bone and fat removed),46
Pork Chop Breaded Or Floured Broiled Or Baked Ns As To Fat Eaten,Meats,239,10.21,77,631,8.4,0.6,0.7,26.87,0.4,29,1.06,445,1 small or thin cut (3 oz with bone raw) (yield after cooking bone removed),54
Pork Chop Breaded Or Floured Broiled Or Baked Lean And Fat Eaten,Meats,239,10.21,77,631,8.4,0.6,0.7,26.87,0.4,29,1.06,445,1 small or thin cut (3 oz with bone raw) (yield after cooking bone removed),54
Pork Chop Breaded Or Floured Broiled Or Baked Lean Only Eaten,Meats,196,4.8,74,640,8.48,0.6,0.7,28.19,0.4,28,1.07,470,1 small or thin cut (3 oz with bone raw) (yield after cooking bone and fat removed),50
Pork Chop Fried Ns As To Fat Eaten,Meats,211,10.5,84,514,0,0,0,27.69,0.5,8,0.51,459,1 small or thin cut (3 oz with bone raw) (yield after cooking bone removed),44
Pork Chop Fried Lean And Fat Eaten,Meats,211,10.5,84,514,0,0,0,27.69,0.5,8,0.51,459,1 small or thin cut (3 oz with bone raw) (yield after cooking bone removed),44
Pork Chop Fried Lean Only Eaten,Meats,164,4.55,81,525,0.09,0,0,29.13,0.4,6,0.51,486,1 small or thin cut (3 oz with bone raw) (yield after cooking bone and fat removed),37
Pork Chop Breaded Or Floured Fried Ns As To Fat Eaten,Meats,304,15.31,99,545,16.21,1,1.43,24,0.6,52,1.64,385,1 small or thin cut (3 oz with bone raw) (yield after cooking bone removed),52
Pork Chop Breaded Or Floured Fried Lean And Fat Eaten,Meats,304,15.31,99,545,16.21,1,1.43,24,0.6,52,1.64,385,1 small or thin cut (3 oz with bone raw) (yield after cooking bone removed),52
Pork Chop Breaded Or Floured Fried Lean Only Eaten,Meats,270,11.07,97,552,16.28,1,1.43,25.03,0.5,51,1.64,404,1 small or thin cut (3 oz with bone raw) (yield after cooking bone and fat removed),44
Pork Chop Battered Fried Ns As To Fat Eaten,Meats,281,14.97,70,420,12.78,0.4,1.52,22.6,0.4,38,1.13,374,1 small or thin cut (3 oz with bone raw) (yield after cooking bone removed),52
Pork Chop Battered Fried Lean And Fat Eaten,Meats,281,14.97,70,420,12.78,0.4,1.52,22.6,0.4,38,1.13,374,1 small or thin cut (3 oz with bone raw) (yield after cooking bone removed),52
Pork Chop Battered Fried Lean Only Eaten,Meats,246,10.57,68,427,12.84,0.4,1.52,23.67,0.3,37,1.14,394,1 small or thin cut (3 oz with bone raw) (yield after cooking bone and fat removed),44
Pork Chop Stewed Ns As To Fat Eaten,Meats,211,10.5,84,486,0,0,0,27.69,0.5,8,0.63,405,1 small or thin cut (3 oz with bone raw) (yield after cooking bone removed),50
Pork Chop Stewed Lean And Fat Eaten,Meats,211,10.5,84,486,0,0,0,27.69,0.5,8,0.63,405,1 small or thin cut (3 oz with bone raw) (yield after cooking bone removed),50
Pork Chop Stewed Lean Only Eaten,Meats,164,4.55,81,494,0.09,0,0,29.13,0.4,6,0.64,429,1 small or thin cut (3 oz with bone raw) (yield after cooking bone and fat removed),45
Pork Steak Or Cutlet Ns As To Cooking Method Ns As To Fat Eaten,Meats,239,15.86,82,491,0.06,0,0,22.96,0.8,16,1.14,382,1 oz with bone raw (yield after cooking bone removed),15
Pork Steak Or Cutlet Ns As To Cooking Method Lean And Fat Eaten,Meats,239,15.86,82,491,0.06,0,0,22.96,0.8,16,1.14,382,1 oz with bone raw (yield after cooking bone removed),15
Pork Steak Or Cutlet Ns As To Cooking Method Lean Only Eaten,Meats,171,7.42,79,498,0.07,0,0,24.61,0.8,14,1.22,408,1 oz with bone cooked lean only (yield after bone removed),21
Pork Steak Or Cutlet Battered Fried Ns As To Fat Eaten,Meats,271,17.53,74,424,7.62,0.2,1.32,19.87,0.7,41,1.36,335,1 oz with bone raw (yield after cooking bone removed),18
Pork Steak Or Cutlet Battered Fried Lean And Fat Eaten,Meats,271,17.53,74,424,7.62,0.2,1.32,19.87,0.7,41,1.36,335,1 oz with bone raw (yield after cooking bone removed),18
Pork Steak Or Cutlet Battered Fried Lean Only Eaten,Meats,216,10.76,72,429,7.63,0.2,1.32,21.19,0.6,39,1.43,356,1 oz with bone raw (yield after cooking bone and fat removed),16
Pork Steak Or Cutlet Broiled Or Baked Ns As To Fat Eaten,Meats,239,15.86,82,491,0.06,0,0,22.96,0.8,16,1.14,382,1 oz with bone raw (yield after cooking bone removed),15
Pork Steak Or Cutlet Broiled Or Baked Lean And Fat Eaten,Meats,239,15.86,82,491,0.06,0,0,22.96,0.8,16,1.14,382,1 oz with bone raw (yield after cooking bone removed),15
Pork Steak Or Cutlet Broiled Or Baked Lean Only Eaten,Meats,171,7.42,79,498,0.07,0,0,24.61,0.8,14,1.22,408,1 oz with bone cooked lean only (yield after bone removed),21
Pork Steak Or Cutlet Fried Ns As To Fat Eaten,Meats,239,15.86,82,491,0.06,0,0,22.96,0.8,16,1.14,382,1 oz with bone raw (yield after cooking bone removed),15
Pork Steak Or Cutlet Fried Lean And Fat Eaten,Meats,239,15.86,82,491,0.06,0,0,22.96,0.8,16,1.14,382,1 oz with bone raw (yield after cooking bone removed),15
Pork Steak Or Cutlet Fried Lean Only Eaten,Meats,171,7.42,79,498,0.07,0,0,24.61,0.8,14,1.22,408,1 oz with bone raw (yield after cooking bone and fat removed),13
Pork Steak Or Cutlet Breaded Or Floured Broiled Or Baked Ns As To Fat Eaten,Meats,264,14.79,75,491,9.15,0.4,0.4,22.3,0.8,27,1.62,366,1 oz with bone raw (yield after cooking bone removed),18
Pork Steak Or Cutlet Breaded Or Floured Broiled Or Baked Lean And Fat Eaten,Meats,264,14.79,75,491,9.15,0.4,0.4,22.3,0.8,27,1.62,366,1 oz with bone raw (yield after cooking bone removed),18
Pork Steak Or Cutlet Breaded Or Floured Broiled Or Baked Lean Only Eaten,Meats,202,7.12,72,497,9.15,0.4,0.4,23.8,0.7,25,1.69,389,1 oz with bone raw (yield after cooking bone and fat removed),16
Pork Steak Or Cutlet Breaded Or Floured Fried Ns As To Fat Eaten,Meats,305,16.65,99,539,16.61,1,1.46,21.08,0.8,59,2.13,338,1 oz with bone raw (yield after cooking bone removed),18
Pork Steak Or Cutlet Breaded Or Floured Fried Lean And Fat Eaten,Meats,324,19.12,97,528,16.26,1,1.43,20.64,0.8,58,2.09,330,1 oz with bone raw (yield after cooking bone removed),18
Pork Steak Or Cutlet Breaded Or Floured Fried Lean Only Eaten,Meats,275,13.11,95,533,16.26,1,1.43,21.81,0.7,57,2.14,349,1 oz with bone cooked lean only (yield after bone removed),21
Pork Tenderloin Cooked Ns As To Cooking Method,Meats,154,4.33,72,594,0,0,0,26.9,0.3,6,0.99,536,1 oz boneless raw (yield after cooking),21
Pork Tenderloin Breaded Fried,Meats,294,15.55,84,564,15.22,0.9,1.34,22,0.4,48,1.86,412,1 oz boneless raw (yield after cooking),25
Pork Tenderloin Braised,Meats,142,2.8,71,550,0,0,0,27.24,0.3,5,1.25,480,1 oz boneless raw (yield after cooking),20
Pork Tenderloin Baked,Meats,154,4.33,72,594,0,0,0,26.9,0.3,6,0.99,536,1 oz boneless raw (yield after cooking),21
Pork Tenderloin Battered Fried,Meats,193,7.07,65,509,7.57,0.2,1.32,23.29,0.3,32,1.25,464,1 oz boneless raw (yield after cooking),25
Ham Fried Ns As To Fat Eaten,Meats,187,11.41,52,1129,1.28,0,1.09,19.16,0.8,7,1.05,319,"1 thin slice (approx 4-1/2"" x 2-1/2"" x 1/8"")",21
Ham Fried Lean And Fat Eaten,Meats,187,11.41,52,1129,1.28,0,1.09,19.16,0.8,7,1.05,319,"1 thin slice (approx 4-1/2"" x 2-1/2"" x 1/8"")",21
Ham Fried Lean Only Eaten,Meats,177,9.77,50,1221,1,0,1,20.55,0.8,7,0.84,297,"1 thin slice (approx 4-1/2"" x 2-1/2"" x 1/8"")",21
Ham Breaded Or Floured Fried Ns As To Fat Eaten,Meats,200,10.42,62,1037,7.34,0.3,1.35,18.36,0.7,20,1.4,299,"1 thin slice (approx 4-1/2"" x 2-1/2"" x 1/8"")",21
Ham Breaded Or Floured Fried Lean And Fat Eaten,Meats,200,10.42,62,1037,7.34,0.3,1.35,18.36,0.7,20,1.4,299,"1 thin slice (approx 4-1/2"" x 2-1/2"" x 1/8"")",21
Ham Breaded Or Floured Fried Lean Only Eaten,Meats,191,9.11,61,1135,6.79,0.4,1.4,19.66,0.8,24,1.21,282,"1 thin slice (approx 4-1/2"" x 2-1/2"" x 1/8"")",21
Ham Fresh Cooked Ns As To Fat Eaten,Meats,271,17.46,93,382,0,0,0,26.61,0.8,14,1,349,"1 thin slice (approx 4-1/2"" x 2-1/2"" x 1/8"")",21
Ham Fresh Cooked Lean And Fat Eaten,Meats,271,17.46,93,382,0,0,0,26.61,0.8,14,1,349,"1 thin slice (approx 4-1/2"" x 2-1/2"" x 1/8"")",21
Ham Fresh Cooked Lean Only Eaten,Meats,209,9.36,93,386,0,0,0,29.16,0.9,7,1.11,370,"1 thin slice (approx 4-1/2"" x 2-1/2"" x 1/8"")",21
Ham Smoked Or Cured Cooked Ns As To Fat Eaten,Meats,149,6.7,55,1348,1.19,0,1.04,20.09,0.8,8,1.11,351,"1 thin slice (approx 4-1/2"" x 2-1/2"" x 1/8"")",21
Ham Smoked Or Cured Cooked Lean And Fat Eaten,Meats,149,6.7,55,1348,1.19,0,1.04,20.09,0.8,8,1.11,351,"1 thin slice (approx 4-1/2"" x 2-1/2"" x 1/8"")",21
Ham Smoked Or Cured Cooked Lean Only Eaten,Meats,139,4.95,53,1286,1.05,0,1.05,21.64,0.8,7,0.88,313,"1 thin slice (approx 4-1/2"" x 2-1/2"" x 1/8"")",21
Ham Smoked Or Cured Canned Ns As To Fat Eaten,Meats,132,6.17,43,1231,1,0,1,17.46,0.6,7,0.87,322,"1 thin slice (approx 4-1/2"" x 2-1/2"" x 1/8"")",21
Ham Smoked Or Cured Canned Lean And Fat Eaten,Meats,132,6.17,43,1231,1,0,1,17.46,0.6,7,0.87,322,"1 thin slice (approx 4-1/2"" x 2-1/2"" x 1/8"")",21
Ham Smoked Or Cured Canned Lean Only Eaten,Meats,117,4.31,43,1223,1,0,1,17.8,1.5,7,0.89,340,"1 thin slice (approx 4-1/2"" x 2-1/2"" x 1/8"")",21
Pork Roast Ns As To Cut Cooked Ns As To Fat Eaten,Meats,246,14.53,81,381,0,0,0,26.86,1,19,0.98,405,"1 thin slice (approx 4-1/2"" x 2-1/2"" x 1/8"")",21
Pork Roast Ns As To Cut Cooked Lean And Fat Eaten,Meats,246,14.53,81,381,0,0,0,26.86,1,19,0.98,405,"1 thin slice (approx 4-1/2"" x 2-1/2"" x 1/8"")",21
Pork Roast Ns As To Cut Cooked Lean Only Eaten,Meats,207,9.55,80,380,0,0,0,28.38,0.7,18,1.08,422,"1 thin slice (approx 4-1/2"" x 2-1/2"" x 1/8"")",21
Pork Roast Loin Cooked Ns As To Fat Eaten,Meats,246,14.53,81,381,0,0,0,26.86,1,19,0.98,405,"1 thin slice (approx 4-1/2"" x 2-1/2"" x 1/8"")",21
Pork Roast Loin Cooked Lean And Fat Eaten,Meats,246,14.53,81,381,0,0,0,26.86,1,19,0.98,405,"1 thin slice (approx 4-1/2"" x 2-1/2"" x 1/8"")",21
Pork Roast Loin Cooked Lean Only Eaten,Meats,207,9.55,80,380,0,0,0,28.38,0.7,18,1.08,422,"1 thin slice (approx 4-1/2"" x 2-1/2"" x 1/8"")",21
Fried Pork Chunks Puerto Rican Style,Meats,257,11.35,109,489,0.86,0.1,0.03,35.33,0.7,15,0.74,529,"1 piece (2-1/2"" x 2"" x 1"")",38
Pork Roast Shoulder Cooked Ns As To Fat Eaten,Meats,290,21.21,89,390,0,0,0,23.09,1.5,24,1.31,326,"1 thin slice (approx 3"" dia x 1/8"")",14
Pork Roast Shoulder Cooked Lean And Fat Eaten,Meats,290,21.21,89,390,0,0,0,23.09,1.5,24,1.31,326,"1 thin slice (approx 3"" dia x 1/8"")",14
Pork Roast Shoulder Cooked Lean Only Eaten,Meats,228,13.43,89,397,0,0,0,25.12,1,18,1.49,343,"1 thin slice (approx 3"" dia x 1/8"")",14
Pork Roll Cured Fried,Meats,329,28.39,69,1377,4.49,0,0,13.07,0.6,0,0.63,399,1 slice (1 oz),28
Salt Pork Cooked,Meats,750,81.93,84,2042,0,0,0,2.68,2.1,10,0.19,48,"1 slice (2-1/4"" x 1-3/4"" x 1/4"")",26
Fat Back Cooked,Fats and Oils,750,81.93,84,2042,0,0,0,2.68,2.1,10,0.19,48,"1 slice (2-1/4"" x 1-3/4"" x 1/4"")",26
Pork Spareribs Cooked Ns As To Fat Eaten,Meats,394,30.05,120,415,0,0,0,28.82,2.6,47,1.84,317,1 small rib (yield after cooking bone removed),25
Pork Spareribs Cooked Lean And Fat Eaten,Meats,394,30.05,120,415,0,0,0,28.82,2.6,47,1.84,317,1 small rib (yield after cooking bone removed),25
Pork Spareribs Cooked Lean Only Eaten,Meats,206,9.24,78,394,0,0,0,28.79,0.8,51,0.87,275,1 small rib (yield after cooking bone and fat removed),18
Pork Spareribs Barbecued With Sauce Ns As To Fat Eaten,Meats,343,22.29,88,389,12.74,0.3,10.39,21.45,1.9,45,1.55,306,1 small rib (yield after cooking bone removed),29
Pork Spareribs Barbecued With Sauce Lean And Fat Eaten,Meats,343,22.29,88,389,12.74,0.3,10.39,21.45,1.9,45,1.55,306,1 small rib (yield after cooking bone removed),29
Pork Spareribs Barbecued With Sauce Lean Only Eaten,Meats,224,9.82,73,365,12.74,0.3,10.39,19.63,0.8,29,1.55,304,1 small rib (yield after cooking bone and fat removed),21
Pork Ears Tail Head Snout Miscellaneous Parts Cooked,Meats,236,13.77,87,379,0,0,0,26.14,0.9,20,1.1,338,1 ear (yield after cooking),111
Pork Neck Bones Cooked,Meats,182,7.96,68,666,0,0,0,25.85,1,14,1.02,337,1 neckbone (yield after cooking bone removed),47
Pork Pig's Feet Cooked,Meats,236,15.92,106,395,0,0,0,21.76,0,0,0.98,33,1 foot (yield after cooking bone removed),87
Pork Pig's Hocks Cooked,Meats,233,14.21,85,418,0,0,0,24.67,1.1,16,0.92,354,1 ham hock (yield after cooking bone removed),51
Pork Skin Boiled,Meats,621,65.55,78,378,0,0,0,7,1.8,22,0.46,124,1 slice,33
Lamb Ns As To Cut Cooked,Meats,292,20.77,96,394,0,0,0,24.32,0.1,17,1.87,307,1 oz with bone cooked (yield after bone removed),20
Lamb Chop Ns As To Cut Cooked Ns As To Fat Eaten,Meats,313,22.89,99,399,0,0,0,24.96,0.1,20,1.8,324,1 small (4 oz with bone raw) (yield after cooking bone removed),72
Lamb Chop Ns As To Cut Cooked Lean And Fat Eaten,Meats,313,22.89,99,399,0,0,0,24.96,0.1,20,1.8,324,1 small (4 oz with bone raw) (yield after cooking bone removed),72
Lamb Chop Ns As To Cut Cooked Lean Only Eaten,Meats,214,9.65,94,406,0,0,0,29.74,0.1,19,1.99,373,1 small (4 oz with bone raw) (yield after cooking bone and fat removed),52
Lamb Loin Chop Cooked Ns As To Fat Eaten,Meats,313,22.89,99,399,0,0,0,24.96,0.1,20,1.8,324,1 small (4 oz with bone raw) (yield after cooking bone removed),71
Lamb Loin Chop Cooked Lean And Fat Eaten,Meats,313,22.89,99,399,0,0,0,24.96,0.1,20,1.8,324,1 small (4 oz with bone raw) (yield after cooking bone removed),71
Lamb Loin Chop Cooked Lean Only Eaten,Meats,214,9.65,94,406,0,0,0,29.74,0.1,19,1.99,373,1 small (4 oz with bone raw) (yield after cooking bone and fat removed),50
Lamb Shoulder Chop Cooked Ns As To Fat Eaten,Meats,274,19.8,91,388,0,0,0,22.32,0.1,20,1.96,249,1 small (5.5 oz with bone raw) (yield after cooking bone removed),100
Lamb Shoulder Chop Cooked Lean And Fat Eaten,Meats,274,19.8,91,388,0,0,0,22.32,0.1,20,1.96,249,1 small (5.5 oz with bone raw) (yield after cooking bone removed),100
Lamb Shoulder Chop Cooked Lean Only Eaten,Meats,202,10.68,86,390,0,0,0,24.73,0.1,19,2.12,263,1 small (5.5 oz with bone raw) (yield after cooking bone and fat removed),72
Lamb Ribs Cooked Lean Only Eaten,Meats,233,12.84,90,407,0,0,0,27.51,0.1,16,2.19,310,1 rib (yield after cooking bone and fat removed),25
Lamb Ribs Cooked Ns As To Fat Eaten,Meats,358,29.34,98,398,0,0,0,21.95,0.1,19,1.87,268,1 rib (yield after cooking bone removed),46
Lamb Ribs Cooked Lean And Fat Eaten,Meats,358,29.34,98,398,0,0,0,21.95,0.1,19,1.87,268,1 rib (yield after cooking bone removed),46
Lamb Hocks Cooked,Meats,241,13.35,105,394,0,0,0,28.13,0.1,20,2.12,255,1 oz with bone cooked (yield after bone removed),19
Lamb Roast Cooked Ns As To Fat Eaten,Meats,265,18.07,92,388,0,0,0,23.83,0.1,16,1.96,280,"1 thin slice (approx 3"" dia x 1/8"")",14
Lamb Roast Cooked Lean And Fat Eaten,Meats,265,18.07,92,388,0,0,0,23.83,0.1,16,1.96,280,"1 thin slice (approx 3"" dia x 1/8"")",14
Lamb Roast Cooked Lean Only Eaten,Meats,196,9.18,87,390,0,0,0,26.4,0.1,14,2.11,299,"1 thin slice (approx 3"" dia x 1/8"")",14
Lamb Ground Or Patty Cooked,Meats,281,19.49,96,403,0,0,0,24.54,0.1,22,1.78,336,1 patty (4 oz raw) (yield after cooking),77
Goat Boiled,Meats,142,3,74,408,0,0,0,26.87,0,17,3.7,402,1 oz boneless cooked,28
Goat Fried,Meats,153,4.52,73,402,0,0,0,26.46,0,17,3.64,395,1 oz boneless cooked,28
Goat Baked,Meats,142,3,74,408,0,0,0,26.87,0,17,3.7,402,1 oz boneless cooked,28
Goat Head Cooked,Meats,144,5.46,1064,415,0.48,0,0,21.82,0,14,3.23,349,1 oz boneless cooked,28
Goat Ribs Cooked,Meats,142,3,74,408,0,0,0,26.87,0,17,3.7,402,1 rib (yield after cooking bone removed),46
Veal Ns As To Cut Cooked Ns As To Fat Eaten,Meats,229,11.3,113,409,0,0,0,29.85,0,22,1.14,322,1 oz with bone cooked (yield after bone removed),23
Veal Ns As To Cut Cooked Lean And Fat Eaten,Meats,229,11.3,113,409,0,0,0,29.85,0,22,1.14,322,1 oz with bone cooked (yield after bone removed),23
Veal Ns As To Cut Cooked Lean Only Eaten,Meats,194,6.52,117,411,0,0,0,31.63,0,24,1.15,335,1 oz with bone cooked lean only (yield after bone removed),22
Veal Chop Ns As To Cooking Method Ns As To Fat Eaten,Meats,215,12.22,102,415,0,0,0,24.59,0,19,0.87,322,1 small (4.75 oz with bone raw) (yield after cooking bone removed),78
Veal Chop Ns As To Cooking Method Lean And Fat Eaten,Meats,215,12.22,102,415,0,0,0,24.59,0,19,0.87,322,1 small chop (4.75 oz with bone raw) (yield after cooking bone removed),78
Veal Chop Ns As To Cooking Method Lean Only Eaten,Meats,174,6.88,105,418,0,0,0,26.1,0,21,0.85,337,1 small chop (4.75 oz with bone raw) (yield after cooking bone and fat removed),62
Veal Chop Broiled Ns As To Fat Eaten,Meats,215,12.22,102,415,0,0,0,24.59,0,19,0.87,322,1 small chop (4.75 oz with bone raw) (yield after cooking bone removed),78
Veal Chop Broiled Lean And Fat Eaten,Meats,215,12.22,102,415,0,0,0,24.59,0,19,0.87,322,1 small chop (4.75 oz with bone raw) (yield after cooking bone removed),78
Veal Chop Broiled Lean Only Eaten,Meats,174,6.88,105,418,0,0,0,26.1,0,21,0.85,337,1 small chop (4.75 oz with bone raw) (yield after cooking bone and fat removed),62
Veal Cutlet Or Steak Ns As To Cooking Method Ns As To Fat Eaten,Meats,209,7.28,119,394,0,0,0,33.67,0,7,1.09,401,1 oz boneless cooked,28
Veal Cutlet Or Steak Ns As To Cooking Method Lean And Fat Eaten,Meats,209,6.28,133,389,0,0,0,35.86,0,8,1.31,380,1 oz boneless cooked,28
Veal Cutlet Or Steak Ns As To Cooking Method Lean Only Eaten,Meats,181,4.58,106,399,0,0,0,32.89,0,7,0.87,438,1 oz boneless cooked lean only,28
Veal Cutlet Or Steak Broiled Ns As To Fat Eaten,Meats,159,4.61,102,390,0,0,0,27.47,0,6,0.9,386,1 oz boneless cooked,28
Veal Cutlet Or Steak Broiled Lean And Fat Eaten,Meats,159,4.61,102,390,0,0,0,27.47,0,6,0.9,386,1 oz boneless cooked,28
Veal Cutlet Or Steak Broiled Lean Only Eaten,Meats,181,4.58,106,399,0,0,0,32.89,0,7,0.87,438,1 oz boneless cooked lean only,28
Veal Cutlet Or Steak Fried Lean Only Eaten,Meats,181,4.58,106,399,0,0,0,32.89,0,7,0.87,438,1 oz boneless cooked lean only,28
Veal Roasted Ns As To Fat Eaten,Meats,229,11.3,113,409,0,0,0,29.85,0,22,1.14,322,"1 thin slice (approx 4-1/2"" x 2-1/2"" x 1/8"")",21
Veal Roasted Lean And Fat Eaten,Meats,229,11.3,113,409,0,0,0,29.85,0,22,1.14,322,"1 thin slice (approx 4-1/2"" x 2-1/2"" x 1/8"")",21
Veal Roasted Lean Only Eaten,Meats,174,6.88,105,418,0,0,0,26.1,0,21,0.85,337,"1 thin slice (approx 4-1/2"" x 2-1/2"" x 1/8"")",21
Veal Ground Or Patty Cooked,Meats,171,7.5,102,405,0,0,0,24.18,0,17,0.98,334,1 small patty (3.2 oz raw 5 patties per lb) (yield after cooking),54
Mock Chicken Legs Cooked,Meats,234,13.79,87,579,5.27,0.2,0.02,20.75,0.2,22,1.13,286,1 oz cooked,28
Veal Patty Breaded Cooked,Meats,283,17.11,79,432,8.63,0.5,0.75,22.23,1.8,38,1.43,235,1 small patty (3.2 oz raw 5 patties per lb) (yield after cooking),64
Rabbit Ns As To Domestic Or Wild Cooked,Meats,205,8.38,86,199,0,0,0,30.25,0,20,2.36,299,1 oz with bone cooked (yield after bone removed),22
Rabbit Domestic Ns As To Cooking Method,Meats,205,8.38,86,199,0,0,0,30.25,0,20,2.36,299,1 oz with bone cooked (yield after bone removed),22
Rabbit Ns As To Domestic Or Wild Breaded Fried,Meats,248,12.16,76,330,5.06,0.3,0.44,27.65,0,31,2.43,278,1 oz boneless cooked,28
Rabbit Wild Cooked,Meats,172,3.5,122,207,0,0,0,32.88,0,18,4.83,342,1 oz with bone cooked (yield after bone removed),23
Venison/deer Nfs,Meats,190,3.93,112,268,0,0,0,36.08,0,6,4.98,311,1 oz boneless cooked,28
Venison/deer Cured,Meats,187,4.08,110,1201,0,0,0,35.11,0,7,4.86,303,1 oz boneless cooked,28
Venison/deer Roasted,Meats,190,3.93,112,268,0,0,0,36.08,0,6,4.98,311,1 oz boneless cooked,28
Venison/deer Steak Cooked Ns As To Cooking Method,Meats,150,2.61,78,476,0,0,0,29.8,0,6,4.04,393,1 oz boneless cooked,28
Venison/deer Steak Breaded Or Floured Cooked Ns As To Cooking Method,Meats,224,7.68,86,223,12.38,0.8,1.09,24.88,0.2,40,3.9,329,1 oz boneless cooked,28
Venison/deer Jerky,Meats,396,22.36,129,2959,14.78,0,14.75,32.2,0.3,17,4.35,391,"1 strip or stick (4"" long)",14
Deer Chop Cooked,Meats,193,8.28,73,449,0,0,0,28.06,0,6,3.81,370,1 oz with bone cooked (yield after bone removed),23
Venison/deer Ribs Cooked,Meats,190,3.93,112,268,0,0,0,36.08,0,6,4.98,311,1 oz with bone raw (yield after cooking bone removed),17
Venison/deer Stewed,Meats,190,3.93,112,268,0,0,0,36.08,0,6,4.98,311,1 oz boneless cooked,28
Moose Cooked,Meats,133,0.97,78,231,0,0,0,29.15,0,6,4.2,333,1 oz boneless cooked,28
Bear Cooked,Meats,258,13.33,98,233,0,0,0,32.28,0,5,10.69,262,1 oz boneless cooked,28
Caribou Cooked,Meats,166,4.4,109,222,0,0,0,29.64,0,22,6.15,309,1 oz boneless cooked,28
Bison Cooked,Meats,142,2.41,82,219,0,0,0,28.32,0,8,3.41,360,1 cup cooked,134
Ground Hog Cooked,Meats,234,13.6,83,217,0,0,0,25.96,0.9,20,0.93,344,1 oz with bone cooked (yield after bone removed),23
Opossum Cooked,Meats,220,10.16,128,220,0,0,0,30.07,0,17,4.62,436,1 oz with bone cooked (yield after bone removed),23
Squirrel Cooked,Meats,172,4.67,120,281,0,0,0,30.64,0,3,6.78,351,1 oz with bone cooked (yield after bone removed),23
Beaver Cooked,Meats,211,6.93,117,221,0,0,0,34.7,0,22,9.96,401,1 oz boneless cooked,28
Raccoon Cooked,Meats,254,14.44,97,241,0,0,0,29.08,0,14,7.07,396,1 oz boneless cooked,28
Armadillo Cooked,Meats,159,4.36,77,222,0,0,0,28.18,0,16,1.12,394,1 oz boneless cooked,28
Wild Pig Smoked,Meats,157,4.3,76,744,0,0,0,27.8,0,16,1.11,389,1 oz boneless cooked,28
Ostrich Cooked,Meats,174,7.01,82,402,0,0,0,25.93,0.1,8,3.4,320,1 oz cooked,28
Lamb Baby Food Strained,Baby Foods,87,3.41,36,43,0.85,0,0,14.07,0.1,7,1.19,193,1 tablespoon,15
Chicken Ns As To Part And Cooking Method Ns As To Skin Eaten,Meats,164,6.36,112,345,0,0,0,26.79,0,14,0.73,279,1 cup cooked diced,135
Chicken Ns As To Part And Cooking Method Skin Eaten,Meats,196,10.65,113,343,0.1,0,0.1,25.07,0,17,0.74,270,1 cup cooked diced,135
Chicken Ns As To Part And Cooking Method Skin Not Eaten,Meats,164,6.36,112,345,0,0,0,26.79,0,14,0.73,279,1 cup cooked diced,135
Chicken Ns As To Part Baked Broiled Or Roasted Ns As To Skin Eaten,Meats,165,5.32,115,353,0,0,0,27.32,0.1,8,0.79,311,1 cup cooked diced,135
Chicken Ns As To Part Baked Broiled Or Roasted Skin Eaten,Meats,203,10.8,114,339,0,0,0,24.7,0.1,9,0.81,273,1 cup cooked diced,135
Chicken Ns As To Part Baked Broiled Or Roasted Skin Not Eaten,Meats,165,5.32,115,353,0,0,0,27.32,0.1,8,0.79,311,1 cup cooked diced,135
Chicken Ns As To Part Rotisserie Ns As To Skin Eaten,Meats,164,6.36,112,345,0,0,0,26.79,0,14,0.73,279,1 cup cooked diced,135
Chicken Ns As To Part Rotisserie Skin Eaten,Meats,196,10.65,113,343,0.1,0,0.1,25.07,0,17,0.74,270,1 cup cooked diced,135
Chicken Ns As To Part Rotisserie Skin Not Eaten,Meats,164,6.36,112,345,0,0,0,26.79,0,14,0.73,279,1 cup cooked diced,135
Chicken Ns As To Part Stewed Ns As To Skin Eaten,Meats,156,5.38,114,367,0,0,0,26.03,0.1,9,0.77,293,1 cup cooked diced,135
Chicken Ns As To Part Stewed Skin Eaten,Meats,196,10.86,113,357,0,0,0,23.58,0.2,9,0.8,258,1 cup cooked diced,135
Chicken Ns As To Part Stewed Skin Not Eaten,Meats,156,5.38,114,367,0,0,0,26.03,0.1,9,0.77,293,1 cup cooked diced,135
Chicken Ns As To Part Grilled Without Sauce Ns As To Skin Eaten,Meats,179,7.2,112,386,0,0,0,26.74,0.1,8,0.78,304,1 cup cooked diced,135
Chicken Ns As To Part Grilled Without Sauce Skin Eaten,Meats,216,12.57,112,372,0,0,0,24.19,0.1,8,0.8,268,1 cup cooked diced,135
Chicken Ns As To Part Grilled Without Sauce Skin Not Eaten,Meats,179,7.2,112,386,0,0,0,26.74,0.1,8,0.78,304,1 cup cooked diced,135
Chicken Ns As To Part Grilled With Sauce Ns As To Skin Eaten,Meats,180,6.36,92,528,7.31,0.2,5.96,21.98,0,13,0.75,290,1 cup cooked diced,165
Chicken Ns As To Part Grilled With Sauce Skin Eaten,Meats,211,10.74,91,516,7.31,0.2,5.96,19.89,0.1,13,0.77,260,1 cup cooked diced,165
Chicken Ns As To Part Grilled With Sauce Skin Not Eaten,Meats,180,6.36,92,528,7.31,0.2,5.96,21.98,0,13,0.75,290,1 cup cooked diced,165
Chicken Ns As To Part Sauteed Skin Eaten,Meats,216,12.57,112,372,0,0,0,24.19,0.1,8,0.8,268,1 cup cooked diced,135
Chicken Ns As To Part Sauteed Skin Not Eaten,Meats,179,7.2,112,386,0,0,0,26.74,0.1,8,0.78,304,1 cup cooked diced,135
Chicken Ns As To Part Fried Coated Skin / Coating Eaten,Meats,251,15.02,100,671,7.14,0.2,0,21.75,0.1,44,0.86,264,1 cup cooked diced,135
Chicken Ns As To Part Fried Coated Skin / Coating Not Eaten,Meats,164,6.58,113,528,0.07,0,0,26.18,0.1,22,0.75,286,1 cup cooked diced,135
Chicken Ns As To Part Baked Coated Skin / Coating Eaten,Meats,251,15.02,100,671,7.14,0.2,0,21.75,0.1,44,0.86,264,1 cup cooked diced,135
Chicken Ns As To Part Baked Coated Skin / Coating Not Eaten,Meats,164,6.58,113,528,0.07,0,0,26.18,0.1,22,0.75,286,1 cup cooked diced,135
Chicken Breast Baked Broiled Or Roasted Skin Eaten From Raw,Meats,192,8.8,97,336,0,0,0,26.25,0.1,7,0.54,298,1 cup cooked diced,135
Chicken Breast Baked Broiled Or Roasted Skin Not Eaten From Raw,Meats,161,3.52,98,361,0,0,0,30.22,0,7,0.45,359,1 cup cooked diced,135
Chicken Breast Baked Or Broiled Skin Eaten From Fast Food / Restaurant,Meats,205,10.6,95,406,0,0,0,25.67,0.1,7,0.53,291,1 cup cooked diced,135
Chicken Breast Baked Or Broiled Skin Not Eaten From Fast Food / Restaurant,Meats,175,5.44,96,430,0,0,0,29.56,0,6,0.44,351,1 cup cooked diced,135
Chicken Breast Baked Broiled Or Roasted With Marinade Skin Eaten From Raw,Meats,204,10.45,94,400,0.31,0,0.28,25.32,0.1,7,0.55,290,1 cup cooked diced,135
Chicken Breast Baked Broiled Or Roasted With Marinade Skin Not Eaten From Raw,Meats,174,5.38,94,423,0.31,0,0.28,29.13,0,7,0.47,349,1 cup cooked diced,135
Chicken Breast Stewed Skin Eaten,Meats,181,8.28,92,317,0,0,0,24.7,0.1,7,0.5,280,1 cup cooked diced,135
Chicken Breast Stewed Skin Not Eaten,Meats,149,3.26,91,334,0,0,0,27.96,0,6,0.42,332,1 cup cooked diced,135
Chicken Breast Grilled Without Sauce Skin Eaten,Meats,206,10.62,95,330,0,0,0,25.72,0.1,7,0.53,292,1 cup cooked diced,135
Chicken Breast Grilled Without Sauce Skin Not Eaten,Meats,176,5.45,96,354,0,0,0,29.62,0,6,0.44,352,1 cup cooked diced,135
Chicken Breast Grilled With Sauce Skin Eaten,Meats,202,9.15,78,454,7.34,0.2,5.98,21.15,0.1,12,0.55,280,1 cup cooked diced,165
Chicken Breast Grilled With Sauce Skin Not Eaten,Meats,178,4.93,78,473,7.34,0.2,5.98,24.33,0,11,0.48,329,1 cup cooked diced,165
Chicken Breast Sauteed Skin Eaten,Meats,206,10.62,95,330,0,0,0,25.72,0.1,7,0.53,292,1 cup cooked diced,135
Chicken Breast Sauteed Skin Not Eaten,Meats,176,5.45,96,354,0,0,0,29.62,0,6,0.44,352,1 cup cooked diced,135
Chicken Breast Fried Coated Skin / Coating Eaten From Raw,Meats,242,14.07,79,299,5.95,0.2,0.1,21.42,0.1,13,0.82,243,1 cup cooked diced,135
Chicken Breast Fried Coated Skin / Coating Not Eaten From Raw,Meats,176,5.45,96,354,0,0,0,29.62,0,6,0.44,352,1 cup cooked diced,135
Chicken Breast Fried Coated Prepared Skinless Coating Eaten From Raw,Meats,218,9.95,79,318,5.95,0.2,0.1,24.52,0,12,0.75,291,1 cup cooked diced,135
Chicken Breast Fried Coated Skin / Coating Eaten From Pre-Cooked,Meats,249,14.74,76,332,7.13,0.3,0.12,20.54,0.1,14,0.87,233,1 cup cooked diced,135
Chicken Breast Fried Coated Skin / Coating Not Eaten From Pre-Cooked,Meats,176,5.45,96,354,0,0,0,29.62,0,6,0.44,352,1 cup cooked diced,135
Chicken Breast Fried Coated Skin / Coating Eaten From Fast Food / Restaurant,Meats,271,16.91,75,549,10.65,0.3,0.1,19.29,0.1,42,0.96,231,1 cup cooked diced,135
Chicken Breast Fried Coated Skin / Coating Not Eaten From Fast Food / Restaurant,Meats,211,10.75,79,436,5.95,0.2,0.1,22.73,0.1,25,0.82,249,1 cup cooked diced,135
Chicken Breast Baked Coated Skin / Coating Eaten,Meats,207,9.88,88,321,3.96,0.2,0.07,23.73,0.1,11,0.73,269,1 cup cooked diced,135
Chicken Breast Baked Coated Skin / Coating Not Eaten,Meats,176,5.45,96,354,0,0,0,29.62,0,6,0.44,352,1 cup cooked diced,135
Chicken Leg Drumstick And Thigh Ns As To Cooking Method Skin Eaten,Meats,218,13.63,136,358,0.12,0,0.12,23.77,0,18,0.98,265,1 cup cooked diced,135
Chicken Leg Drumstick And Thigh Ns As To Cooking Method Skin Not Eaten,Meats,185,9.15,139,362,0,0,0,25.54,0,16,1,274,1 cup cooked diced,135
Chicken Leg Drumstick And Thigh Baked Or Broiled Skin Eaten,Meats,214,12.81,131,341,0,0,0,23.16,0.2,10,1.09,249,1 cup cooked diced,135
Chicken Leg Drumstick And Thigh Baked Or Broiled Skin Not Eaten,Meats,168,7.13,131,345,0,0,0,24.41,0.1,10,1.13,262,1 cup cooked diced,135
Chicken Leg Drumstick And Thigh Rotisserie Skin Eaten,Meats,218,13.63,136,358,0.12,0,0.12,23.77,0,18,0.98,265,1 cup cooked diced,135
Chicken Leg Drumstick And Thigh Rotisserie Skin Not Eaten,Meats,185,9.15,139,362,0,0,0,25.54,0,16,1,274,1 cup cooked diced,135
Chicken Leg Drumstick And Thigh Stewed Skin Eaten,Meats,211,13.44,135,397,0,0,0,22.45,0.2,12,1.1,237,1 cup cooked diced,135
Chicken Leg Drumstick And Thigh Stewed Skin Not Eaten,Meats,164,7.5,136,400,0,0,0,24.11,0.2,12,1.13,253,1 cup cooked diced,135
Chicken Leg Drumstick And Thigh Grilled Without Sauce Skin Eaten,Meats,227,14.52,128,415,0,0,0,22.65,0.2,10,1.07,244,1 cup cooked diced,135
Chicken Leg Drumstick And Thigh Grilled Without Sauce Skin Not Eaten,Meats,182,8.96,128,419,0,0,0,23.87,0.1,10,1.11,257,1 cup cooked diced,135
Chicken Leg Drumstick And Thigh Grilled With Sauce Skin Eaten,Meats,219,12.32,105,579,7.28,0.2,5.94,18.64,0.1,14,0.99,240,1 cup cooked diced,165
Chicken Leg Drumstick And Thigh Grilled With Sauce Skin Not Eaten,Meats,183,7.79,105,582,7.28,0.2,5.94,19.63,0.1,14,1.02,251,1 cup cooked diced,165
Chicken Leg Drumstick And Thigh Sauteed Skin Eaten,Meats,227,14.52,128,415,0,0,0,22.65,0.2,10,1.07,244,1 cup cooked diced,135
Chicken Leg Drumstick And Thigh Sauteed Skin Not Eaten,Meats,182,8.96,128,419,0,0,0,23.87,0.1,10,1.11,257,1 cup cooked diced,135
Chicken Leg Drumstick And Thigh Fried Coated Skin / Coating Eaten,Meats,259,17.16,105,353,5.91,0.2,0.1,19,0.1,15,1.24,205,1 cup cooked diced,135
Chicken Leg Drumstick And Thigh Fried Coated Skin / Coating Not Eaten,Meats,183,8.98,128,343,0,0,0,23.92,0.1,10,1.11,257,1 cup cooked diced,135
Chicken Leg Drumstick And Thigh Baked Coated Skin / Coating Eaten,Meats,226,13.38,117,428,3.93,0.2,0.07,20.96,0.2,13,1.21,226,1 cup cooked diced,135
Chicken Leg Drumstick And Thigh Baked Coated Skin / Coating Not Eaten,Meats,182,8.96,128,419,0,0,0,23.87,0.1,10,1.11,257,1 cup cooked diced,135
Chicken Drumstick Baked Broiled Or Roasted Skin Eaten From Raw,Meats,190,10.09,129,353,0,0,0,23.21,0.1,11,1.1,246,1 cup cooked diced,135
Chicken Drumstick Baked Broiled Or Roasted Skin Not Eaten From Raw,Meats,154,5.67,129,358,0,0,0,24.1,0,11,1.14,255,1 cup cooked diced,135
Chicken Drumstick Baked Or Broiled Skin Eaten From Fast Food / Restaurant,Meats,203,11.83,126,503,0,0,0,22.66,0.1,11,1.08,240,1 cup cooked diced,135
Chicken Drumstick Baked Or Broiled Skin Not Eaten From Fast Food / Restaurant,Meats,168,7.51,126,508,0,0,0,23.52,0,11,1.11,248,1 cup cooked diced,135
Chicken Drumstick Grilled Without Sauce Skin Eaten,Meats,203,11.85,126,427,0,0,0,22.7,0.1,11,1.08,240,1 cup cooked diced,135
Chicken Drumstick Grilled Without Sauce Skin Not Eaten,Meats,168,7.53,126,432,0,0,0,23.57,0,11,1.11,249,1 cup cooked diced,135
Chicken Drumstick Grilled With Sauce Skin Eaten,Meats,200,10.15,103,589,7.28,0.2,5.94,18.68,0.1,15,1,238,1 cup cooked diced,165
Chicken Drumstick Grilled With Sauce Skin Not Eaten,Meats,171,6.62,103,593,7.28,0.2,5.94,19.39,0,15,1.02,245,1 cup cooked diced,165
Chicken Drumstick Stewed Skin Eaten,Meats,186,10.64,131,418,0,0,0,22.54,0.1,12,0.94,227,1 cup cooked diced,135
Chicken Drumstick Stewed Skin Not Eaten,Meats,148,5.9,131,424,0,0,0,23.74,0.1,12,0.94,237,1 cup cooked diced,135
Chicken Drumstick Sauteed Skin Eaten,Meats,203,11.85,126,427,0,0,0,22.7,0.1,11,1.08,240,1 cup cooked diced,135
Chicken Drumstick Sauteed Skin Not Eaten,Meats,168,7.53,126,432,0,0,0,23.57,0,11,1.11,249,1 cup cooked diced,135
Chicken Drumstick Fried Coated Skin / Coating Eaten From Raw,Meats,240,15.04,104,363,5.91,0.2,0.1,19.05,0.1,16,1.26,202,1 cup cooked diced,135
Chicken Drumstick Fried Coated Skin / Coating Not Eaten From Raw,Meats,169,7.54,127,356,0,0,0,23.61,0,11,1.12,249,1 cup cooked diced,135
Chicken Drumstick Fried Coated Prepared Skinless Coating Eaten From Raw,Meats,211,11.56,103,443,5.9,0.2,0.1,19.7,0,16,1.28,209,1 cup cooked diced,135
Chicken Drumstick Fried Coated Skin / Coating Eaten From Pre-Cooked,Meats,246,15.62,99,480,7.07,0.3,0.12,18.25,0.1,17,1.29,194,1 cup cooked diced,135
Chicken Drumstick Fried Coated Skin / Coating Not Eaten From Pre-Cooked,Meats,168,7.53,126,432,0,0,0,23.57,0,11,1.11,249,1 cup cooked diced,135
Chicken Drumstick Fried Coated Skin / Coating Eaten From Fast Food / Restaurant,Meats,288,18.72,91,625,12.07,0.6,0.1,17.73,0.1,26,1.19,212,1 cup cooked diced,135
Chicken Drumstick Fried Coated Skin / Coating Not Eaten From Fast Food / Restaurant,Meats,212,11.18,109,546,6.05,0.2,0.1,21.78,0.1,20,1.22,242,1 cup cooked diced,135
Chicken Drumstick Baked Coated Skin / Coating Eaten,Meats,204,10.98,115,439,3.93,0.2,0.07,21.01,0.1,14,1.23,223,1 cup cooked diced,135
Chicken Drumstick Baked Coated Skin / Coating Not Eaten,Meats,168,7.53,126,432,0,0,0,23.57,0,11,1.11,249,1 cup cooked diced,135
Chicken Thigh Baked Broiled Or Roasted Skin Eaten From Raw,Meats,231,14.62,132,333,0,0,0,23.12,0.2,9,1.08,252,1 cup cooked diced,135
Chicken Thigh Baked Broiled Or Roasted Skin Not Eaten From Raw,Meats,178,8.1,132,337,0,0,0,24.61,0.2,9,1.12,267,1 cup cooked diced,135
Chicken Thigh Baked Or Broiled Skin Eaten From Fast Food / Restaurant,Meats,243,16.25,129,483,0,0,0,22.57,0.2,9,1.05,246,1 cup cooked diced,135
Chicken Thigh Baked Or Broiled Skin Not Eaten From Fast Food / Restaurant,Meats,191,9.89,129,487,0,0,0,24.02,0.2,9,1.1,261,1 cup cooked diced,135
Chicken Thigh Stewed Skin Eaten,Meats,227,15.31,138,383,0,0,0,22.39,0.3,11,1.2,243,1 cup cooked diced,135
Chicken Thigh Stewed Skin Not Eaten,Meats,175,8.56,140,384,0,0,0,24.36,0.3,12,1.26,264,1 cup cooked diced,135
Chicken Thigh Grilled Without Sauce Skin Eaten,Meats,243,16.29,129,407,0,0,0,22.61,0.2,9,1.06,246,1 cup cooked diced,135
Chicken Thigh Grilled Without Sauce Skin Not Eaten,Meats,192,9.91,129,411,0,0,0,24.07,0.2,9,1.1,262,1 cup cooked diced,135
Chicken Thigh Grilled With Sauce Skin Eaten,Meats,232,13.77,106,572,7.28,0.2,5.94,18.61,0.2,13,0.98,242,1 cup cooked diced,165
Chicken Thigh Grilled With Sauce Skin Not Eaten,Meats,190,8.56,106,575,7.28,0.2,5.94,19.8,0.2,13,1.02,255,1 cup cooked diced,165
Chicken Thigh Sauteed Skin Eaten,Meats,243,16.29,129,407,0,0,0,22.61,0.2,9,1.06,246,1 cup cooked diced,135
Chicken Thigh Sauteed Skin Not Eaten,Meats,192,9.91,129,411,0,0,0,24.07,0.2,9,1.1,262,1 cup cooked diced,135
Chicken Thigh Fried Coated Skin / Coating Eaten From Raw,Meats,271,18.57,106,347,5.91,0.2,0.1,18.98,0.2,14,1.23,207,1 cup cooked diced,135
Chicken Thigh Fried Coated Skin / Coating Not Eaten From Raw,Meats,192,9.93,130,334,0,0,0,24.12,0.2,9,1.11,262,1 cup cooked diced,135
Chicken Thigh Fried Coated Prepared Skinless Coating Eaten From Raw,Meats,230,13.46,106,426,5.9,0.2,0.1,20.1,0.2,14,1.27,219,1 cup cooked diced,135
Chicken Thigh Fried Coated Skin / Coating Eaten From Pre-Cooked,Meats,276,18.96,101,464,7.07,0.3,0.12,18.19,0.2,15,1.27,198,1 cup cooked diced,135
Chicken Thigh Fried Coated Skin / Coating Not Eaten From Pre-Cooked,Meats,192,9.91,129,411,0,0,0,24.07,0.2,9,1.1,262,1 cup cooked diced,135
Chicken Thigh Fried Coated Skin / Coating Eaten From Fast Food,Meats,293,19.64,87,749,12.94,0.3,0.1,16.22,0.2,50,1.2,201,1 cup cooked diced,135
Chicken Thigh Fried Coated Skin / Coating Not Eaten From Fast Food,Meats,217,12.76,102,614,6.24,0.2,0.1,19.38,0.2,26,1.12,208,1 cup cooked diced,135
Chicken Thigh Fried Coated Skin / Coating Eaten From Restaurant,Meats,293,19.64,87,749,12.94,0.3,0.1,16.22,0.2,50,1.2,201,1 cup cooked diced,135
Chicken Thigh Fried Coated Skin / Coating Not Eaten From Restaurant,Meats,217,12.76,102,614,6.24,0.2,0.1,19.38,0.2,26,1.12,208,1 cup cooked diced,135
Chicken Thigh Baked Coated Skin / Coating Eaten,Meats,240,14.96,118,421,3.93,0.2,0.07,20.93,0.2,13,1.2,228,1 cup cooked diced,135
Chicken Thigh Baked Coated Skin / Coating Not Eaten,Meats,192,9.91,129,411,0,0,0,24.07,0.2,9,1.1,262,1 cup cooked diced,135
Chicken Wing Baked Broiled Or Roasted From Raw,Meats,252,16.74,140,405,0,0,0,23.6,0.2,18,0.84,210,1 wing any size,35
Chicken Wing Baked Or Broiled From Fast Food / Restaurant,Meats,264,18.35,137,479,0,0,0,23.08,0.2,18,0.82,206,1 wing,35
Chicken Wing Stewed,Meats,247,16.69,69,374,0,0,0,22.6,0.1,12,1.12,138,1 wing any size,45
Chicken Wing Grilled Without Sauce,Meats,265,18.39,137,403,0,0,0,23.13,0.2,18,0.82,206,1 wing any size,35
Chicken Wing Grilled With Sauce,Meats,250,15.49,112,569,7.28,0.2,5.94,19.03,0.2,20,0.79,210,1 wing any size,55
Chicken Wing Sauteed,Meats,265,18.39,137,403,0,0,0,23.13,0.2,18,0.82,206,1 wing any size,35
Chicken Wing Fried Coated From Raw,Meats,288,20.2,112,420,5.9,0.2,0.1,19.35,0.2,21,1.05,175,1 wing any size,55
Chicken Wing Fried Coated From Pre-Cooked,Meats,292,20.55,107,461,7.07,0.3,0.12,18.58,0.2,22,1.09,168,1 wing any size,55
Chicken Wing Fried Coated From Fast Food,Meats,322,21.24,93,844,14.93,0.3,0.1,17.74,0.1,60,1.23,219,1 wing any size,55
Chicken Wing Fried Coated From Restaurant,Meats,322,21.24,93,844,14.93,0.3,0.1,17.74,0.1,60,1.23,219,1 wing any size,55
Chicken Wing Baked Coated,Meats,259,16.85,125,418,3.93,0.2,0.07,21.4,0.2,21,0.99,192,1 wing any size,55
"Chicken ""wings"" With Hot Sauce From Fast Food / Restaurant",Meats,269,19.97,101,847,6.19,0.1,2.23,16.78,0.2,39,0.79,213,1 drummette,35
"Chicken ""wings"" With Other Sauces Or Seasoning From Fast Food / Restaurant",Meats,276,17.39,92,761,13.13,0.2,7.55,16.95,0,44,0.88,257,1 drummette,35
"Chicken ""wings"" Plain From Fast Food / Restaurant",Meats,322,21.24,93,844,14.93,0.3,0.1,17.74,0.1,60,1.23,219,1 drummette,22
"Chicken ""wings"" With Hot Sauce From Precooked",Meats,251,19.26,106,747,2.5,0,2.44,17.57,0.1,27,0.76,221,1 drummette,35
"Chicken ""wings"" With Other Sauces Or Seasoning From Precooked",Meats,257,16.67,97,660,9.42,0.2,7.76,17.74,0,32,0.84,265,1 drummette,35
"Chicken ""wings"" Plain From Precooked",Meats,292,20.55,107,461,7.07,0.3,0.12,18.58,0.2,22,1.09,168,1 drummette,22
"Chicken ""wings"" With Hot Sauce From Other Sources",Meats,264,19.76,103,817,5.08,0.1,2.3,17.02,0.2,36,0.78,215,1 drummette,35
"Chicken ""wings"" With Other Sauces Or Seasoning From Other Sources",Meats,270,17.17,93,731,12.01,0.2,7.62,17.19,0,40,0.87,259,1 drummette,35
"Chicken ""wings"" Plain From Other Sources",Meats,313,21.03,97,729,12.57,0.3,0.11,17.99,0.1,49,1.19,204,1 drummette,22
"Chicken ""wings"" Boneless With Hot Sauce From Fast Food / Restaurant",Meats,281,16.8,45,879,20.01,0.9,5.71,12.35,0.2,17,0.87,232,1 boneless wing,35
"Chicken ""wings"" Boneless With Hot Sauce From Other Sources",Meats,231,11.75,30,829,19.95,1.5,6.08,11.38,0.1,38,0.88,254,1 boneless wing,35
Chicken Back,Meats,298,20.8,87,409,0,0,0,25.73,0.1,21,1.41,208,1 small back (yield after cooking bone removed),110
Chicken Neck Or Ribs,Meats,245,17.95,69,374,0,0,0,19.45,0.1,27,2.28,107,1 neck (yield after cooking bone removed),35
Chicken Skin,Meats,450,40.34,82,387,0,0,0,20.19,0.2,14,1.5,135,1 oz raw (yield after cooking),20
Chicken Chicken Roll Roasted,Meats,189,7.38,89,241,0,0,0,28.81,0.1,15,1.21,242,1 slice,28
Chicken Fillet Grilled,Meats,145,5.2,68,438,2.37,0.1,0,22.24,0,11,0.37,241,1 fillet,100
Chicken Ground,Meats,201,10.31,92,400,0,0,0,27.14,0.2,28,1.51,292,1 cup cooked,130
Chicken Nuggets From Frozen,Meats,298,19.23,36,600,17.88,1.8,0.8,13.36,0.3,52,1.06,229,1 nugget,16
Chicken Nuggets From Other Sources,Meats,304,20.02,49,596,15.81,1.2,0.3,15.15,0.2,23,0.9,244,1 nugget,16
Chicken Tenders Or Strips Breaded From Restaurant,Meats,283,15.62,49,791,16.9,1.2,0.39,18.82,0.3,17,0.72,365,1 tender strip or finger,50
Chicken Tenders Or Strips Breaded From Other Sources,Meats,262,13.84,44,696,16.53,1.4,0.45,17.84,0.2,24,0.76,345,1 tender strip or finger,50
Fried Chicken Chunks Puerto Rican Style,Meats,349,19.75,108,595,20.6,0.9,0.41,20.98,0.1,15,1.95,234,"1 piece (1-1/2"" x 1"" each boneless)",25
Turkey Nfs,Meats,139,2.06,76,468,0,0,0,28.81,0.3,10,0.65,247,1 small or thin slice,30
Turkey Light Meat Skin Not Eaten,Meats,139,2.06,76,468,0,0,0,28.81,0.3,10,0.65,247,1 small or thin slice,30
Turkey Light Meat Skin Eaten,Meats,169,5.55,84,469,0.03,0,0,28.28,0.4,12,0.73,247,1 small or thin slice,30
Turkey Light Meat Breaded Baked Or Fried Skin Not Eaten,Meats,172,3.7,68,251,6.14,0.4,0.52,27.33,0.3,26,1.03,244,1 small or thin slice,30
Turkey Light Meat Breaded Baked Or Fried Skin Eaten,Meats,199,6.85,76,252,6.17,0.4,0.52,26.85,0.4,27,1.1,244,1 small or thin slice,30
Turkey Light Meat Roasted Skin Not Eaten,Meats,139,2.06,76,468,0,0,0,28.81,0.3,10,0.65,247,1 small or thin slice,30
Turkey Light Meat Roasted Skin Eaten,Meats,169,5.55,84,469,0.03,0,0,28.28,0.4,12,0.73,247,1 small or thin slice,30
Turkey Dark Meat Roasted Skin Not Eaten,Meats,167,5.98,119,459,0,0,0,26.94,0.3,17,1.3,225,1 small or thin slice,30
Turkey Dark Meat Roasted Skin Eaten,Meats,202,10.16,125,461,0.05,0,0,26.46,0.4,17,1.32,228,1 small or thin slice,30
Turkey Light And Dark Meat Roasted Skin Not Eaten,Meats,151,3.76,94,464,0,0,0,27.99,0.3,13,0.94,237,1 small or thin slice,30
Turkey Light And Dark Meat Roasted Skin Eaten,Meats,183,7.54,102,466,0.04,0,0,27.48,0.4,14,0.99,238,1 small or thin slice,30
Turkey Light Or Dark Meat Fried Coated Skin Not Eaten,Meats,165,5.05,94,275,1.4,0,0.11,27.22,0.3,16,0.99,234,1 small or thin slice,30
Turkey Light Or Dark Meat Fried Coated Skin Eaten,Meats,192,8.5,100,271,1.4,0,0.11,26.19,0.4,17,1.02,230,1 small or thin slice,28
Turkey Light Or Dark Meat Stewed Skin Not Eaten,Meats,154,2.94,89,564,0.13,0,0.06,30.88,0.3,12,0.93,179,1 small or thin slice,28
Turkey Light Or Dark Meat Stewed Skin Eaten,Meats,203,8.52,98,577,0.14,0,0.07,30.25,0.4,13,0.96,174,1 small or thin slice,28
Turkey Light Or Dark Meat Smoked Skin Not Eaten,Meats,170,5,76,996,0,0,0,29.3,0.1,25,1.78,298,1 small or thin slice,28
Turkey Drumstick Cooked Skin Not Eaten,Meats,144,3.38,88,455,0,0,0,28.52,0.3,11,0.83,240,1 small drumstick (from hen approx 11 to 13 lb bird) (yield after cooking bone and skin removed),130
Turkey Drumstick Cooked Skin Eaten,Meats,206,9.74,84,399,0,0,0,27.64,0.1,32,2.28,278,1 small drumstick (from hen approx 11 to 13 lb bird) (yield after cooking bone removed),145
Turkey Drumstick Roasted Skin Not Eaten,Meats,144,3.38,88,455,0,0,0,28.52,0.3,11,0.83,240,1 small drumstick (from hen approx 11 to 13 lb bird) (yield after cooking bone and skin removed),115
Turkey Drumstick Roasted Skin Eaten,Meats,203,10.07,93,443,0,0,0,26.86,0.2,27,1.87,262,1 small drumstick (from hen approx 11 to 13 lb bird) (yield after cooking bone removed),125
Turkey Drumstick Smoked Skin Eaten,Meats,208,9.8,85,996,0,0,0,27.9,0.1,32,2.3,280,1 small drumstick (from hen approx 11 to 13 lb bird) (yield after cooking bone removed),125
Turkey Thigh Cooked Skin Eaten,Meats,182,9.26,112,458,0.27,0,0,24.36,0.3,8,1.35,256,1 small thigh (from hen approx 11 to 13 lb bird) (yield after cooking bone removed),225
Turkey Thigh Cooked Skin Not Eaten,Meats,161,5.98,119,459,0,0,0,26.94,0.3,17,1.3,225,1 small thigh (from hen approx 11 to 13 lb bird) (yield after cooking bone and skin removed),205
Turkey Neck,Meats,161,7.3,127,567,0,0,0,22.29,0.3,58,1.17,113,1 small neck (from 11 to 13 lb turkey),115
Turkey Wing Cooked Skin Not Eaten,Meats,139,2.06,76,468,0,0,0,28.81,0.3,10,0.65,247,1 small wing (yield after cooking bone and skin removed),60
Turkey Wing Cooked Skin Eaten,Meats,202,9.97,79,443,0,0,0,26.87,0.2,21,1.16,259,1 small wing (yield after cooking bone removed),90
Turkey Tail,Meats,294,22.8,88,485,0,0,0,22.25,1.1,13,0.59,217,1 tail (yield after cooking bone removed),60
Turkey Back,Meats,203,11.26,86,558,0,0,0,25.58,0.5,15,0.68,250,1 back (yield after cooking bone removed),525
Turkey Ground,Meats,201,10.31,92,400,0,0,0,27.14,0.2,28,1.51,292,1 cup cooked,130
Turkey Nuggets,Meats,233,8.71,60,478,16.31,1.2,1.37,22.37,0.2,53,1.72,226,1 nugget,20
Turkey With Barbecue Sauce Skin Eaten,Meats,195,8.16,67,467,12.23,0.3,9.97,18.23,0.4,21,0.76,242,1 cup cooked diced,165
Turkey With Barbecue Sauce Skin Not Eaten,Meats,150,2.82,59,464,12.23,0.3,9.97,18.86,0.2,20,0.73,237,1 cup cooked diced,165
Duck Cooked Skin Eaten,Meats,336,28.23,84,221,0,0,0,18.91,0.1,11,2.69,203,1/2 duck (yield after cooking bone removed),380
Duck Cooked Skin Not Eaten,Meats,200,11.15,89,227,0,0,0,23.38,0.1,12,2.69,251,1/2 duck (yield after cooking bone and skin removed),220
Duck Roasted Skin Eaten,Meats,336,28.23,84,221,0,0,0,18.91,0.1,11,2.69,203,1/2 duck (yield after cooking bone removed),380
Duck Roasted Skin Not Eaten,Meats,200,11.15,89,227,0,0,0,23.38,0.1,12,2.69,251,1/2 duck (yield after cooking bone and skin removed),220
Duck Coated Fried,Meats,225,10.92,102,345,7.95,0.2,0.14,22.3,0.2,18,2.94,265,1 leg (drumstick and thigh) (yield after cooking bone removed),115
Duck Pressed Chinese,Meats,153,11.63,22,288,6.83,0.4,5.08,5.34,0,10,0.84,107,1 oz cooked,28
Goose Wild Roasted,Meats,304,21.83,91,232,0,0,0,25.06,0.1,13,2.82,328,1 cup cooked diced,140
Cornish Game Hen Cooked Skin Eaten,Meats,257,18.06,130,386,0,0,0,22.08,0.1,13,0.9,243,1 hen (1-1/4 lb raw) (yield after cooking bone removed),305
Cornish Game Hen Cooked Skin Not Eaten,Meats,133,3.84,105,385,0,0,0,23.11,0.1,13,0.77,248,1 hen (1-1/4 lb raw) (yield after cooking bone and skin removed),250
Cornish Game Hen Roasted Skin Eaten,Meats,257,18.06,130,386,0,0,0,22.08,0.1,13,0.9,243,1 hen (1-1/4 lb raw) (yield after cooking bone removed),305
Cornish Game Hen Roasted Skin Not Eaten,Meats,133,3.84,105,385,0,0,0,23.11,0.1,13,0.77,248,1 hen (1-1/4 lb raw) (yield after cooking bone and skin removed),250
Dove Cooked Ns As To Cooking Method,Meats,212,12.95,116,219,0,0,0,23.8,0.2,17,5.89,255,1 dove (yield after cooking bone removed),110
Dove Fried,Meats,223,13.82,114,198,1.44,0,0.12,23.06,0.2,20,5.71,250,1 dove (yield after cooking bone removed),110
Quail Cooked,Meats,226,14.04,86,214,0,0,0,25,0.2,15,4.41,215,1 quail (yield after cooking bone removed),75
Pheasant Cooked,Meats,238,12.05,89,205,0,0,0,32.26,0.2,16,1.42,270,1/2 pheasant breast (yield after cooking bone removed),130
Chicken Baby Food Ns As To Strained Or Junior,Baby Foods,138,8.75,60,49,0.05,0,0,13.85,0.2,60,1.2,132,1 tablespoon,15
Beef Liver Braised,Meats,189,5.22,393,401,5.09,0,0,28.84,1.2,6,6.49,349,1 oz raw (yield after cooking),19
Beef Liver Fried,Meats,174,4.64,378,399,5.12,0,0,26.3,1.2,6,6.12,348,1 oz raw (yield after cooking),21
Chicken Liver Braised,Meats,166,6.46,558,398,0.86,0,0,24.26,0,11,11.54,261,1 oz raw (yield after cooking),18
Chicken Liver Fried,Meats,189,8.66,392,444,6.41,0.2,0.02,19.98,0,10,10.05,230,1 oz raw (yield after cooking),19
Heart Cooked,Meats,164,4.69,210,381,0.15,0,0,28.24,0.1,5,6.33,217,1 oz raw (yield after cooking),13
Kidney Cooked,Meats,157,4.61,710,416,0,0,0,27.04,1.1,19,5.75,134,1 oz raw (yield after cooking) - beef,12
Sweetbreads Cooked,Meats,124,3.08,347,381,0,0,0,22.48,0,4,1.23,431,1 oz raw (yield after cooking),16
Brains Cooked,Meats,150,10.44,3074,430,1.47,0,0,11.57,0,9,2.28,242,1 oz raw (yield after cooking),24
Tongue Cooked,Meats,282,22.11,131,387,0,0,0,19.13,0.4,5,2.59,183,1 oz raw (yield after cooking),16
Tongue Smoked Cured Or Pickled Cooked,Meats,277,21.74,129,1046,0,0,0,18.8,0.4,5,2.55,180,1 oz raw (yield after cooking),14
Tongue Pot Roast Puerto Rican Style,Meats,317,25.02,144,1247,0.34,0.1,0.02,21.03,0.4,15,2.95,206,"1 slice (5"" x 2"" x 1"")",110
Tripe Cooked,Meats,89,3.85,127,441,0,0,0,12.6,0,72,0.62,70,1 oz raw (yield after cooking),16
Chitterlings Cooked,Meats,231,20.15,275,341,0,0,0,12.39,0,25,1.46,14,1 oz raw (yield after cooking),11
Hog Maws Cooked,Meats,250,15.96,351,566,0,0,0,26.52,0,17,0.96,99,1 oz raw (yield after cooking),20
Gizzard Cooked,Meats,153,2.66,367,378,0,0,0,30.14,0,17,3.17,178,1 gizzard turkey cooked,67
Frankfurter Wiener Or Hot Dog Nfs,Meats,332,29.58,61,865,3.13,0,1.23,12.3,0.9,15,1.18,364,NULL,NULL
Frankfurter Or Hot Dog Cheese-Filled,Meats,345,30.53,72,1082,1.59,0,1.59,14.84,0.3,61,1.14,206,1 frankfurter,57
Frankfurter Or Hot Dog Beef,Meats,332,29.58,61,865,3.13,0,1.23,12.3,0.9,15,1.18,364,NULL,NULL
Frankfurter Or Hot Dog Beef And Pork,Meats,292,25.45,82,976,5.28,0,2.9,10.23,0.7,112,1.1,359,1 frankfurter,57
Frankfurter Or Hot Dog Beef And Pork Reduced Fat Or Light,Meats,292,25.45,82,976,5.28,0,2.9,10.23,0.7,112,1.1,359,1 frankfurter,57
Frankfurter Or Hot Dog Meat And Poultry Fat Free,Meats,115,1.67,43,880,11.8,0,0,13.16,0.1,57,1.87,220,1 frankfurter,57
Frankfurter Or Hot Dog Meat And Poultry,Meats,292,25.45,82,976,5.28,0,2.9,10.23,0.7,112,1.1,359,1 frankfurter,57
Frankfurter Or Hot Dog Meat And Poultry Reduced Fat Or Light,Meats,127,2.95,46,983,8.84,0.1,0,16.32,0.1,13,0.96,261,1 frankfurter,57
Frankfurter Or Hot Dog Chicken,Meats,235,17.04,101,1027,2.88,0,3.14,16.33,0.5,78,1.23,202,1 frankfurter,57
Frankfurter Or Hot Dog Turkey,Meats,235,18.2,81,911,4.01,0,1.27,12.87,0.6,156,1.55,392,1 frankfurter,57
Frankfurter Or Hot Dog Beef Reduced Fat Or Light,Meats,127,2.95,46,983,8.84,0.1,0,16.32,0.1,13,0.96,261,1 frankfurter,57
Frankfurter Or Hot Dog Reduced Fat Or Light Nfs,Meats,127,2.95,46,983,8.84,0.1,0,16.32,0.1,13,0.96,261,1 frankfurter,57
Beef Sausage,Meats,405,37.57,83,822,0.03,0,0,15.5,0.6,15,1.53,234,1 patty,35
Beef Sausage With Cheese,Meats,402,36.99,85,907,0.4,0,0.23,15.76,0.6,118,1.44,224,1 link,76
Bratwurst With Cheese,Meats,337,29.44,77,928,2.94,0,0.23,14.16,1,130,0.54,326,1 bun-size or griller link,75
Turkey Or Chicken And Beef Sausage,Meats,268,19.14,70,767,5.64,0.2,0,17.6,0.4,21,1.68,232,1 patty,35
Italian Sausage,Meats,344,27.31,57,743,4.27,0.1,1.86,19.12,1,21,1.43,304,1 patty,35
Scrapple Cooked,Meats,227,14.76,52,385,14.96,0.3,0.21,8.57,0.3,6,1.31,143,"1 slice (2-3/4"" x 2-1/8"" x 1/4"") (1/18 of loaf)",25
Pickled Sausage,Meats,393,35.96,70,1229,2.68,0,0,13.69,0.7,10,1.12,188,1 sausage,14
Ham Luncheon Meat Loaf Type,Meats,180,10.3,59,1039,4.2,0,0,16.5,0.7,7,0.83,319,1 slice nfs,28
Turkey Ham Prepackaged Or Deli Luncheon Meat,Meats,124,3.8,67,1038,2.93,0,0,19.6,0,5,1.35,299,1 slice nfs,28
Fish Ns As To Type Raw,Fish,109,3.57,49,88,0,0,0,18.12,5.6,9,0.36,310,1 oz boneless raw,28
Fish Ns As To Type Cooked Ns As To Cooking Method,Fish,166,8.04,59,421,0.1,0,0.04,22.16,6.8,11,0.45,380,1 small fillet,113
Fish Ns As To Type Baked Or Broiled Made With Oil,Fish,166,8.04,59,421,0.1,0,0.04,22.16,6.8,11,0.45,380,1 small fillet,113
Fish Ns As To Type Baked Or Broiled Made With Butter,Fish,160,7.46,68,445,0.1,0,0.04,22.17,6.8,12,0.45,381,1 small fillet,113
Fish Ns As To Type Baked Or Broiled Made With Margarine,Fish,153,6.67,59,446,0.13,0,0.04,22.14,7,12,0.45,381,1 small fillet,113
Fish Ns As To Type Baked Or Broiled Made Without Fat,Fish,137,4.5,61,433,0.1,0,0.04,22.82,7,12,0.46,391,1 small fillet,113
Fish Ns As To Type Baked Or Broiled Made With Cooking Spray,Fish,140,4.87,61,432,0.2,0,0.04,22.73,7,12,0.46,390,1 small fillet,113
Fish Ns As To Type Coated Baked Or Broiled Made With Oil,Fish,218,9.68,46,381,12.52,0.6,1.12,19.21,5.4,39,1.11,331,1 nugget,21
Fish Ns As To Type Coated Baked Or Broiled Made With Butter,Fish,210,8.79,59,418,12.5,0.6,1.12,19.22,5.4,40,1.1,332,1 nugget,21
Fish Ns As To Type Coated Baked Or Broiled Made With Margarine,Fish,199,7.58,46,420,12.55,0.6,1.12,19.18,5.6,40,1.1,332,1 nugget,21
Fish Ns As To Type Coated Baked Or Broiled Made Without Fat,Fish,176,4.26,48,399,13.1,0.6,1.17,20.09,5.6,40,1.16,346,1 nugget,21
Fish Ns As To Type Coated Baked Or Broiled Made With Cooking Spray,Fish,179,4.55,48,398,13.14,0.6,1.17,20.03,5.6,40,1.15,345,1 nugget,21
Fish Ns As To Type Coated Fried Made With Oil,Fish,237,13.37,76,406,9.85,0.6,0.88,18.46,5,38,1.15,304,1 small fillet,113
Fish Ns As To Type Coated Fried Made With Butter,Fish,222,11.73,95,462,9.86,0.6,0.88,18.53,5,40,1.14,307,1 small fillet,113
Fish Ns As To Type Coated Fried Made With Margarine,Fish,206,9.87,77,465,9.93,0.6,0.88,18.47,5.3,40,1.14,307,1 small fillet,113
Fish Ns As To Type Coated Fried Made Without Fat,Fish,188,5.49,90,478,11.6,0.7,1.03,21.72,5.8,45,1.34,358,1 small fillet,113
Fish Ns As To Type Coated Fried Made With Cooking Spray,Fish,191,5.78,90,477,11.64,0.7,1.03,21.66,5.8,45,1.33,357,1 small fillet,113
Fish Ns As To Type Steamed,Fish,160,5.53,58,407,0,0,0,25.78,13.7,9,0.48,391,1 small fillet,113
Barracuda Cooked Ns As To Cooking Method,Fish,226,13.33,57,419,0.1,0,0.04,24.56,11.1,28,1.43,498,1 small fillet,113
Barracuda Baked Or Broiled Fat Added In Cooking,Fish,226,13.33,57,419,0.1,0,0.04,24.56,11.1,28,1.43,498,1 small fillet,113
Barracuda Baked Or Broiled Fat Not Added In Cooking,Fish,199,9.94,59,431,0.1,0,0.04,25.28,11.5,29,1.46,513,1 small fillet,113
Barracuda Coated Baked Or Broiled Fat Added In Cooking,Fish,264,13.71,45,380,12.52,0.6,1.12,21.03,8.7,52,1.86,421,1 small fillet,113
Barracuda Coated Baked Or Broiled Fat Not Added In Cooking,Fish,224,8.47,47,397,13.1,0.6,1.17,22,9,54,1.93,441,1 small fillet,113
Barracuda Coated Fried,Fish,279,17.06,75,405,9.85,0.6,0.88,20.13,8,50,1.83,387,1 small fillet,113
Barracuda Steamed Or Poached,Fish,199,9.92,59,420,0,0,0,25.24,11.4,29,1.46,434,1 small fillet,113
Carp Cooked Ns As To Cooking Method,Fish,253,15.11,91,373,9.85,0.6,0.88,18.22,21.3,65,1.9,325,1 small fillet,170
Carp Baked Or Broiled Fat Added In Cooking,Fish,188,10.53,81,374,0.1,0,0.04,21.82,30.2,50,1.53,409,1 small fillet,170
Carp Baked Or Broiled Fat Not Added In Cooking,Fish,160,7.06,83,385,0.1,0,0.04,22.46,31.1,52,1.57,421,1 small fillet,170
Carp Coated Baked Or Broiled Fat Added In Cooking,Fish,235,11.57,63,345,12.52,0.6,1.12,18.94,23.2,68,1.93,353,1 small fillet,170
Carp Coated Baked Or Broiled Fat Not Added In Cooking,Fish,194,6.24,65,361,13.1,0.6,1.17,19.81,24.3,72,2.01,369,1 small fillet,170
Carp Coated Fried,Fish,253,15.11,91,373,9.85,0.6,0.88,18.22,21.3,65,1.9,325,1 small fillet,170
Carp Steamed Or Poached,Fish,160,7.04,83,378,0,0,0,22.42,31.1,52,1.56,356,1 small fillet,170
Carp Smoked,Fish,198,8.74,103,682,0,0,0,27.84,38.6,64,1.94,520,1 oz,28
Catfish Cooked Ns As To Cooking Method,Fish,246,15.4,82,415,9.86,0.6,0.88,16,0.4,37,1.04,298,1 small fillet,113
Catfish Baked Or Broiled Made With Oil,Fish,178,10.94,67,433,0.1,0,0.04,18.64,0.2,10,0.29,371,1 small fillet,113
Catfish Baked Or Broiled Made With Butter,Fish,173,10.36,75,458,0.1,0,0.04,18.65,0.2,11,0.29,371,1 small fillet,113
Catfish Baked Or Broiled Made With Margarine,Fish,166,9.56,67,459,0.13,0,0.04,18.61,0.4,11,0.28,372,1 small fillet,113
Catfish Baked Or Broiled Made Without Fat,Fish,150,7.48,69,446,0.1,0,0.04,19.18,0.3,10,0.29,382,1 small fillet,113
Catfish Baked Or Broiled Made With Cooking Spray,Fish,154,7.85,69,445,0.2,0,0.04,19.11,0.3,10,0.29,380,1 small fillet,113
Catfish Coated Baked Or Broiled Made With Oil,Fish,228,11.89,52,391,12.52,0.6,1.12,16.51,0.3,38,0.99,324,1 small fillet,113
Catfish Coated Baked Or Broiled Made With Butter,Fish,220,11,65,428,12.5,0.6,1.12,16.53,0.3,39,0.98,325,1 small fillet,113
Catfish Coated Baked Or Broiled Made With Margarine,Fish,209,9.78,52,430,12.55,0.6,1.12,16.49,0.6,39,0.98,325,1 small fillet,113
Catfish Coated Baked Or Broiled Made Without Fat,Fish,186,6.57,55,409,13.1,0.6,1.17,17.27,0.4,39,1.03,339,1 small fillet,113
Catfish Coated Baked Or Broiled Made With Cooking Spray,Fish,189,6.85,55,408,13.14,0.6,1.17,17.22,0.4,39,1.02,338,1 small fillet,113
Catfish Coated Fried Made With Oil,Fish,246,15.4,82,415,9.85,0.6,0.88,16,0.4,37,1.04,298,1 small fillet,113
Catfish Coated Fried Made With Butter,Fish,231,13.75,101,471,9.86,0.6,0.88,16.07,0.4,39,1.02,300,1 small fillet,113
Catfish Coated Fried Made With Margarine,Fish,215,11.9,82,474,9.93,0.6,0.88,16.01,0.7,39,1.02,301,1 small fillet,113
Catfish Coated Fried Made Without Fat,Fish,199,7.87,96,488,11.6,0.7,1.03,18.83,0.4,44,1.2,351,1 small fillet,113
Catfish Coated Fried Made With Cooking Spray,Fish,201,8.16,96,487,11.64,0.7,1.03,18.77,0.4,44,1.2,350,1 small fillet,113
Catfish Steamed Or Poached,Fish,150,7.47,69,433,0,0,0,19.15,0.3,10,0.29,323,1 small fillet,113
Cod Cooked Ns As To Cooking Method,Fish,117,4.18,57,447,0.1,0,0.04,18.68,0.6,10,0.21,289,1 small fillet,170
Cod Baked Or Broiled Made With Oil,Fish,117,4.18,57,447,0.1,0,0.04,18.68,0.6,10,0.21,289,1 small fillet,170
Cod Baked Or Broiled Made With Butter,Fish,112,3.6,66,471,0.1,0,0.04,18.7,0.6,11,0.2,290,1 small fillet,170
Cod Baked Or Broiled Made With Margarine,Fish,105,2.81,57,472,0.13,0,0.04,18.66,0.8,11,0.2,290,1 small fillet,170
Cod Baked Or Broiled Made Without Fat,Fish,87,0.52,59,460,0.1,0,0.04,19.24,0.6,10,0.2,297,1 small fillet,170
Cod Baked Or Broiled Made With Cooking Spray,Fish,91,0.91,59,459,0.2,0,0.04,19.16,0.6,10,0.2,296,1 small fillet,170
Cod Coated Baked Or Broiled Made With Oil,Fish,181,6.73,45,401,12.52,0.6,1.12,16.55,0.6,38,0.92,262,1 small fillet,170
Cod Coated Baked Or Broiled Made With Butter,Fish,173,5.84,57,438,12.5,0.6,1.12,16.57,0.6,39,0.92,263,1 small fillet,170
Cod Coated Baked Or Broiled Made With Margarine,Fish,162,4.63,45,440,12.55,0.6,1.12,16.52,0.8,39,0.91,263,1 small fillet,170
Cod Coated Baked Or Broiled Made Without Fat,Fish,137,1.17,47,420,13.1,0.6,1.17,17.31,0.6,39,0.96,274,1 small fillet,170
Cod Coated Baked Or Broiled Made With Cooking Spray,Fish,140,1.47,47,418,13.14,0.6,1.17,17.26,0.6,39,0.96,273,1 small fillet,170
Cod Coated Fried Made With Oil,Fish,203,10.68,75,424,9.85,0.6,0.88,16.03,0.6,37,0.98,241,1 small fillet,170
Cod Coated Fried Made With Butter,Fish,188,9.03,94,480,9.86,0.6,0.88,16.1,0.6,39,0.96,243,1 small fillet,170
Cod Coated Fried Made With Margarine,Fish,172,7.18,75,483,9.93,0.6,0.88,16.05,0.9,39,0.96,243,1 small fillet,170
Cod Coated Fried Made Without Fat,Fish,148,2.31,88,499,11.6,0.7,1.03,18.87,0.7,44,1.13,283,1 small fillet,170
Cod Coated Fried Made With Cooking Spray,Fish,151,2.62,88,498,11.64,0.7,1.03,18.81,0.7,44,1.13,283,1 small fillet,170
Cod Steamed Or Poached,Fish,87,0.52,59,446,0,0,0,19.2,0.6,10,0.2,251,1 small fillet,170
Cod Smoked,Fish,108,0.64,74,626,0,0,0,23.91,0.8,13,0.25,368,1 oz boneless,28
Croaker Cooked Ns As To Cooking Method,Fish,160,7.56,75,382,0.1,0,0.04,21.76,0.9,19,0.46,424,1 small fillet,113
Croaker Baked Or Broiled Fat Added In Cooking,Fish,160,7.56,75,382,0.1,0,0.04,21.76,0.9,19,0.46,424,1 small fillet,113
Croaker Baked Or Broiled Fat Not Added In Cooking,Fish,131,4,77,393,0.1,0,0.04,22.4,0.9,19,0.47,436,1 small fillet,113
Croaker Coated Baked Or Broiled Fat Added In Cooking,Fish,214,9.3,58,352,12.52,0.6,1.12,18.89,0.8,44,1.12,364,1 small fillet,113
Croaker Coated Baked Or Broiled Fat Not Added In Cooking,Fish,172,3.86,61,368,13.1,0.6,1.17,19.76,0.8,46,1.16,381,1 small fillet,113
Croaker Coated Fried,Fish,233,13.03,87,379,9.85,0.6,0.88,18.17,0.8,43,1.16,335,1 small fillet,113
Croaker Steamed Or Poached,Fish,131,3.99,77,386,0,0,0,22.36,0.9,19,0.47,369,1 small fillet,113
Eel Cooked Ns As To Cooking Method,Fish,298,20.09,147,284,9.34,0.3,0.07,18.67,20.7,25,1.19,266,1 oz boneless cooked,28
Eel Steamed Or Poached,Fish,231,14.66,158,380,0,0,0,23.19,29.3,25,0.63,291,1 oz boneless raw (yield after cooking),23
Eel Smoked,Fish,287,18.17,196,532,0,0,0,28.73,36.3,31,0.78,424,1 oz boneless,28
Flounder Cooked Ns As To Cooking Method,Fish,204,11.98,73,401,9.86,0.6,0.88,13.59,2.6,48,0.99,177,1 small fillet,113
Flounder Baked Or Broiled Made With Oil,Fish,118,6.04,55,413,0.1,0,0.04,15.19,3.4,26,0.23,197,1 small fillet,113
Flounder Baked Or Broiled Made With Butter,Fish,113,5.46,63,437,0.1,0,0.04,15.2,3.4,27,0.22,198,1 small fillet,113
Flounder Baked Or Broiled Made With Margarine,Fish,106,4.67,55,438,0.13,0,0.04,15.17,3.6,27,0.22,198,1 small fillet,113
Flounder Baked Or Broiled Made Without Fat,Fish,88,2.43,57,425,0.1,0,0.04,15.63,3.5,27,0.23,203,1 small fillet,113
Flounder Baked Or Broiled Made With Cooking Spray,Fish,92,2.82,56,423,0.2,0,0.04,15.57,3.5,27,0.23,202,1 small fillet,113
Flounder Coated Baked Or Broiled Made With Oil,Fish,182,8.15,43,375,12.52,0.6,1.12,13.88,2.8,50,0.94,192,1 small fillet,113
Flounder Coated Baked Or Broiled Made With Butter,Fish,174,7.26,55,412,12.5,0.6,1.12,13.9,2.8,51,0.93,193,1 small fillet,113
Flounder Coated Baked Or Broiled Made With Margarine,Fish,163,6.05,43,414,12.55,0.6,1.12,13.86,3,51,0.93,193,1 small fillet,113
Flounder Coated Baked Or Broiled Made Without Fat,Fish,138,2.65,45,392,13.1,0.6,1.17,14.52,2.9,52,0.98,200,1 small fillet,113
Flounder Coated Baked Or Broiled Made With Cooking Spray,Fish,141,2.95,45,391,13.14,0.6,1.17,14.47,2.9,52,0.97,200,1 small fillet,113
Flounder Coated Fried Made With Oil,Fish,204,11.98,73,401,9.85,0.6,0.88,13.59,2.6,48,0.99,177,1 small fillet,113
Flounder Coated Fried Made With Butter,Fish,189,10.33,92,457,9.86,0.6,0.88,13.66,2.6,50,0.98,179,1 small fillet,113
Flounder Coated Fried Made With Margarine,Fish,173,8.47,74,459,9.93,0.6,0.88,13.6,2.9,50,0.98,179,1 small fillet,113
Flounder Coated Fried Made Without Fat,Fish,149,3.84,86,471,11.6,0.7,1.03,15.99,3,57,1.15,208,1 small fillet,113
Flounder Coated Fried Made With Cooking Spray,Fish,152,4.14,86,470,11.64,0.7,1.03,15.94,3,57,1.15,207,1 small fillet,113
Flounder Steamed Or Poached,Fish,88,2.43,57,414,0,0,0,15.61,3.5,27,0.23,171,1 small fillet,113
Flounder Smoked,Fish,169,4.66,109,196,0,0,0,29.98,6.8,51,0.44,386,1 oz boneless,28
Haddock Cooked Ns As To Cooking Method,Fish,123,4.23,66,397,0.1,0,0.04,19.97,0.6,14,0.22,351,1 small fillet,170
Haddock Baked Or Broiled Fat Added In Cooking,Fish,123,4.23,66,397,0.1,0,0.04,19.97,0.6,14,0.22,351,1 small fillet,170
Haddock Baked Or Broiled Fat Not Added In Cooking,Fish,94,0.57,68,408,0.1,0,0.04,20.56,0.6,14,0.22,362,1 small fillet,170
Haddock Coated Baked Or Broiled Fat Added In Cooking,Fish,186,6.76,51,363,12.52,0.6,1.12,17.53,0.6,40,0.94,309,1 small fillet,170
Haddock Coated Baked Or Broiled Fat Not Added In Cooking,Fish,142,1.21,54,379,13.1,0.6,1.17,18.33,0.6,42,0.97,323,1 small fillet,170
Haddock Coated Fried,Fish,207,10.71,81,389,9.85,0.6,0.88,16.93,0.6,40,0.98,284,1 small fillet,170
Haddock Steamed Or Poached,Fish,93,0.57,68,399,0,0,0,20.52,0.6,14,0.22,306,1 small fillet,170
Halibut Cooked Ns As To Cooking Method,Fish,144,5.3,60,397,0.1,0,0.04,22.71,5.7,9,0.21,534,1 small fillet,170
Halibut Baked Or Broiled Made With Oil,Fish,144,5.3,60,397,0.1,0,0.04,22.71,5.7,9,0.21,534,1 small fillet,170
Halibut Baked Or Broiled Made With Butter,Fish,139,4.73,68,421,0.1,0,0.04,22.72,5.7,10,0.2,534,1 small fillet,170
Halibut Baked Or Broiled Made With Margarine,Fish,132,3.93,60,422,0.13,0,0.04,22.68,5.9,10,0.2,534,1 small fillet,170
Halibut Baked Or Broiled Made Without Fat,Fish,115,1.68,62,408,0.1,0,0.04,23.38,5.9,9,0.2,549,1 small fillet,170
Halibut Baked Or Broiled Made With Cooking Spray,Fish,118,2.06,61,407,0.2,0,0.04,23.29,5.9,9,0.2,547,1 small fillet,170
Halibut Coated Baked Or Broiled Made With Oil,Fish,202,7.59,47,363,12.52,0.6,1.12,19.62,4.5,37,0.92,448,1 small fillet,170
Halibut Coated Baked Or Broiled Made With Butter,Fish,194,6.7,59,400,12.5,0.6,1.12,19.64,4.5,38,0.92,449,1 small fillet,170
Halibut Coated Baked Or Broiled Made With Margarine,Fish,183,5.49,47,402,12.55,0.6,1.12,19.59,4.8,38,0.91,449,1 small fillet,170
Halibut Coated Baked Or Broiled Made Without Fat,Fish,159,2.07,49,379,13.1,0.6,1.17,20.52,4.8,38,0.96,469,1 small fillet,170
Halibut Coated Baked Or Broiled Made With Cooking Spray,Fish,162,2.37,49,379,13.14,0.6,1.17,20.46,4.7,38,0.96,467,1 small fillet,170
Halibut Coated Fried Made With Oil,Fish,222,11.46,77,389,9.85,0.6,0.88,18.84,4.2,36,0.98,412,1 small fillet,170
Halibut Coated Fried Made With Butter,Fish,207,9.82,96,445,9.86,0.6,0.88,18.91,4.2,38,0.96,414,1 small fillet,170
Halibut Coated Fried Made With Margarine,Fish,191,7.96,77,448,9.93,0.6,0.88,18.85,4.5,38,0.96,414,1 small fillet,170
Halibut Coated Fried Made Without Fat,Fish,170,3.24,90,458,11.6,0.7,1.03,22.17,4.9,43,1.13,484,1 small fillet,170
Halibut Coated Fried Made With Cooking Spray,Fish,173,3.54,90,457,11.64,0.7,1.03,22.1,4.9,43,1.13,483,1 small fillet,170
Halibut Steamed Or Poached,Fish,114,1.67,62,399,0,0,0,23.34,5.9,9,0.2,465,1 small fillet,170
Halibut Smoked,Fish,219,3.2,118,629,0,0,0,44.61,11.3,17,0.39,1046,1 oz boneless,28
Herring Cooked Ns As To Cooking Method,Fish,226,14.74,73,424,0.1,0,0.04,21.98,5.1,70,1.36,402,1 oz boneless raw (yield after cooking),23
Herring Baked Or Broiled Fat Added In Cooking,Fish,226,14.74,73,424,0.1,0,0.04,21.98,5.1,70,1.36,402,1 oz boneless raw (yield after cooking),23
Herring Baked Or Broiled Fat Not Added In Cooking,Fish,199,11.39,76,436,0.1,0,0.04,22.62,5.3,72,1.39,413,1 oz boneless raw (yield after cooking),23
Herring Coated Baked Or Broiled Fat Added In Cooking,Fish,264,14.79,57,383,12.52,0.6,1.12,19.06,4.1,83,1.8,348,1 oz boneless raw (yield after cooking),27
Herring Coated Baked Or Broiled Fat Not Added In Cooking,Fish,224,9.6,60,401,13.1,0.6,1.17,19.93,4.3,87,1.88,363,1 oz boneless raw (yield after cooking),27
Herring Coated Fried,Fish,279,18.04,86,408,9.85,0.6,0.88,18.33,3.8,79,1.78,319,1 oz boneless raw (yield after cooking),27
Herring Pickled In Cream Sauce,Fish,249,18.27,22,700,8.63,0,6.84,11.81,2.2,82,0.99,80,1 oz boneless,28
Herring Dried Salted,Fish,490,28.04,186,1181,0,0,0,55.71,13,177,3.42,1014,1 oz boneless,28
Mackerel Raw,Fish,189,11.91,62,89,0,0,0,19.08,13.8,16,1.48,344,1 oz boneless raw,28
Mackerel Cooked Ns As To Cooking Method,Fish,264,18.22,76,422,0.1,0,0.04,23.36,16.8,19,1.81,423,1 small fillet,170
Mackerel Baked Or Broiled Fat Added In Cooking,Fish,264,18.22,76,422,0.1,0,0.04,23.36,16.8,19,1.81,423,1 small fillet,170
Mackerel Baked Or Broiled Fat Not Added In Cooking,Fish,239,14.98,79,434,0.1,0,0.04,24.05,17.3,20,1.86,436,1 small fillet,170
Mackerel Coated Baked Or Broiled Fat Added In Cooking,Fish,293,17.45,59,382,12.52,0.6,1.12,20.12,13,45,2.15,364,1 small fillet,170
Mackerel Coated Baked Or Broiled Fat Not Added In Cooking,Fish,255,12.38,62,400,13.09,0.6,1.17,21.04,13.6,47,2.24,381,1 small fillet,170
Mackerel Coated Fried,Fish,306,20.47,88,407,9.85,0.6,0.88,19.29,11.9,44,2.1,335,1 small fillet,170
Mackerel Pickled,Fish,217,17.05,40,542,4.03,0.6,1.28,11.11,9.2,16,1.14,233,1 oz boneless,28
Mackerel Smoked,Fish,200,10.04,60,398,0,0,0,25.54,11.3,29,1.48,517,1 oz boneless,28
Mullet Cooked Ns As To Cooking Method,Fish,244,13.56,77,387,9.86,0.6,0.88,19.51,1.5,65,1.71,345,1 small fillet,113
Mullet Baked Or Broiled Fat Added In Cooking,Fish,176,8.31,60,393,0.1,0,0.04,23.68,1.8,50,1.26,438,1 small fillet,113
Mullet Baked Or Broiled Fat Not Added In Cooking,Fish,148,4.78,62,405,0.1,0,0.04,24.37,1.9,52,1.29,451,1 small fillet,113
Mullet Coated Baked Or Broiled Fat Added In Cooking,Fish,226,9.88,47,360,12.52,0.6,1.12,20.36,1.6,68,1.73,376,1 small fillet,113
Mullet Coated Baked Or Broiled Fat Not Added In Cooking,Fish,184,4.47,49,377,13.1,0.6,1.17,21.29,1.6,72,1.8,393,1 small fillet,113
Mullet Coated Fried,Fish,244,13.56,77,387,9.85,0.6,0.88,19.51,1.5,65,1.71,345,1 small fillet,113
Mullet Steamed Or Poached,Fish,147,4.77,62,396,0,0,0,24.33,1.9,52,1.28,382,1 small fillet,113
Ocean Perch Cooked Ns As To Cooking Method,Fish,129,5.56,64,405,0.1,0,0.04,18.73,1.5,35,0.28,230,1 small fillet,113
Ocean Perch Baked Or Broiled Fat Added In Cooking,Fish,129,5.56,64,405,0.1,0,0.04,18.73,1.5,35,0.28,230,1 small fillet,113
Ocean Perch Baked Or Broiled Fat Not Added In Cooking,Fish,100,1.94,65,417,0.1,0,0.04,19.29,1.5,36,0.28,237,1 small fillet,113
Ocean Perch Coated Baked Or Broiled Fat Added In Cooking,Fish,190,7.78,50,369,12.52,0.6,1.12,16.59,1.3,56,0.98,217,1 small fillet,113
Ocean Perch Coated Baked Or Broiled Fat Not Added In Cooking,Fish,147,2.27,52,386,13.1,0.6,1.17,17.35,1.3,59,1.02,227,1 small fillet,113
Ocean Perch Coated Fried,Fish,212,11.64,79,395,9.85,0.6,0.88,16.07,1.2,54,1.03,200,1 small fillet,113
Ocean Perch Steamed Or Poached,Fish,99,1.94,65,407,0,0,0,19.25,1.5,35,0.28,200,1 small fillet,113
Perch Cooked Ns As To Cooking Method,Fish,222,11.11,112,384,9.86,0.6,0.88,19.55,2.7,99,1.61,270,1 small fillet,113
Perch Baked Or Broiled Made With Oil,Fish,144,4.8,110,389,0.1,0,0.04,23.72,3.7,98,1.11,331,1 small fillet,113
Perch Baked Or Broiled Made With Butter,Fish,139,4.23,118,414,0.1,0,0.04,23.73,3.7,99,1.1,331,1 small fillet,113
Perch Baked Or Broiled Made With Margarine,Fish,132,3.43,110,415,0.13,0,0.04,23.7,3.8,99,1.1,331,1 small fillet,113
Perch Baked Or Broiled Made Without Fat,Fish,115,1.16,113,401,0.1,0,0.04,24.42,3.8,101,1.14,340,1 small fillet,113
Perch Baked Or Broiled Made With Cooking Spray,Fish,118,1.55,113,400,0.2,0,0.04,24.33,3.8,101,1.13,339,1 small fillet,113
Perch Coated Baked Or Broiled Made With Oil,Fish,202,7.2,85,357,12.52,0.6,1.12,20.4,3,105,1.62,293,1 small fillet,113
Perch Coated Baked Or Broiled Made With Butter,Fish,194,6.32,97,394,12.5,0.6,1.12,20.41,3,106,1.6,294,1 small fillet,113
Perch Coated Baked Or Broiled Made With Margarine,Fish,183,5.11,85,396,12.55,0.6,1.12,20.36,3.2,106,1.6,294,1 small fillet,113
Perch Coated Baked Or Broiled Made Without Fat,Fish,159,1.67,89,374,13.1,0.6,1.17,21.33,3.1,110,1.68,307,1 small fillet,113
Perch Coated Baked Or Broiled Made With Cooking Spray,Fish,162,1.97,89,373,13.14,0.6,1.17,21.27,3.1,109,1.68,306,1 small fillet,113
Perch Coated Fried Made With Oil,Fish,222,11.11,112,384,9.85,0.6,0.88,19.55,2.7,99,1.61,270,1 small fillet,113
Perch Coated Fried Made With Butter,Fish,207,9.47,131,440,9.86,0.6,0.88,19.62,2.7,101,1.6,272,1 small fillet,113
Perch Coated Fried Made With Margarine,Fish,191,7.61,112,443,9.93,0.6,0.88,19.56,3.1,101,1.59,272,1 small fillet,113
Perch Coated Fried Made Without Fat,Fish,170,2.82,132,452,11.6,0.7,1.03,23,3.2,116,1.88,318,1 small fillet,113
Perch Coated Fried Made With Cooking Spray,Fish,173,3.13,131,451,11.64,0.7,1.03,22.94,3.2,116,1.87,317,1 small fillet,113
Perch Steamed Or Poached,Fish,114,1.16,113,393,0,0,0,24.38,3.8,101,1.13,288,1 small fillet,113
Pike Cooked Ns As To Cooking Method,Fish,236,11.13,64,390,13.87,0.9,1.22,19.15,2.2,86,1.54,259,1 small fillet,170
Pike Baked Or Broiled Fat Added In Cooking,Fish,140,4.52,48,361,0.1,0,0.04,23.56,3.1,70,0.68,318,1 small fillet,170
Pike Baked Or Broiled Fat Not Added In Cooking,Fish,111,0.87,49,372,0.1,0,0.04,24.26,3.1,72,0.7,328,1 small fillet,170
Pike Coated Baked Or Broiled Fat Added In Cooking,Fish,199,6.99,37,336,12.52,0.6,1.12,20.28,2.5,83,1.29,284,1 small fillet,170
Pike Coated Baked Or Broiled Fat Not Added In Cooking,Fish,156,1.44,39,351,13.1,0.6,1.17,21.2,2.6,87,1.34,297,1 small fillet,170
Pike Coated Fried,Fish,219,10.92,68,365,9.85,0.6,0.88,19.44,2.3,79,1.31,261,1 small fillet,170
Pike Steamed Or Poached,Fish,111,0.87,49,366,0,0,0,24.22,3.1,72,0.69,277,1 small fillet,170
Pompano Cooked Ns As To Cooking Method,Fish,233,15.26,61,393,0.1,0,0.04,22.61,13.5,27,0.74,468,1 small fillet,113
Pompano Baked Or Broiled Fat Added In Cooking,Fish,233,15.26,61,393,0.1,0,0.04,22.61,13.5,27,0.74,468,1 small fillet,113
Pompano Baked Or Broiled Fat Not Added In Cooking,Fish,207,11.93,63,405,0.1,0,0.04,23.28,13.9,28,0.76,481,1 small fillet,113
Pompano Coated Baked Or Broiled Fat Added In Cooking,Fish,270,15.19,48,360,12.52,0.6,1.12,19.55,10.4,51,1.34,398,1 small fillet,113
Pompano Coated Baked Or Broiled Fat Not Added In Cooking,Fish,230,10.02,50,377,13.1,0.6,1.17,20.44,10.9,53,1.39,416,1 small fillet,113
Pompano Coated Fried,Fish,284,18.41,78,387,9.85,0.6,0.88,18.77,9.6,49,1.35,366,1 small fillet,113
Pompano Steamed Or Poached,Fish,206,11.91,63,396,0,0,0,23.24,13.8,28,0.76,407,1 small fillet,113
Pompano Smoked,Fish,192,11.06,58,415,0,0,0,21.58,12.8,26,0.7,445,1 oz boneless,28
Porgy Cooked Ns As To Cooking Method,Fish,161,7.02,64,365,0.1,0,0.04,23.1,1.5,49,0.66,353,1 small fillet,113
Porgy Baked Or Broiled Fat Added In Cooking,Fish,161,7.02,64,365,0.1,0,0.04,23.1,1.5,49,0.66,353,1 small fillet,113
Porgy Baked Or Broiled Fat Not Added In Cooking,Fish,133,3.44,65,376,0.1,0,0.04,23.78,1.5,51,0.67,363,1 small fillet,113
Porgy Coated Baked Or Broiled Fat Added In Cooking,Fish,215,8.89,50,339,12.52,0.6,1.12,19.92,1.3,68,1.27,310,1 small fillet,113
Porgy Coated Baked Or Broiled Fat Not Added In Cooking,Fish,173,3.44,52,354,13.1,0.6,1.17,20.83,1.3,71,1.32,324,1 small fillet,113
Porgy Coated Fried,Fish,234,12.66,79,367,9.85,0.6,0.88,19.11,1.2,65,1.29,285,1 small fillet,113
Porgy Steamed Or Poached,Fish,132,3.43,65,370,0,0,0,23.74,1.5,50,0.67,307,1 small fillet,113
Ray Cooked Ns As To Cooking Method,Fish,192,9.2,62,410,0.1,0,0.04,25.67,0.7,42,1.04,197,1 oz boneless raw (yield after cooking),23
Ray Baked Or Broiled Fat Added In Cooking,Fish,192,9.2,62,410,0.1,0,0.04,25.67,0.7,42,1.04,197,1 oz boneless raw (yield after cooking),23
Ray Baked Or Broiled Fat Not Added In Cooking,Fish,164,5.68,64,422,0.1,0,0.04,26.43,0.8,43,1.06,203,1 oz boneless raw (yield after cooking),23
Ray Coated Baked Or Broiled Fat Added In Cooking,Fish,238,10.56,49,373,12.52,0.6,1.12,21.88,0.7,62,1.56,192,1 oz boneless raw (yield after cooking),27
Ray Coated Baked Or Broiled Fat Not Added In Cooking,Fish,197,5.17,51,390,13.1,0.6,1.17,22.88,0.7,65,1.62,200,1 oz boneless raw (yield after cooking),27
Ray Coated Fried,Fish,255,14.18,79,399,9.85,0.6,0.88,20.9,0.7,59,1.56,177,1 oz boneless raw (yield after cooking),27
Ray Steamed Or Poached,Fish,163,5.67,64,412,0,0,0,26.38,0.8,43,1.06,171,1 oz boneless raw (yield after cooking),23
Salmon Cooked Ns As To Cooking Method,Fish,188,9.06,56,405,0.1,0,0.04,25.08,13.3,9,0.48,449,1 small fillet,170
Salmon Baked Or Broiled Made With Oil,Fish,188,9.06,56,405,0.1,0,0.04,25.08,13.3,9,0.48,449,1 small fillet,170
Salmon Baked Or Broiled Made With Butter,Fish,183,8.48,64,429,0.1,0,0.04,25.08,13.3,10,0.47,450,1 small fillet,170
Salmon Baked Or Broiled Made With Margarine,Fish,176,7.68,56,431,0.13,0,0.04,25.05,13.5,10,0.47,450,1 small fillet,170
Salmon Baked Or Broiled Made Without Fat,Fish,160,5.54,58,417,0.1,0,0.04,25.82,13.7,9,0.48,462,1 small fillet,170
Salmon Baked Or Broiled Made With Cooking Spray,Fish,164,5.92,58,416,0.2,0,0.04,25.72,13.7,9,0.48,461,1 small fillet,170
Salmon Coated Baked Or Broiled Made With Oil,Fish,235,10.45,44,369,12.52,0.6,1.12,21.43,10.3,37,1.13,384,1 small fillet,170
Salmon Coated Baked Or Broiled Made With Butter,Fish,227,9.56,56,406,12.5,0.6,1.12,21.44,10.3,38,1.12,385,1 small fillet,170
Salmon Coated Baked Or Broiled Made With Margarine,Fish,217,8.35,44,408,12.55,0.6,1.12,21.4,10.5,38,1.12,385,1 small fillet,170
Salmon Coated Baked Or Broiled Made Without Fat,Fish,194,5.07,46,386,13.1,0.6,1.17,22.42,10.8,38,1.17,401,1 small fillet,170
Salmon Coated Baked Or Broiled Made With Cooking Spray,Fish,197,5.35,46,385,13.14,0.6,1.17,22.35,10.8,38,1.17,400,1 small fillet,170
Salmon Coated Fried Made With Oil,Fish,253,14.08,74,395,9.85,0.6,0.88,20.5,9.5,36,1.16,353,1 small fillet,170
Salmon Coated Fried Made With Butter,Fish,238,12.44,93,451,9.86,0.6,0.88,20.57,9.5,38,1.15,355,1 small fillet,170
Salmon Coated Fried Made With Margarine,Fish,222,10.58,74,454,9.93,0.6,0.88,20.51,9.8,38,1.15,355,1 small fillet,170
Salmon Coated Fried Made Without Fat,Fish,207,6.32,87,465,11.6,0.7,1.03,24.12,11.2,43,1.35,415,1 small fillet,170
Salmon Coated Fried Made With Cooking Spray,Fish,209,6.61,87,464,11.64,0.7,1.03,24.05,11.1,43,1.35,414,1 small fillet,170
Salmon Steamed Or Poached,Fish,160,5.53,58,407,0,0,0,25.78,13.7,9,0.48,391,1 small fillet,170
Salmon Dried,Fish,397,13.75,144,234,0,0,0,64.06,34.1,22,1.19,1144,1 oz boneless,28
Salmon Canned,Fish,137,5.48,59,403,0,0,0,20.55,15,220,0.64,336,1 oz,28
Sardines Dried,Fish,406,23.18,154,230,0,0,0,46.06,10.8,148,2.82,838,1 oz,28
Sea Bass Cooked Ns As To Cooking Method,Fish,152,6.12,50,397,0.1,0,0.04,22.55,6.8,13,0.36,315,1 small fillet,113
Sea Bass Baked Or Broiled Fat Added In Cooking,Fish,152,6.12,50,397,0.1,0,0.04,22.55,6.8,13,0.36,315,1 small fillet,113
Sea Bass Baked Or Broiled Fat Not Added In Cooking,Fish,122,2.52,52,408,0.1,0,0.04,23.22,7.1,13,0.37,324,1 small fillet,113
Sea Bass Coated Baked Or Broiled Fat Added In Cooking,Fish,207,8.21,39,363,12.52,0.6,1.12,19.5,5.4,39,1.05,281,1 small fillet,113
Sea Bass Coated Baked Or Broiled Fat Not Added In Cooking,Fish,165,2.72,41,379,13.1,0.6,1.17,20.39,5.6,41,1.08,294,1 small fillet,113
Sea Bass Coated Fried,Fish,227,12.04,70,389,9.85,0.6,0.88,18.73,5,39,1.09,259,1 small fillet,113
Sea Bass Steamed Or Poached,Fish,122,2.52,52,399,0,0,0,23.18,7,13,0.37,274,1 small fillet,113
Sea Bass Pickled,Fish,155,10.26,23,529,4.03,0.6,1.28,11.01,3.2,15,0.38,200,1 oz boneless,28
Shark Cooked Ns As To Cooking Method,Fish,192,9.2,62,410,0.1,0,0.04,25.67,0.7,42,1.04,197,1 small fillet,170
Shark Baked Or Broiled Fat Added In Cooking,Fish,192,9.2,62,410,0.1,0,0.04,25.67,0.7,42,1.04,197,1 small fillet,170
Shark Baked Or Broiled Fat Not Added In Cooking,Fish,164,5.68,64,422,0.1,0,0.04,26.43,0.8,43,1.06,203,1 small fillet,170
Shark Coated Baked Or Broiled Fat Added In Cooking,Fish,238,10.56,49,373,12.52,0.6,1.12,21.88,0.7,62,1.56,192,1 small fillet,170
Shark Coated Baked Or Broiled Fat Not Added In Cooking,Fish,197,5.17,51,390,13.1,0.6,1.17,22.88,0.7,65,1.62,200,1 small fillet,170
Shark Coated Fried,Fish,255,14.18,79,399,9.85,0.6,0.88,20.9,0.7,59,1.56,177,1 small fillet,170
Shark Steamed Or Poached,Fish,163,5.67,64,412,0,0,0,26.38,0.8,43,1.06,171,1 small fillet,170
Sturgeon Cooked Ns As To Cooking Method,Fish,161,8.62,73,380,0.1,0,0.04,19.75,12.6,16,0.87,349,1 oz boneless raw (yield after cooking),23
Sturgeon Baked Or Broiled Fat Added In Cooking,Fish,161,8.62,73,380,0.1,0,0.04,19.75,12.6,16,0.87,349,1 oz boneless raw (yield after cooking),23
Sturgeon Steamed,Fish,132,5.08,75,383,0,0,0,20.3,13,17,0.88,304,1 oz boneless raw (yield after cooking),23
Sturgeon Coated Fried,Fish,234,13.78,86,378,9.85,0.6,0.88,16.77,9,42,1.44,283,1 oz boneless raw (yield after cooking),27
Swordfish Cooked Ns As To Cooking Method,Fish,209,11.81,81,413,0.1,0,0.04,24.06,17,6,0.48,513,1 small fillet,170
Swordfish Baked Or Broiled Fat Added In Cooking,Fish,209,11.81,81,413,0.1,0,0.04,24.06,17,6,0.48,513,1 small fillet,170
Swordfish Baked Or Broiled Fat Not Added In Cooking,Fish,182,8.38,83,425,0.1,0,0.04,24.76,17.5,7,0.48,528,1 small fillet,170
Swordfish Coated Baked Or Broiled Fat Added In Cooking,Fish,251,12.56,63,375,12.52,0.6,1.12,20.65,13.1,35,1.13,432,1 small fillet,170
Swordfish Coated Baked Or Broiled Fat Not Added In Cooking,Fish,211,7.26,65,392,13.1,0.6,1.17,21.59,13.7,36,1.17,452,1 small fillet,170
Swordfish Coated Fried,Fish,267,16,91,401,9.85,0.6,0.88,19.78,12.1,35,1.16,397,1 small fillet,170
Swordfish Steamed Or Poached,Fish,181,8.36,83,414,0,0,0,24.72,17.5,6,0.48,447,1 small fillet,170
Trout Cooked Ns As To Cooking Method,Fish,205,11.24,72,376,0.1,0,0.04,24.4,19.4,31,0.39,463,1 small fillet,113
Trout Baked Or Broiled Made With Oil,Fish,205,11.24,72,376,0.1,0,0.04,24.4,19.4,31,0.39,463,1 small fillet,113
Trout Baked Or Broiled Made With Butter,Fish,200,10.65,80,400,0.1,0,0.04,24.4,19.4,32,0.38,463,1 small fillet,113
Trout Baked Or Broiled Made With Margarine,Fish,193,9.86,72,401,0.13,0,0.04,24.37,19.6,32,0.38,463,1 small fillet,113
Trout Baked Or Broiled Made Without Fat,Fish,178,7.79,74,387,0.1,0,0.04,25.12,20,32,0.39,476,1 small fillet,113
Trout Baked Or Broiled Made With Cooking Spray,Fish,181,8.15,74,386,0.2,0,0.04,25.02,19.9,32,0.39,474,1 small fillet,113
Trout Coated Baked Or Broiled Made With Oil,Fish,248,12.12,56,347,12.52,0.6,1.12,20.91,15,53,1.06,394,1 small fillet,113
Trout Coated Baked Or Broiled Made With Butter,Fish,240,11.22,68,384,12.5,0.6,1.12,20.92,15,55,1.06,395,1 small fillet,113
Trout Coated Baked Or Broiled Made With Margarine,Fish,230,10.01,56,386,12.55,0.6,1.12,20.88,15.2,55,1.05,395,1 small fillet,113
Trout Coated Baked Or Broiled Made Without Fat,Fish,208,6.8,59,363,13.1,0.6,1.17,21.87,15.7,56,1.1,412,1 small fillet,113
Trout Coated Baked Or Broiled Made With Cooking Spray,Fish,210,7.09,58,362,13.14,0.6,1.17,21.8,15.6,56,1.1,411,1 small fillet,113
Trout Coated Fried Made With Oil,Fish,265,15.6,85,375,9.85,0.6,0.88,20.02,13.8,52,1.1,362,1 small fillet,113
Trout Coated Fried Made With Butter,Fish,250,13.96,104,431,9.86,0.6,0.88,20.09,13.8,54,1.09,364,1 small fillet,113
Trout Coated Fried Made With Margarine,Fish,234,12.1,85,434,9.93,0.6,0.88,20.03,14.1,54,1.09,365,1 small fillet,113
Trout Coated Fried Made Without Fat,Fish,221,8.11,100,441,11.6,0.7,1.03,23.56,16.2,61,1.28,426,1 small fillet,113
Trout Coated Fried Made With Cooking Spray,Fish,223,8.4,100,440,11.64,0.7,1.03,23.49,16.1,61,1.28,425,1 small fillet,113
Trout Steamed Or Poached,Fish,177,7.77,74,380,0,0,0,25.08,20,32,0.39,403,1 small fillet,113
Trout Smoked,Fish,251,10.99,105,608,0,0,0,35.47,28.3,45,0.56,671,1 oz boneless,28
Tuna Fresh Cooked Ns As To Cooking Method,Fish,166,4.28,48,369,0.1,0,0.04,29.85,2.1,5,0.95,541,1 small fillet,170
Tuna Fresh Baked Or Broiled Fat Added In Cooking,Fish,166,4.28,48,369,0.1,0,0.04,29.85,2.1,5,0.95,541,1 small fillet,170
Tuna Fresh Baked Or Broiled Fat Not Added In Cooking,Fish,138,0.62,49,380,0.1,0,0.04,30.73,2.1,5,0.97,557,1 small fillet,170
Tuna Fresh Coated Baked Or Broiled Fat Added In Cooking,Fish,218,6.8,37,341,12.52,0.6,1.12,25.08,1.7,34,1.5,454,1 small fillet,170
Tuna Fresh Coated Baked Or Broiled Fat Not Added,Fish,177,1.25,39,357,13.1,0.6,1.17,26.22,1.8,35,1.55,475,1 small fillet,170
Tuna Fresh Coated Fried,Fish,237,10.75,68,370,9.85,0.6,0.88,23.82,1.6,34,1.5,417,1 small fillet,170
Tuna Fresh Steamed Or Poached,Fish,137,0.62,49,373,0,0,0,30.68,2.1,5,0.97,471,1 small fillet,170
Tuna Fresh Dried,Fish,341,1.53,122,141,0,0,0,76.25,5.3,12,2.41,1378,1 cup nfs,42
Tuna Fresh Smoked,Fish,200,10.04,60,398,0,0,0,25.54,11.3,29,1.48,517,1 oz boneless,28
Whiting Cooked Ns As To Cooking Method,Fish,221,11.44,92,393,9.86,0.6,0.88,18.62,1.4,71,1.13,253,1 small fillet,113
Whiting Baked Or Broiled Made With Oil,Fish,143,5.28,82,402,0.1,0,0.04,22.4,1.7,59,0.43,306,1 small fillet,113
Whiting Baked Or Broiled Made With Butter,Fish,138,4.7,90,426,0.1,0,0.04,22.41,1.7,60,0.42,307,1 small fillet,113
Whiting Baked Or Broiled Made With Margarine,Fish,131,3.91,82,427,0.13,0,0.04,22.38,1.9,60,0.42,307,1 small fillet,113
Whiting Baked Or Broiled Made Without Fat,Fish,114,1.65,84,414,0.1,0,0.04,23.06,1.8,61,0.43,315,1 small fillet,113
Whiting Baked Or Broiled Made With Cooking Spray,Fish,117,2.04,84,412,0.2,0,0.04,22.98,1.8,60,0.43,314,1 small fillet,113
Whiting Coated Baked Or Broiled Made With Oil,Fish,201,7.57,64,367,12.52,0.6,1.12,19.39,1.5,75,1.09,275,1 small fillet,113
Whiting Coated Baked Or Broiled Made With Butter,Fish,193,6.68,76,403,12.5,0.6,1.12,19.4,1.5,76,1.08,276,1 small fillet,113
Whiting Coated Baked Or Broiled Made With Margarine,Fish,182,5.47,63,405,12.55,0.6,1.12,19.36,1.7,76,1.08,276,1 small fillet,113
Whiting Coated Baked Or Broiled Made Without Fat,Fish,158,2.05,66,383,13.1,0.6,1.17,20.28,1.5,78,1.13,287,1 oz boneless raw (yield after cooking),27
Whiting Coated Baked Or Broiled Made With Cooking Spray,Fish,161,2.35,66,382,13.14,0.6,1.17,20.22,1.5,78,1.13,286,1 small fillet,113
Whiting Coated Fried Made With Oil,Fish,221,11.45,92,393,9.85,0.6,0.88,18.62,1.4,71,1.13,253,1 small fillet,113
Whiting Coated Fried Made With Butter,Fish,206,9.8,111,449,9.86,0.6,0.88,18.7,1.4,73,1.12,255,1 oz boneless raw (yield after cooking),27
Whiting Coated Fried Made With Margarine,Fish,190,7.94,92,452,9.93,0.6,0.88,18.64,1.7,73,1.12,255,1 oz boneless raw (yield after cooking),27
Whiting Coated Fried Made Without Fat,Fish,169,3.22,109,462,11.6,0.7,1.03,21.92,1.6,84,1.31,298,1 oz boneless raw (yield after cooking),27
Whiting Coated Fried Made With Cooking Spray,Fish,172,3.52,108,461,11.64,0.7,1.03,21.85,1.6,84,1.31,297,1 oz boneless raw (yield after cooking),27
Whiting Steamed Or Poached,Fish,113,1.65,84,404,0,0,0,23.02,1.8,61,0.43,266,1 oz boneless raw (yield after cooking),23
Tilapia Cooked Ns As To Cooking Method,Fish,150,5.76,61,377,0.1,0,0.04,24.57,3.8,13,0.7,371,1 small fillet,113
Tilapia Baked Or Broiled Made With Oil,Fish,150,5.76,61,377,0.1,0,0.04,24.57,3.8,13,0.7,371,1 small fillet,113
Tilapia Baked Or Broiled Made With Butter,Fish,145,5.18,69,401,0.1,0,0.04,24.57,3.8,13,0.69,371,1 small fillet,113
Tilapia Baked Or Broiled Made With Margarine,Fish,138,4.38,61,403,0.13,0,0.04,24.54,3.9,13,0.69,372,1 small fillet,113
Tilapia Baked Or Broiled Made Without Fat,Fish,121,2.14,63,388,0.1,0,0.04,25.29,3.9,13,0.71,382,1 small fillet,113
Tilapia Baked Or Broiled Made With Cooking Spray,Fish,125,2.53,63,387,0.2,0,0.04,25.2,3.9,13,0.71,380,1 small fillet,113
Tilapia Coated Baked Or Broiled Made  With Oil,Fish,206,7.93,48,348,12.52,0.6,1.12,21.04,3,39,1.3,324,1 small fillet,113
Tilapia Coated Baked Or Broiled Made With Butter,Fish,198,7.05,60,385,12.5,0.6,1.12,21.05,3,41,1.29,325,1 small fillet,113
Tilapia Coated Baked Or Broiled Made With Margarine,Fish,188,5.83,48,387,12.55,0.6,1.12,21,3.3,41,1.29,325,1 small fillet,113
Tilapia Coated Baked Or Broiled Made Without Fat,Fish,164,2.43,50,364,13.1,0.6,1.17,22,3.2,41,1.35,339,1 small fillet,113
Tilapia Coated Baked Or Broiled Made With Cooking Spray,Fish,166,2.73,50,363,13.14,0.6,1.17,21.94,3.2,41,1.34,338,1 small fillet,113
Tilapia Coated Fried Made With Oil,Fish,226,11.78,78,376,9.85,0.6,0.88,20.14,2.8,39,1.32,298,1 small fillet,113
Tilapia Coated Fried Made With Butter,Fish,212,10.13,96,432,9.86,0.6,0.88,20.21,2.8,41,1.31,300,1 small fillet,113
Tilapia Coated Fried Made With Margarine,Fish,195,8.28,78,435,9.93,0.6,0.88,20.15,3.2,41,1.3,301,1 small fillet,113
Tilapia Coated Fried Made Without Fat,Fish,175,3.61,91,442,11.6,0.7,1.03,23.7,3.3,46,1.54,351,1 small fillet,113
Tilapia Coated Fried Made With Cooking Spray,Fish,178,3.91,91,441,11.64,0.7,1.03,23.63,3.3,46,1.53,350,1 small fillet,113
Tilapia Steamed Or Poached,Fish,121,2.14,63,381,0,0,0,25.25,3.9,13,0.71,323,1 small fillet,113
Frog Legs Ns As To Cooking Method,Fish,214,10.97,81,395,10.21,0.6,0.91,17.62,0.4,47,2.2,294,1 oz boneless cooked,28
Frog Legs Steamed,Fish,92,0.38,63,388,0,0,0,20.62,0.3,23,1.8,287,1 oz boneless cooked,28
Octopus Cooked Ns As To Cooking Method,Fish,222,11.63,79,547,12.16,0.6,0.91,16.3,0.2,78,5.56,351,1 oz boneless cooked,28
Octopus Steamed,Fish,163,2.07,95,712,4.37,0,0,29.62,0,105,9.48,626,1 oz boneless cooked,28
Octopus Dried,Fish,311,3.94,182,1313,8.34,0,0,56.52,0,201,20.1,1327,1 oz,28
Octopus Dried Boiled,Fish,163,2.07,96,559,4.38,0,0,29.69,0,100,8.55,439,1 cup cooked,106
Octopus Smoked,Fish,164,2.08,96,460,4.4,0,0,29.82,0,106,10.6,700,1 oz boneless cooked,28
Roe Shad Cooked,Fish,208,11.53,458,425,1.93,0,0.04,27.31,14.8,27,0.74,272,1 oz,28
Squid Baked Or Broiled Fat Added In Cooking,Fish,142,5.23,278,358,3.77,0,0.03,18.59,0,38,0.82,295,1 squid,272
Squid Baked Or Broiled Fat Not Added In Cooking,Fish,113,1.7,286,369,3.88,0,0.04,19.14,0,40,0.84,304,1 squid,272
Squid Coated Baked Or Broiled Fat Added In Cooking,Fish,198,7.44,213,332,15.01,0.6,1.09,16.42,0.2,59,1.38,265,1 oz cooked,28
Squid Coated Baked Or Broiled Fat Not Added In Cooking,Fish,156,2.06,223,347,15.7,0.6,1.14,17.17,0.2,61,1.43,277,1 oz cooked,28
Squid Coated Fried,Fish,231,11.93,242,382,12.94,0.6,0.91,16.89,0.2,60,1.47,259,1 oz cooked,28
Squid Steamed Or Boiled,Fish,183,2.75,464,428,6.13,0,0,31.02,0,64,1.22,441,1 oz boneless cooked,28
Squid Dried,Fish,348,5.22,882,900,11.65,0,0,58.94,0,122,2.58,931,1 oz boneless,28
Squid Pickled,Fish,93,1.32,223,1517,2.96,0,0.01,14.93,0,33,0.67,237,1 oz boneless,28
Squid Canned,Fish,106,1.59,268,313,3.54,0,0,17.9,0,37,0.74,226,1 cup,187
Turtle Cooked Ns As To Cooking Method,Fish,138,4.18,60,387,0.09,0,0.03,23.62,0,141,1.68,276,1 oz boneless cooked,28
Abalone Cooked Ns As To Cooking Method,Fish,157,4.49,101,665,7.26,0,0.03,20.4,0,37,3.81,300,1 oz boneless cooked,28
Abalone Floured Or Breaded Fried,Fish,242,11.38,111,610,15.53,0.6,0.91,18.24,0.2,59,3.69,263,1 oz cooked,28
Abalone Steamed Or Poached,Fish,209,1.51,169,940,11.97,0,0,34.05,0,62,5.72,448,1 oz cooked,28
Clams Cooked Ns As To Cooking Method,Fish,135,4.73,36,373,4.35,0,0.03,17.5,0,47,1.94,56,1 oz without shell cooked,28
Clams Baked Or Broiled Fat Added In Cooking,Fish,135,4.73,36,373,4.35,0,0.03,17.5,0,47,1.94,56,1 oz without shell cooked,28
Clams Baked Or Broiled Fat Not Added In Cooking,Fish,106,1.18,37,384,4.48,0,0.04,18.02,0,48,1.99,58,1 oz without shell cooked,28
Clams Coated Baked Or Broiled Fat Added In Cooking,Fish,192,7.06,28,343,15.46,0.6,1.09,15.59,0.2,65,2.23,83,1 oz without shell cooked,28
Clams Coated Baked Or Broiled Fat Not Added In Cooking,Fish,150,1.66,30,359,16.17,0.6,1.14,16.3,0.2,68,2.32,87,1 oz without shell cooked,28
Clams Coated Fried,Fish,226,11.56,63,393,13.37,0.6,0.91,16.09,0.2,66,2.3,82,1 oz without shell cooked,28
Clams Steamed Or Boiled,Fish,171,1.91,60,452,7.11,0,0,29.21,0,78,2.91,83,1 oz without shell cooked,28
Clams Canned,Fish,108,1.2,38,70,4.46,0,0,18.34,0,49,1.82,52,1 oz,28
Clams Smoked In Oil,Fish,192,11.82,34,394,4.05,0,0,16.64,0,45,1.85,52,1 oz,28
Crab Cooked Ns As To Cooking Method,Fish,82,0.74,96,647,0,0,0,17.76,0,91,0.5,257,1 oz without shell cooked,28
Crab Baked Or Broiled Fat Added In Cooking,Fish,131,4.47,116,777,0.09,0,0.03,21.33,0,109,0.61,310,1 cup cooked flaked and pieces,118
Crab Baked Or Broiled Fat Not Added In Cooking,Fish,102,0.91,119,800,0.1,0,0.04,21.96,0,112,0.62,320,1 cup cooked flaked and pieces,118
Crab Coated Baked Or Broiled Fat Added In Cooking,Fish,189,6.86,89,652,12.21,0.6,1.09,18.51,0.2,112,1.21,277,1 cup cooked flaked and pieces,118
Crab Coated Baked Or Broiled Fat Not Added In Cooking,Fish,147,1.45,93,681,12.77,0.6,1.14,19.36,0.2,117,1.26,290,1 cup cooked flaked and pieces,118
Crab Hard Shell Steamed,Fish,82,0.74,96,647,0,0,0,17.76,0,91,0.5,257,1 cup cooked flaked and pieces,118
Crab Soft Shell Coated Fried,Fish,223,11.36,122,693,10.21,0.6,0.91,18.93,0.2,112,1.31,271,1 oz cooked,28
Crayfish Coated Fried,Fish,218,11.55,137,395,10.21,0.6,0.91,17.24,0.2,55,1.61,309,1 oz without shell cooked,28
Crayfish Boiled Or Steamed,Fish,81,1.19,132,348,0,0,0,16.66,0,60,0.83,294,1 oz without shell cooked,28
Lobster Cooked Ns As To Cooking Method,Fish,88,0.85,145,737,0,0,0,18.88,0,96,0.29,229,1 small lobster (1 lb live weight) (yield after cooking shell removed),118
Lobster Baked Or Broiled Fat Added In Cooking,Fish,124,4.48,151,810,0.09,0,0.03,19.71,0,100,0.32,240,1 small lobster (1 lb live weight) (yield after cooking shell removed),118
Lobster Baked Or Broiled Fat Not Added In Cooking,Fish,95,0.92,156,834,0.1,0,0.04,20.29,0,103,0.32,247,1 small lobster (1 lb live weight) (yield after cooking shell removed),118
Lobster Coated Fried,Fish,218,11.37,149,718,10.21,0.6,0.91,17.72,0.2,106,1.1,219,1 oz without shell cooked,28
Lobster Steamed Or Boiled,Fish,88,0.85,145,665,0,0,0,18.88,0,91,0.26,160,1 small lobster (1 lb live weight) (yield after cooking shell removed),118
Lobster Coated Baked Or Broiled Fat Added In Cooking,Fish,184,6.87,117,677,12.21,0.6,1.09,17.27,0.2,106,0.99,223,1 small lobster (1 lb live weight) (yield after cooking shell removed),118
Lobster Coated Baked Or Broiled Fat Not Added In Cooking,Fish,142,1.46,122,708,12.77,0.6,1.14,18.07,0.2,111,1.03,233,1 small lobster (1 lb live weight) (yield after cooking shell removed),118
Mussels Cooked Ns As To Cooking Method,Fish,171,4.46,56,910,7.35,0,0,23.7,0,52,7.08,574,1 oz cooked,28
Mussels Steamed Or Poached,Fish,171,4.46,56,910,7.35,0,0,23.7,0,52,7.08,574,1 oz cooked,28
Oysters Cooked Ns As To Cooking Method,Fish,195,12.22,72,419,12.62,0.6,1.46,8.16,0.2,84,4.95,180,1 oz without shell cooked,28
Oysters Baked Or Broiled Fat Added In Cooking,Fish,93,5.62,48,407,3.34,0,0.77,6.82,0,71,5.51,188,1 oz without shell cooked,28
Oysters Baked Or Broiled Fat Not Added In Cooking,Fish,63,2.1,49,419,3.44,0,0.8,7.02,0,73,5.66,193,1 oz without shell cooked,28
Oysters Steamed,Fish,102,3.4,80,510,5.42,0,1.24,11.37,0,118,8.26,280,1 oz without shell cooked,28
Oysters Coated Fried,Fish,195,12.22,72,419,12.62,0.6,1.46,8.16,0.2,84,4.95,180,1 oz without shell cooked,28
Oysters Coated Baked Or Broiled Fat Added In Cooking,Fish,160,7.74,37,369,14.69,0.6,1.66,7.43,0.2,83,4.95,183,1 oz without shell cooked,28
Oysters Coated Baked Or Broiled Fat Not Added In Cooking,Fish,117,2.38,39,386,15.36,0.6,1.73,7.77,0.2,87,5.17,191,1 oz without shell cooked,28
Oysters Canned,Fish,74,2.68,60,122,4.25,0,0,7.67,0,49,7.28,249,1 oz cooked,28
Oysters Smoked,Fish,82,2.76,64,605,4.38,0,1,9.2,0,95,7.43,251,1 oz,28
Scallops Cooked Ns As To Cooking Method,Fish,114,4.17,29,498,3.89,0,0.03,14.39,0,7,0.46,246,1 oz cooked,28
Scallops Baked Or Broiled Fat Added In Cooking,Fish,114,4.17,29,498,3.89,0,0.03,14.39,0,7,0.46,246,1 cup raw yield cooked,144
Scallops Baked Or Broiled Fat Not Added In Cooking,Fish,85,0.6,29,512,4,0,0.04,14.81,0,8,0.47,253,1 cup raw yield cooked,144
Scallops Steamed Or Boiled,Fish,137,0.98,48,661,6.33,0,0,24.01,0,12,0.68,367,1 cup raw yield cooked,120
Scallops Coated Fried,Fish,211,11.14,58,486,13.03,0.6,0.91,13.78,0.2,37,1.21,223,1 oz cooked,28
Scallops Coated Baked Or Broiled Fat Added In Cooking,Fish,177,6.63,23,439,15.1,0.6,1.09,13.21,0.2,35,1.1,228,1 oz cooked,28
Scallops Coated Baked Or Broiled Fat Not Added In Cooking,Fish,134,1.22,24,459,15.8,0.6,1.14,13.82,0.2,36,1.14,238,1 oz cooked,28
Shrimp Cooked Ns As To Cooking Method,Fish,212,11.6,148,449,11.02,0.6,0.91,15.15,0.3,79,1.06,142,"1 tiny shrimp (""popcorn"")",1
Shrimp Baked Or Broiled Made With Oil,Fish,117,4.79,150,448,1.18,0,0.03,16.24,0.1,65,0.26,136,"1 tiny shrimp (""popcorn"")",1
Shrimp Baked Or Broiled Made With Butter,Fish,112,4.23,158,471,1.18,0,0.04,16.25,0.1,65,0.26,137,"1 tiny shrimp (""popcorn"")",1
Shrimp Baked Or Broiled Made With Margarine,Fish,105,3.45,150,472,1.21,0,0.03,16.22,0.3,65,0.25,137,"1 tiny shrimp (""popcorn"")",1
Shrimp Baked Or Broiled Made Without Fat,Fish,87,1.24,155,461,1.21,0,0.04,16.72,0.1,67,0.26,140,"1 tiny shrimp (""popcorn"")",1
Shrimp Baked Or Broiled Made With Cooking Spray,Fish,91,1.62,154,459,1.31,0,0.04,16.65,0.1,66,0.26,140,"1 tiny shrimp (""popcorn"")",1
Shrimp Steamed Or Boiled,Fish,91,1.29,161,347,1.16,0,0,17.37,0.1,69,0.24,101,1 oz without shell cooked,28
Shrimp Coated Fried Made With Oil,Fish,212,11.6,148,449,11.02,0.6,0.91,15.15,0.3,79,1.06,142,1 oz without shell cooked,28
Shrimp Coated Fried Made With Butter,Fish,197,9.89,167,507,11.02,0.6,0.91,15.22,0.3,81,1.04,144,1 oz without shell cooked,28
Shrimp Coated Fried Made With Margarine,Fish,181,7.97,148,510,11.1,0.6,0.91,15.16,0.6,81,1.04,144,1 oz without shell cooked,28
Shrimp Coated Fried Made Without Fat,Fish,147,2.84,164,497,12.2,0.7,1,16.77,0.3,88,1.15,157,1 oz without shell cooked,28
Shrimp Coated Fried Made With Cooking Spray,Fish,149,3.14,163,495,12.24,0.7,1,16.72,0.3,88,1.15,156,1 oz without shell cooked,28
Shrimp Coated Baked Or Broiled Made With Oil,Fish,178,7.11,116,400,13.04,0.6,1.09,14.62,0.2,79,0.95,144,1 oz without shell cooked,28
Shrimp Coated Baked Or Broiled Made With Butter,Fish,170,6.24,128,436,13.02,0.6,1.1,14.65,0.2,80,0.94,145,1 oz without shell cooked,28
Shrimp Coated Baked Or Broiled Made With Margarine,Fish,160,5.06,115,438,13.06,0.6,1.09,14.6,0.5,80,0.94,145,1 oz without shell cooked,28
Shrimp Coated Baked Or Broiled Made Without Fat,Fish,136,1.71,121,419,13.64,0.6,1.14,15.29,0.3,82,0.98,151,1 oz without shell cooked,28
Shrimp Coated Baked Or Broiled Made With Cooking Spray,Fish,138,2,121,418,13.67,0.6,1.14,15.25,0.3,82,0.98,150,1 oz without shell cooked,28
Shrimp Dried,Fish,253,3.44,638,2203,0,0,0,51.7,0,367,5.39,203,1 oz,28
Snails Cooked Ns As To Cooking Method,Fish,139,5.26,60,389,2.48,0,0.03,19.21,0,12,4.18,457,1 oz without shell cooked,28
Beef With Tomato-Based Sauce,Meats,149,6.36,63,363,1.58,0.4,1.06,21.72,0.1,9,2.05,264,1 cup,249
Beef Goulash,Meats,102,3.78,35,223,2.79,0.4,1.07,13.69,0,17,1.39,263,1 cup,249
Beef Burgundy,Meats,146,5.94,52,369,4.06,0.7,1.45,18.5,0.1,20,1.88,360,1 cup,244
Beef Stew No Potatoes Tomato-Based Sauce Mexican Style,Meats,115,4.39,43,436,3.33,0.5,1.13,14.8,0.1,16,1.59,287,1 cup,244
Beef Stew No Potatoes Tomato-Based Sauce With Chili Peppers Mexican Style,Meats,97,3.34,32,329,5.23,0.8,2.33,11.66,0.1,17,1.53,313,1 cup,244
Chili Con Carne Ns As To Beans,Meats,98,4.21,20,366,7.22,2.4,2.28,8.05,0,30,1.32,265,1 cup,254
Chili Con Carne With Beans Home Recipe,Meats,98,4.21,20,365,7.21,2.4,2.28,8.05,0,30,1.31,265,1 cup,254
Chili Con Carne With Beans,Meats,104,3.81,14,425,10.71,2.7,2.21,6.88,0,32,1.44,267,1 cup,254
Chili Con Carne Ns As To Beans With Cheese,Meats,123,5.03,14,460,12.58,3.1,1.8,6.69,0,68,1.28,254,1 cup,254
Chili Con Carne With Beans And Cheese,Meats,123,5.03,14,460,12.58,3.1,1.8,6.69,0,68,1.28,254,1 cup,254
Beef Sloppy Joe No Bun,Meats,138,6.77,34,566,8.75,0.9,6.35,10.78,0,26,1.52,317,1 cup,251
Beef With Gravy,Meats,156,7.05,64,360,1.58,0,0.09,21.56,0.1,8,1.79,188,1 cup,244
Beef With Cream Or White Sauce,Meats,186,9.44,65,350,2.74,0.1,1.31,22.5,0.4,40,1.86,222,1 cup,256
Beef Stroganoff,Meats,149,9.45,36,458,6,0.7,1.35,9.98,0.1,38,0.94,204,1 cup,256
Creamed Chipped Or Dried Beef,Meats,131,7.95,18,483,7.55,0.1,4.76,7.57,1.2,104,0.54,159,1 cup,246
Swedish Meatballs With Cream Or White Sauce,Meats,170,9.88,61,533,7.22,0.3,2.84,12.43,0.2,57,1.42,218,1 cup,246
Beef With Mushroom Sauce,Meats,163,7.53,63,356,1.84,0.1,0.59,21.96,0.2,19,1.8,202,1 cup,256
Beef With Soy-Based Sauce,Prepared Meals,184,12.21,43,333,3.37,0.5,1.16,15.83,0,18,1.45,204,1 cup,244
Steak Teriyaki,Prepared Meals,198,8.25,82,517,1.94,0,1.76,28.86,0.1,10,2.53,259,1 cup,244
Beef Curry,Meats,104,5.93,19,308,6.83,1.7,1.47,6.28,0,33,1.08,224,1 cup,236
Beef With Barbecue Sauce,Meats,187,6.23,61,361,11.75,0.3,9.58,20.86,0.1,14,1.89,236,1 cup,263
Beef With Sweet And Sour Sauce,Prepared Meals,183,8.24,26,349,16.28,0.8,9.2,11.6,0.1,32,1.34,208,1 cup,252
Stewed Seasoned Ground Beef Mexican Style,Meats,194,14.58,54,231,1.31,0.2,0.41,13.5,0.1,19,1.65,242,1 cup,222
Steak Tartare,Meats,197,13.84,157,144,1.56,0.4,0.47,15.67,0.6,32,2.11,263,1 cup,224
Meatballs Puerto Rican Style,Meats,239,17.19,64,774,6.87,0.8,1.71,13.82,0.3,25,1.78,315,1 meatball with sauce,50
Stewed Seasoned Ground Beef Puerto Rican Style,Meats,296,25.29,51,669,3.92,1,1.75,13.12,0.1,28,1.78,327,1 cup,200
Stewed Dried Beef Puerto Rican Style,Meats,253,18.76,45,1760,3.89,0.8,2.59,17.74,0,16,1.65,220,1 cup,200
Stuffed Pot Roast Puerto Rican Style Nfs,Meats,253,18.84,84,642,1.2,0.4,0.5,18.64,0.3,18,1.57,184,1 slice with gravy and stuffing,134
Beef Stew Meat With Gravy No Potatoes Puerto Rican Style,Meats,232,17.34,49,446,1.89,0.5,0.82,16.54,0.2,15,1.82,334,1 cup,235
Ham Or Pork With Gravy,Meats,160,7.49,58,349,1.58,0,0.09,20.15,0.5,16,0.79,309,1 cup,244
Ham Or Pork With Barbecue Sauce,Meats,205,7.19,59,523,12.69,0.3,10.35,21.04,0.5,23,0.99,381,1 cup,263
Sweet And Sour Pork,Prepared Meals,194,8.31,43,395,18.09,0.9,9.26,11.6,0.2,32,0.94,264,1 cup,226
Ham Stroganoff,Meats,130,9.04,29,705,4.97,0.7,1.88,7.52,0.3,33,0.45,169,1 cup,244
Ham Or Pork With Mushroom Sauce,Meats,166,7.97,57,352,1.84,0.1,0.59,20.54,0.7,27,0.8,323,1 cup,244
Ham Or Pork With Tomato-Based Sauce,Meats,153,6.8,56,352,1.59,0.4,1.06,20.3,0.5,17,1.05,385,1 cup,249
Sausage With Tomato-Based Sauce,Meats,234,19.09,60,864,2.58,0.4,1.82,13.28,1,11,1.12,327,1 cup,248
Sausage Gravy,Meats,163,11.96,25,232,7.31,0.1,4.4,6.67,0.4,96,0.45,182,1 cup,240
Pork Stew No Potatoes Tomato-Based Sauce Mexican Style,Meats,112,4.27,42,427,3.33,0.5,1.13,14.31,0.3,15,0.8,307,1 cup,244
Pork Or Ham With Soy-Based Sauce,Prepared Meals,187,12.52,39,342,3.37,0.5,1.16,14.84,0.3,23,0.76,287,1 cup,244
Pork Curry,Meats,89,4.32,13,306,6.64,1.5,1.46,6.17,0.1,32,0.81,245,1 cup,236
Frankfurter Or Hot Dog With Chili No Bun,Meats,213,15.77,34,645,8.4,1.7,1.57,8.86,0.4,24,1.26,311,1 frankfurter with sauce,125
Frankfurters Or Hot Dogs With Tomato-Based Sauce,Meats,238,20.71,43,899,3.77,0.4,1.92,8.94,0.7,15,1.11,343,1 cup,244
Pork With Chili And Tomatoes,Meats,97,4.02,32,119,3.03,0.7,1.74,11.75,0.3,16,0.69,333,1 cup,236
Stewed Pork Puerto Rican Style,Meats,197,12.48,54,580,2.77,0.7,1.3,17.94,0.4,20,1.1,402,1 cup,200
Chili Con Carne With Beans Made With Pork,Meats,106,5.12,22,369,7.2,2.4,2.28,8.07,0.1,30,1.04,278,1 cup,254
Lamb Or Mutton With Gravy,Meats,219,15.37,69,359,1.58,0,0.09,17.29,0.1,15,1.34,228,1 cup,244
Lamb Or Mutton Goulash,Meats,124,6.38,43,240,3.1,0.4,1.19,13.07,0.1,16,1.19,163,1 cup,249
Lamb Or Mutton Curry,Meats,94,5.58,12,317,7.05,1.7,1.52,4.48,0,34,0.96,224,1 cup,236
Stewed Goat Puerto Rican Style,Meats,260,17.71,63,755,2,0.5,0.89,22.39,0.1,21,3.06,386,1 cup,177
Veal With Gravy,Meats,161,5.19,95,356,1.58,0,0.09,25.4,0,9,0.95,279,1 cup,244
Veal Scallopini,Meats,240,17.57,67,373,1.54,0.4,0.55,18.39,0.3,39,1.01,261,1 slice with sauce,96
Veal With Cream Sauce,Meats,191,7.58,95,353,2.74,0.1,1.31,26.33,0.4,41,1.02,313,1 cup,246
Veal With Butter Sauce,Meats,152,9.34,74,510,1.49,0.2,0.12,15.07,0,8,0.68,169,1 cup,188
Veal Marsala,Meats,172,8.56,68,144,6.64,0.5,0.47,16.5,0,10,1.18,282,1 slice with sauce,96
Veal Parmigiana,Meats,203,12.04,66,429,8.04,0.8,1.6,15.14,1,99,1.28,243,1 patty with sauce and cheese,182
Veal Cordon Bleu,Meats,259,14.82,95,477,9.61,0.7,0.63,20.68,0.2,103,1.39,265,1 roll (with ham and sauce),229
Venison Or Deer With Tomato-Based Sauce,Meats,140,2.84,79,348,1.59,0.4,1.06,25.64,0,8,3.78,307,1 cup,249
Venison Or Deer With Gravy,Meats,147,3.53,80,345,1.58,0,0.09,25.48,0,7,3.52,231,1 cup,244
Chili Con Carne With Venison/deer And Beans,Meats,84,2.19,23,338,8.06,2.1,2.58,8.3,0,28,1.76,284,1 cup,254
Chicken Or Turkey Cacciatore,Meats,184,10.52,52,325,4.64,1,1.6,17.14,0.1,26,1.33,273,1 cup,244
Spaghetti Sauce With Poultry,Soups and Sauces,73,2.61,18,423,6.04,1.5,3.99,6.3,0,25,0.78,314,1 cup,260
Spaghetti Sauce With Poultry And Added Vegetables,Soups and Sauces,68,2.37,18,340,5.57,1.4,3.56,6.3,0,22,0.8,302,1 cup,260
Stewed Chicken With Tomato-Based Sauce Mexican Style,Meats,120,7.06,49,397,2.46,0.5,0.97,11.98,0,12,0.56,189,1 cup,244
Chili Con Carne With Chicken Or Turkey And Beans,Meats,84,2.67,21,373,7.36,2.4,2.27,8.42,0,32,1.13,278,1 cup,254
Chicken With Gravy,Meats,129,5.21,80,526,1.58,0,0.09,18.88,0,13,0.54,207,1 cup,244
Chicken Or Turkey Fricassee,Meats,121,7.14,46,419,3.5,0.1,0.26,10.65,0.2,9,0.51,117,1 cup,244
Turkey With Gravy,Meats,125,3.46,72,356,1.58,0,0.09,20.46,0.2,12,0.75,179,1 cup,244
Chicken Or Turkey With Cream Sauce,Meats,158,7.61,80,520,2.74,0.1,1.31,19.82,0.4,45,0.61,241,1 cup,241
Chicken Or Turkey With Mushroom Sauce,Meats,135,5.7,79,522,1.84,0.1,0.59,19.28,0.2,24,0.55,221,1 cup,256
Chicken Or Turkey With Teriyaki,Prepared Meals,163,5.96,105,723,1.62,0,1.47,25.73,0,16,0.86,285,1 cup,244
Chicken Shredded Or Pulled With Barbecue Sauce,Meats,167,4.64,79,550,12.23,0.3,9.97,19,0,20,0.7,265,1 cup,165
Chicken Curry,Meats,82,3.85,18,301,6.67,1.5,1.47,5.73,0,32,0.74,219,1/2 chicken breast with sauce,200
Chicken With Mole Sauce,Meats,157,7.51,79,497,3.45,0.8,1.92,19.54,0,20,0.88,262,1 cup,244
Chicken Or Turkey With Cheese Sauce,Meats,173,8.9,90,527,1.64,0,0.06,21.77,0.3,103,0.62,237,1 cup,241
Chicken Or Turkey Cordon Bleu,Meats,216,9.57,84,618,9.61,0.7,0.63,22.62,0.2,99,1.15,241,1 roll (1/2 breast with ham and sauce),229
Chicken Or Turkey Parmigiana,Meats,174,8.45,72,407,8.01,0.8,1.6,16.06,0.2,94,1.03,223,1 patty with sauce and cheese,182
Chicken Kiev,Meats,253,13.1,106,385,4.25,0.2,0.22,28,0.1,23,1.22,237,1 serving (1 whole breast),258
Stuffed Chicken Drumstick Or Breast Puerto Rican Style,Meats,234,10.43,166,886,6.53,0.3,0.36,28.07,0.4,85,1.38,296,"1 breast (4"" x 3"" x 3/4"")",210
Fish With Cream Or White Sauce Not Tuna Or Lobster,Fish,117,3.77,40,353,2.74,0.1,1.31,17.05,1.2,45,0.44,217,1 cup,249
Crab Deviled,Fish,187,9.62,89,645,13.28,0.6,4.73,11.92,0.4,77,1.06,222,1 cup,175
Crab Imperial,Fish,137,7.32,115,483,3.22,0.2,1.26,13.94,0.6,86,0.61,219,1 cup,259
Fish Timbale Or Mousse,Fish,148,10.97,104,254,1.75,0,0.95,10.22,2.4,42,0.42,146,1 cup,175
Lobster Newburg,Fish,241,20.14,171,476,3.59,0.1,2.4,11.61,1,111,0.39,202,1 cup,244
Lobster With Butter Sauce,Fish,159,9.78,154,503,0.01,0,0.01,16.98,0,88,0.26,207,1 cup,188
Shrimp Curry,Fish,75,3.15,33,180,7.14,1.7,1.49,5,0,45,0.73,213,1 cup,236
Shrimp Cocktail,Fish,121,1.48,138,413,10.76,0.6,4.09,15.37,0.1,69,0.5,218,1 cup,230
Tuna With Cream Or White Sauce,Fish,104,3.85,27,356,2.75,0.1,1.31,14.73,1.2,47,1.24,172,1 cup,237
Seafood Newburg,Fish,245,20.26,173,405,3.82,0.1,2.4,12.02,1,109,0.43,197,1 cup,244
Clam Sauce White,Fish,196,16.95,18,467,2.57,0.1,0.02,8.57,0,32,1.2,276,1 cup,240
Spaghetti Sauce With Seafood,Soups and Sauces,63,1.58,30,447,6.59,1.5,3.99,5.32,0,41,1.04,326,1 cup,260
Spaghetti Sauce With Seafood And Added Vegetables,Soups and Sauces,58,1.34,30,364,6.13,1.4,3.56,5.32,0,38,1.06,314,1 cup,260
Shrimp With Lobster Sauce,Fish,150,7.76,193,1032,2.22,0,0.8,16.79,0.2,100,1.61,114,1 cup,185
Sweet And Sour Shrimp,Prepared Meals,168,8.53,65,349,15.78,0.8,9.07,7.17,0.1,44,0.68,148,1 cup,176
Lobster Sauce,Soups and Sauces,146,10.41,69,918,4.21,0.1,1.57,8.6,0.5,16,0.55,129,1 cup,234
Oyster Sauce,Soups and Sauces,127,8.12,30,242,7.76,0.2,1.99,5.5,0.6,79,3.61,192,1 cup,256
Shrimp Scampi,Fish,195,11.73,182,97,1.77,0.1,0.06,19.7,0.1,82,0.44,159,1 cup,136
Fish Moochim,Fish,340,15.74,86,4965,10.72,0.8,8.51,37.85,2.3,139,2.34,933,1 tablespoon,5
Fish With Tomato-Based Sauce,Fish,80,0.69,38,350,1.59,0.4,1.06,16.28,0.8,14,0.63,259,1 cup,222
Fish Curry,Fish,70,2.93,9,265,6.83,1.7,1.47,4.5,0.1,32,0.71,232,1 cup,236
Mussels With Tomato-Based Sauce,Fish,92,2.32,28,404,5.02,0.4,0.89,12.2,0,30,3.8,362,1 cup,240
Shrimp Teriyaki,Prepared Meals,120,1.56,193,581,3.34,0,1.76,21.62,0.1,87,0.51,184,1 cup,201
Scallops With Cheese Sauce,Fish,137,5.06,40,615,5.43,0,0.06,17.48,0.3,100,0.51,262,1 cup,244
Ceviche,Fish,62,0.75,18,158,3.58,0.5,1.36,10.34,5,25,0.24,286,1 cup,250
Crabs In Tomato-Based Sauce Puerto Rican Style,Fish,140,8.62,66,619,2.97,0.6,1.16,12.54,0,73,0.72,264,1 cup,170
Shrimp In Garlic Sauce Puerto Rican Style,Fish,277,24.7,105,479,2.52,0.2,0.47,11.58,0.3,52,0.41,133,1 cup,212
Stewed Codfish No Potatoes Puerto Rican Style,Fish,105,4.27,35,107,4.46,1.1,2.11,12.13,0.4,17,0.55,244,1 cup,227
Meat With Barbecue Sauce Ns As To Type Of Meat,Meats,201,6.8,64,357,12.74,0.3,10.39,20.88,0.1,21,1.6,278,1 cup,263
Meatballs Ns As To Type Of Meat With Sauce,Meats,185,11.98,93,813,0.13,0,0.08,18.03,0.2,22,1.8,213,1 cup,235
Meat Loaf Puerto Rican Style,Meats,323,21.79,148,630,10.6,0.6,1.03,19.81,0.7,29,2.17,226,"1 serving (3"" x 1"" x 2"")",95
Meat With Tomato-Based Sauce,Meats,149,6.36,63,355,1.58,0.4,1.06,21.72,0.1,9,2.05,264,1 cup,249
Spaghetti Sauce With Meat,Soups and Sauces,89,4.46,18,429,6.04,1.5,3.99,5.92,0,26,1.06,317,1 cup,260
Spaghetti Sauce With Meat And Added Vegetables,Soups and Sauces,84,4.22,18,346,5.57,1.4,3.56,5.92,0,23,1.08,304,1 cup,260
Stewed Seasoned Ground Beef And Pork Mexican Style,Meats,139,6.98,53,343,1.48,0.3,0.46,16.7,0.2,18,1.24,280,1 cup,222
Meat With Gravy Ns As To Type Of Meat,Meats,156,7.05,64,360,1.58,0,0.09,21.56,0.1,8,1.79,188,1 cup,244
Beef And Potatoes No Sauce,Meats,133,4.93,20,305,14.52,1.3,0.65,7.92,0,8,0.78,293,1 cup,190
Beef Stew With Potatoes Tomato-Based Sauce,Meats,103,3.29,23,195,9.55,0.9,0.93,8.74,0,11,0.94,301,1 cup,252
Beef Stew With Potatoes Tomato-Based Sauce Mexican Style,Meats,110,3.59,35,356,6.47,0.9,1.1,12.48,0.1,15,1.46,315,1 cup,244
Beef Goulash With Potatoes,Meats,117,4.39,27,178,7.68,0.9,1.08,11.46,0,17,1.36,327,1 cup,244
Beef And Potatoes With Cream Sauce White Sauce Or Mushroom Sauce,Meats,101,3.81,17,332,8.67,0.7,1.32,7.72,0.3,30,0.66,183,1 cup,252
Beef Stew With Potatoes Gravy,Meats,100,3.47,25,176,7.63,0.9,0.57,9.19,0,12,1.12,283,1 cup,252
Beef Roast Hash,Meats,158,7.43,30,461,11.05,1.2,1.05,11.34,0.1,11,1.31,310,1 cup,190
Beef And Potatoes With Cheese Sauce,Meats,126,5.6,24,316,11.1,0.9,0.48,8.15,0.3,94,0.61,233,1 cup,249
Stewed Seasoned Ground Beef With Potatoes Mexican Style,Meats,154,10.09,37,172,5.61,0.8,0.71,9.9,0.1,16,1.36,290,1 cup,222
Beef And Noodles No Sauce,Meats,189,8.43,48,383,16.23,0.8,0.26,11.37,0.1,16,1.77,125,1 cup,156
Beef And Macaroni With Cheese Sauce,Meats,137,5.38,24,399,12.38,0.5,1.62,9.1,0.2,50,1.06,140,1 cup,246
Beef And Noodles With Tomato-Based Sauce,Meats,115,3.92,23,275,10.67,0.4,2.03,8.74,0.2,23,1.18,113,1 cup,249
Chili Con Carne With Beans And Macaroni,Meats,118,2.92,7,353,16.91,3,1.59,5.8,0,27,1.33,217,1 cup,253
Beef Goulash With Noodles,Meats,142,5.1,37,165,10.88,0.7,0.83,12.5,0,18,1.61,211,1 cup,249
Beef And Noodles With Gravy,Meats,138,5.07,32,305,15.39,0.7,0.32,7.7,0.1,11,1.24,75,1 cup,249
Beef And Noodles With Cream Or White Sauce,Meats,141,5.46,29,303,15.01,0.6,1.48,7.86,0.4,42,1.19,101,1 cup,249
Beef Stroganoff With Noodles,Meats,128,6.86,30,315,8.87,0.7,1,7.69,0.1,29,0.92,147,1 cup,256
Beef And Noodles With Mushroom Sauce,Meats,136,5.13,28,311,14.97,0.8,0.82,7.53,0.2,22,1.16,89,1 cup,249
Beef And Noodles With Soy-Based Sauce,Prepared Meals,171,9.91,35,273,7.56,0.6,0.94,13.16,0,15,1.2,166,1 cup,249
Beef And Rice No Sauce,Meats,145,5,17,312,17.23,0.2,0.03,7.27,0,8,1.21,68,1 cup,196
Biryani With Meat,Prepared Meals,144,6.77,29,98,12.07,0.9,1.67,8.4,0.1,30,0.99,199,1 cup,196
Beef And Rice With Tomato-Based Sauce,Meats,136,5.15,14,308,15.88,0.7,1.11,6.39,0,11,1.29,146,1 cup,244
Porcupine Balls With Tomato-Based Sauce,Meats,153,6.2,31,507,13.39,0.6,3,10.35,0,18,1.49,310,1 cup,176
Chili Con Carne With Beans And Rice,Meats,112,2.72,7,433,16.65,2.6,1.44,5.07,0,28,1.31,210,1 cup,250
Beef And Rice With Gravy,Meats,137,5.12,15,316,15.98,0.2,0.12,6.28,0,10,1.03,69,1 cup,222
Beef And Rice With Cream Sauce,Meats,140,5.36,15,312,15.89,0.2,1.26,6.7,0.4,40,1.02,96,1 cup,248
Beef And Rice With Mushroom Sauce,Meats,135,5.18,13,313,15.54,0.4,0.61,6.24,0.2,20,0.97,83,1 cup,248
Porcupine Balls With Mushroom Sauce,Meats,157,7.76,31,607,10.71,0.5,0.5,10.33,0.1,18,1.36,151,1 cup,176
Beef And Rice With Soy-Based Sauce,Prepared Meals,176,10.12,36,275,7.98,0.5,0.97,13.55,0,17,1.42,175,1 cup,244
Beef And Rice With Cheese Sauce,Meats,143,5.34,24,301,14.78,0.4,0.23,8.06,0,33,1.35,109,1 cup,248
Meat Loaf Made With Beef,Meats,199,10.65,74,422,7.22,0.5,1.89,17.43,0.1,57,2.09,275,1 small or thin slice,86
Meat Loaf Made With Beef With Tomato-Based Sauce,Meats,159,8.3,57,433,6.79,0.7,2.27,13.74,0.1,47,1.83,280,1 small or thin slice,109
Beef Wellington,Meats,368,27.35,83,182,10.1,0.4,0.12,19.1,0.3,9,3.3,268,1 slice,116
Creamed Dried Beef On Toast,Meats,127,5.94,36,823,7.74,0.2,4.07,10.89,0.7,77,0.9,160,1 slice toast with sauce,145
Stuffed Pot Roast With Potatoes Puerto Rican Style,Meats,345,23.47,75,1019,7.77,1,0.67,24.41,0.3,14,2.5,574,"1 serving (1 slice 3/4"" x 3"" with 1/4 cup potatoes)",190
Beef Stew With Potatoes Puerto Rican Style,Meats,218,14.69,42,573,6.57,1,0.93,14.58,0.1,16,1.75,404,1 cup,212
Stewed Corned Beef Puerto Rican Style,Meats,195,11.03,39,499,10.33,1.4,0.86,13.44,0.1,14,1.46,306,1 cup,280
Meat Loaf Made With Ham,Meats,178,7.47,90,880,6.13,0.3,1.69,20.67,0.9,28,1.27,323,1 small or thin slice,86
Ham And Noodles With Cream Or White Sauce,Meats,140,5.57,25,488,15.31,0.7,1.51,6.81,0.5,43,1.03,127,1 cup,244
Ham And Rice With Mushroom Sauce,Meats,135,5.18,9,581,16.28,0.4,0.64,5.36,0.3,21,0.84,110,1 cup,248
Ham Or Pork With Stuffing,Meats,143,8.27,13,319,10.43,0.4,1.13,6.26,0.1,21,0.71,108,1 cup,200
Ham Croquette,Meats,273,20.7,84,1178,2.58,0.2,0.51,17.98,0.8,18,1.3,323,"1 croquette (1-1/2"" dia 2"" high)",62
Pork And Rice With Tomato-Based Sauce,Meats,139,5,13,311,16.78,0.7,1.17,6.42,0.1,13,1.13,182,1 cup,244
Sausage And Rice With Tomato-Based Sauce,Meats,134,5.49,13,673,16.4,0.7,1.3,4.63,0.2,11,1.11,163,1 cup,244
Sausage And Rice With Mushroom Sauce,Meats,142,6.01,14,489,16.8,0.4,0.82,4.85,0.4,22,0.84,102,1 cup,244
Sausage And Rice With Cheese Sauce,Meats,151,7.61,21,373,13.94,0.2,0.22,6.32,0.4,88,0.78,97,1 cup,244
Sausage And Noodles With Cream Or White Sauce,Meats,154,7.92,28,368,14.82,0.6,1.6,5.91,0.6,41,0.97,112,1 cup,244
Ham And Noodles No Sauce,Meats,143,5.54,29,484,15.88,0.8,0.25,7.15,0.2,10,1.19,101,1 cup,157
Ham Or Pork And Rice No Sauce,Meats,142,4.99,14,308,16.8,0.2,0.03,6.73,0.1,10,0.92,97,1 cup,196
Ham Or Pork And Potatoes With Gravy,Meats,125,6.33,14,301,11.68,0.9,0.54,5.4,0.1,10,0.36,242,1 cup,252
Ham Or Pork And Potatoes With Cheese Sauce,Meats,127,5.69,22,300,11.11,0.9,0.48,7.86,0.4,96,0.4,258,1 cup,249
Stewed Pig's Feet Puerto Rican Style,Meats,141,9.2,43,496,4.1,0.5,0.75,10.23,0.1,10,0.74,179,1 cup (yield after bone removed),184
Stuffed Pork Roast Puerto Rican Style,Meats,159,8.06,59,390,1.93,0.5,0.94,18.76,0.7,17,0.88,327,"1 slice (3"" x 3/4"") with stuffing",120
Pork Stew With Potatoes Tomato-Based Sauce Mexican Style,Meats,109,3.84,38,383,5.06,0.7,1.11,13.08,0.3,14,0.81,321,1 cup,244
Lamb Or Mutton Loaf,Meats,183,11.04,79,468,7.43,0.3,4.76,13.06,0.5,48,1.36,180,1 small or thin slice,86
Lamb Or Mutton And Potatoes With Gravy,Meats,129,6.46,17,308,12.53,1,0.58,5.13,0,10,0.51,241,1 cup,252
Lamb Or Mutton And Potatoes With Tomato-Based Sauce,Meats,125,6.22,16,301,12.48,1.5,1.63,5.26,0,12,0.79,322,1 cup,252
Lamb Or Mutton And Noodles With Gravy,Meats,141,5.48,34,315,15.63,0.7,0.32,6.8,0.1,13,1.15,86,1 cup,249
Meat Loaf Made With Venison/deer,Meats,166,6.67,84,384,6.32,0.4,1.65,18.96,0.3,44,2.73,309,1 small or thin slice,86
Veal And Noodles With Cream Or White Sauce,Meats,145,5.83,35,303,14.47,0.6,1.43,8.35,0.4,41,0.98,116,1 cup,224
Venison Or Deer And Noodles With Cream Or White Sauce,Meats,142,5.49,32,301,14.47,0.6,1.43,8.37,0.4,40,1.5,106,1 cup,249
Chicken Or Turkey Hash,Meats,110,4.1,30,258,8.49,1.3,1.27,9.68,0.1,23,0.8,340,1 cup,190
Chicken Or Turkey And Potatoes With Gravy,Meats,119,6.19,26,441,8.91,0.9,0.51,7.27,0,11,0.62,232,1 cup,242
Chicken Or Turkey And Noodles No Sauce,Meats,148,6.14,39,354,15.47,0.7,0.25,7.73,0.1,11,1.05,75,1 cup,157
Chicken Or Turkey And Noodles With Gravy,Meats,140,5.67,35,351,15.23,0.7,0.31,6.99,0.1,12,0.94,79,1 cup,224
Chicken Or Turkey And Noodles With Mushroom Sauce,Meats,136,5.45,32,338,14.87,0.8,0.82,6.91,0.2,23,0.89,93,1 cup,224
Chicken Or Turkey And Noodles With Cream Or White Sauce,Meats,141,5.64,33,352,15.22,0.7,1.5,7.39,0.4,44,0.94,107,1 cup,224
Chicken Or Turkey And Noodles With Cheese Sauce,Meats,146,6.16,41,341,13.56,0.6,0.24,8.95,0.3,97,0.91,99,1 cup,224
Chicken Or Turkey Tetrazzini,Meats,118,4.78,37,388,6.96,0.5,0.23,11.96,0.1,18,0.43,129,1 cup,246
Chicken Or Turkey And Noodles With Tomato-Based Sauce,Meats,136,5.44,34,343,15.17,1.1,1.36,7.12,0.1,13,1.22,161,1 cup,224
Chicken Or Turkey And Noodles With Soy-Based Sauce,Prepared Meals,155,8.88,44,392,7.62,0.6,1,11.58,0,18,0.49,171,1 cup,224
Chicken Or Turkey And Rice No Sauce,Meats,148,5.84,20,353,16.97,0.2,0.03,6.46,0,9,0.86,72,1 cup,196
Biryani With Chicken,Prepared Meals,102,2.36,25,162,13.42,0.9,1.85,7.04,0.1,31,0.7,223,1 cup,196
Chicken Or Turkey And Rice With Cream Sauce,Meats,136,5.87,27,382,12.77,0.5,2.04,8.1,0.5,46,0.83,143,1 cup,248
Chicken Or Turkey And Rice With Mushroom Sauce,Meats,135,5.47,16,346,15.44,0.4,0.61,5.66,0.2,21,0.72,86,1 cup,248
Chicken Or Turkey And Rice With Tomato-Based Sauce,Meats,141,6.18,17,349,15.66,0.6,1.09,5.72,0,12,1.01,148,1 cup,244
Chicken Or Turkey And Rice With Soy-Based Sauce,Prepared Meals,160,9.07,45,396,8.03,0.5,1.03,11.93,0,19,0.69,180,1 cup,244
Chicken In Cheese Sauce With Spanish Rice,Meats,160,7.7,51,518,12.82,0.3,0.76,9.72,0.3,54,0.88,135,1 meal (10 oz),284
Chicken Or Turkey With Dumplings,Meats,144,5.49,61,489,7.94,0.3,0.46,15.63,0.1,49,0.9,172,1 cup,244
Chicken Or Turkey With Stuffing,Meats,172,4.88,77,454,11.74,0.5,1.27,20.04,0,25,1.09,229,1 cup,200
Chicken Or Turkey Cake Patty Or Croquette,Meats,262,18.7,121,576,2.56,0.2,0.51,20.85,0.2,23,0.87,228,1 cake or patty,85
Chicken Or Turkey Souffle,Dairy and Egg Products ,169,11.14,146,396,5.48,0.1,2.32,11.7,1.1,72,0.85,171,1 cup,159
Meat Loaf Made With Chicken Or Turkey,Meats,172,7.19,81,452,8.11,0.6,2.17,18.71,0.3,62,1.55,248,1 small or thin slice,86
Meat Loaf Made With Chicken Or Turkey With Tomato-Based Sauce,Meats,145,6.14,65,454,7.3,0.8,2.47,15.41,0.4,50,1.45,267,1 small or thin slice,109
Clams Stuffed,Fish,200,11.2,20,530,12.92,0.9,1.57,11.85,0.2,46,1.74,130,1 small (12 in 11 oz frozen package),26
Codfish Ball Or Cake,Fish,178,7.39,55,372,12.95,0.9,0.86,14.29,0.9,25,0.72,306,1 ball,63
Crab Cake,Fish,205,14.75,111,416,2.58,0.2,0.51,14.57,0.2,78,0.7,215,NULL,NULL
Fish Cake Or Patty Ns As To Fish,Fish,204,10.66,53,285,12.63,0.9,0.84,13.9,0.9,28,0.7,443,1 cake or patty,120
Gefilte Fish,Fish,113,3.8,64,275,1.03,0.1,0.27,17.52,9.1,42,0.63,235,1 cup,227
Salmon Cake Or Patty,Fish,246,18.16,69,413,2.58,0.2,0.51,17.12,7.1,191,0.85,244,1 ball,63
Salmon Loaf,Fish,192,9.89,103,672,9.14,0.5,2.25,15.72,8.5,184,1.3,284,1 slice,105
Scallops And Noodles With Cheese Sauce,Fish,145,5.64,32,313,15.05,0.6,0.26,8.46,0.4,101,0.93,109,1 cup,224
Shrimp And Noodles No Sauce,Fish,146,5.5,59,145,16.43,0.8,0.26,7.3,0.1,26,1.01,57,1 cup,157
Shrimp And Noodles With Gravy,Fish,130,5.18,49,178,14.7,0.6,0.3,6.02,0.1,23,0.83,58,1 cup,224
Shrimp And Noodles With Mushroom Sauce,Fish,133,5.24,46,227,15.05,0.8,0.81,6.3,0.2,34,0.83,76,1 cup,224
Shrimp And Noodles With Cream Or White Sauce,Fish,144,5.46,50,172,16.24,0.7,1.58,7.14,0.4,58,0.92,95,1 cup,224
Shrimp And Noodles With Soy-Based Sauce,Prepared Meals,139,7.11,82,293,8.19,0.6,0.96,10.18,0,51,0.34,138,1 cup,224
Shrimp And Noodles With Cheese Sauce,Fish,136,5.37,54,192,13.45,0.6,0.24,8.18,0.3,106,0.83,81,1 cup,224
Shrimp And Noodles With Tomato Sauce,Fish,134,5.22,49,172,15.39,1.1,1.36,6.46,0.1,25,1.15,143,1 cup,224
Tuna Loaf,Fish,232,11.83,83,341,9.35,0.5,2.3,20.98,4.5,69,1.58,183,1 slice,105
Tuna Cake Or Patty,Fish,206,14.89,67,393,2.57,0.2,0.51,15.66,1.1,25,1.51,157,1 cake or patty,120
Clam Cake Or Patty,Fish,246,15.31,77,410,6.77,0.2,0.51,19.04,0.3,59,2.25,477,1 cake or patty,120
Oyster Fritter,Fish,196,16.22,82,421,5.22,0.2,0.39,6.93,0.2,45,5.25,193,1 fritter,40
Flounder With Crab Stuffing,Fish,136,5.51,71,433,5.74,0.4,0.9,15.01,2.4,57,0.75,211,1 piece,210
Lobster With Bread Stuffing Baked,Fish,175,8.2,119,659,9.86,0.6,1.23,14.85,0,97,0.91,189,1 lobster,400
Clams Casino,Fish,118,4.76,16,326,9.82,1.2,2.04,8.72,0.1,43,1.19,158,1 clam,30
Mackerel Cake Or Patty,Fish,258,15.12,74,412,13.18,1,0.87,16.5,4.7,165,1.72,299,1 cake or patty,120
Haddock Cake Or Patty,Fish,204,10.66,53,285,12.63,0.9,0.84,13.9,0.9,28,0.7,443,1 cake or patty,120
Shrimp Cake Or Patty,Fish,230,15.45,193,182,3.67,0.2,0.51,18.1,0.3,78,0.57,151,1 cake or patty,120
Shrimp With Crab Stuffing,Fish,174,8.94,141,539,6.09,0.3,0.35,16.39,0.3,79,0.88,198,1 cup,140
Shrimp Toast Fried,Fish,223,15.44,57,605,12.66,0.9,1.62,8.42,0,51,0.75,170,1/2 slice,48
Seafood Souffle,Dairy and Egg Products ,151,9.83,148,440,5.47,0.1,2.32,9.91,1.2,88,0.99,143,1 cup,159
Tuna Noodle Casserole With Cream Or White Sauce,Fish,169,7.52,30,275,15.29,0.7,2.1,10.19,0.9,64,1.4,142,1 cup,224
Tuna Noodle Casserole With Mushroom Sauce,Fish,138,5.17,27,341,13.89,0.8,1.15,9.15,0.6,36,1.28,115,1 cup,224
Tuna And Rice With Mushroom Sauce,Fish,127,5.16,6,303,15.38,0.4,0.6,4.62,0.3,21,0.84,72,1 cup,248
Fish And Rice With Tomato-Based Sauce,Fish,135,5.12,9,310,16.53,0.7,1.15,5.41,0.2,12,1.02,151,1 cup,248
Fish And Rice With Cream Sauce,Fish,133,5.1,10,314,15.74,0.2,1.25,5.54,0.5,40,0.73,94,1 cup,248
Fish And Rice With Mushroom Sauce,Fish,134,5.16,9,308,16.12,0.4,0.63,5.34,0.4,22,0.71,85,1 cup,248
Fish And Noodles With Mushroom Sauce,Fish,131,5.1,23,312,14.79,0.8,0.81,6.29,0.4,23,0.85,87,1 cup,224
Shellfish And Noodles With Tomato-Based Sauce,Fish,134,5.04,36,239,15.74,1.1,1.36,6.58,0.1,23,1.34,179,1 cup,224
Stewed Salmon Puerto Rican Style,Fish,145,6.93,31,449,8.48,1.3,1.27,12.03,7.6,131,0.85,401,1 cup,212
Meat Loaf Ns As To Type Of Meat,Meats,202,10.96,75,422,7.21,0.5,1.89,17.42,0.3,57,2.09,272,1 small or thin slice,86
Meatballs With Breading Ns As To Type Of Meat With Gravy,Meats,144,7.53,47,474,6.32,0.5,1.26,12.28,0.1,38,1.56,202,1 cup,235
Meat Loaf Made With Beef And Pork,Meats,196,10.42,75,419,7.19,0.5,1.88,17.21,0.5,55,1.9,268,1 small or thin slice,86
Meat Loaf Made With Beef Veal And Pork,Meats,196,10.42,75,419,7.19,0.5,1.88,17.21,0.5,55,1.9,268,1 small or thin slice,86
Meat Loaf Made With Beef And Pork With Tomato-Based Sauce,Meats,157,8.13,58,431,6.76,0.7,2.26,13.58,0.4,46,1.69,274,1 small or thin slice,109
Vienna Sausages Stewed With Potatoes Puerto Rican Style,Meats,215,16.12,28,467,13.1,1.7,1.31,5.09,0.2,16,1,360,1 cup,175
Liver Dumpling,Meats,286,15.45,335,718,12.8,0.7,0.95,23.05,1.4,40,5.36,300,1 cup,250
Breaded Brains Puerto Rican Style,Meats,246,14.73,1690,320,17.4,0.5,2,10.09,0.6,53,2.23,210,"1 serving (2 fritters 3-1/2"" x 2-1/2"" x 1/2"")",120
Stewed Seasoned Ground Beef And Pork With Potatoes Mexican Style,Meats,143,8.03,43,193,4.19,0.6,0.49,12.84,0.2,16,1.16,305,1 cup,222
Beef Potatoes And Vegetables Including Carrots Broccoli And/or Dark-Green Leafy; No Sauce,Meats,125,5.15,16,314,13.46,1.8,1.19,6.93,0,14,0.78,280,1 cup,162
Beef Potatoes And Vegetables Excluding Carrots Broccoli And Dark-Green Leafy; No Sauce,Meats,130,5.1,16,306,14.97,1.7,1.12,6.97,0,12,0.78,287,1 cup,162
Corned Beef Potatoes And Vegetables Including Carrots Broccoli And/or Dark-Green Leafy; No Sauce,Meats,126,6,18,318,13.73,1.8,1.21,4.76,0,15,0.67,264,1 cup,162
Corned Beef Potatoes And Vegetables Excluding Carrots Broccoli And Dark-Green Leafy; No Sauce,Meats,127,5.38,18,312,15.35,1.7,1.14,4.84,0,12,0.67,273,1 cup,162
Beef Stew With Potatoes And Vegetables Including Carrots Broccoli And/or Dark-Green Leafy; Tomato-Based Sauce,Meats,90,3.96,14,304,8.25,1.2,1.58,5.23,0,14,1.75,206,1 cup,252
Beef Stew With Potatoes And Vegetables Excluding Carrots Broccoli And Dark-Green Leafy; Tomato-Based Sauce,Meats,82,2.33,16,218,8.5,1.4,1.02,6.63,0,15,0.97,246,1 cup,252
Beef Stew With Potatoes And Vegetables Including Carrots Broccoli And/or Dark-Green Leafy; Gravy,Meats,79,2.18,15,202,8.6,1.4,1.23,6.22,0,15,0.89,246,1 cup,252
Beef Stew With Potatoes And Vegetables Excluding Carrots Broccoli And Dark-Green Leafy; Gravy,Meats,83,2.38,16,216,8.48,1.2,0.85,6.76,0,13,0.96,238,1 cup,252
Shepherd's Pie With Beef,Meats,109,3.16,12,238,14.16,1.4,1.36,6.36,0.1,15,0.77,294,1 cup,243
Beef Potatoes And Vegetables Including Carrots Broccoli And/or Dark-Green Leafy; Gravy,Meats,128,7.16,13,303,11.17,1.4,0.94,5.23,0,13,0.6,215,1 cup,252
Beef Potatoes And Vegetables Excluding Carrots Broccoli And Dark-Green Leafy; Gravy,Meats,125,6.34,13,313,12.36,1.3,0.9,5.3,0,11,0.6,221,1 cup,252
Beef Potatoes And Vegetables Including Carrots Broccoli And/or Dark-Green Leafy; Cream Sauce White Sauce Or Mushroom Sauce,Meats,127,7.06,11,308,11.13,1.4,1.31,5.27,0.2,22,0.57,216,1 cup,252
Beef Potatoes And Vegetables Excluding Carrots Broccoli And Dark-Green Leafy; Cream Sauce White Sauce Or Mushroom Sauce,Meats,127,6.68,12,303,12.19,1.3,1.27,5.32,0.2,20,0.58,221,1 cup,252
Beef Potatoes And Vegetables Including Carrots Broccoli And/or Dark-Green Leafy; Tomato-Based Sauce,Meats,125,6.96,12,310,11.13,1.7,1.78,5.33,0,14,0.82,280,1 cup,252
Beef Potatoes And Vegetables Excluding Carrots Broccoli And Dark-Green Leafy; Tomato-Based Sauce,Meats,125,6.56,12,305,12.28,1.6,1.74,5.39,0,12,0.82,286,1 cup,252
Beef Potatoes And Vegetables Including Carrots Broccoli And/or Dark-Green Leafy; Cheese Sauce,Meats,127,5.43,23,305,11.82,1.4,0.96,8.14,0.3,96,0.69,253,1 cup,252
Beef Potatoes And Vegetables Excluding Carrots Broccoli And Dark-Green Leafy; Cheese Sauce,Meats,131,5.43,23,305,12.97,1.3,0.91,8.17,0.3,94,0.69,259,1 cup,252
Beef Potatoes And Vegetables Including Carrots Broccoli And/or Dark-Green Leafy; Soy-Based Sauce,Prepared Meals,146,8.68,31,246,6.04,1.2,1.41,11.65,0,21,1.16,232,1 cup,252
Beef Potatoes And Vegetables Excluding Carrots Broccoli And Dark-Green Leafy; Soy-Based Sauce,Prepared Meals,145,8.69,31,236,5.84,0.9,1.55,11.67,0,17,1.23,221,1 cup,252
Beef Noodles And Vegetables Including Carrots Broccoli And/or Dark-Green Leafy; No Sauce,Meats,147,5.19,34,317,16.71,1.5,0.91,8.71,0.1,17,1.48,109,1 cup,162
Beef Noodles And Vegetables Excluding Carrots Broccoli And Dark-Green Leafy; No Sauce,Meats,150,4.91,34,301,18.29,1.4,0.84,8.78,0.1,14,1.49,116,1 cup,162
Beef Chow Mein Or Chop Suey With Noodles,Prepared Meals,130,4.18,22,365,12.29,1.2,2.25,10.44,0,22,1.66,206,1 cup,220
Beef Noodles And Vegetables Including Carrots Broccoli And/or Dark-Green Leafy; Soy-Based Sauce,Prepared Meals,137,7.48,26,217,7.7,1.3,1.35,10.25,0,21,1.03,194,1 cup,217
Beef Noodles And Vegetables Excluding Carrots Broccoli And Dark-Green Leafy; Soy-Based Sauce,Prepared Meals,139,7.72,27,211,7.47,0.9,1.49,10.51,0,16,1.11,175,1 cup,217
Beef Noodles And Vegetables Including Carrots Broccoli And/or Dark-Green Leafy; Tomato-Based Sauce,Meats,125,5.06,25,311,13.74,1.5,1.62,6.74,0.1,16,1.35,159,1 cup,249
Beef Noodles And Vegetables Excluding Carrots Broccoli And Dark-Green Leafy; Tomato-Based Sauce,Meats,129,5.07,25,306,14.86,1.4,1.56,6.77,0.1,14,1.35,164,1 cup,249
Beef Noodles And Vegetables Including Carrots Broccoli And/or Dark-Green Leafy; Mushroom Sauce,Meats,125,5.06,24,304,13.58,1.2,1.14,6.6,0.2,24,1.07,102,1 cup,249
Beef Noodles And Vegetables Excluding Carrots Broccoli And Dark-Green Leafy; Mushroom Sauce,Meats,128,5.02,24,311,14.63,1.1,1.1,6.62,0.2,22,1.07,107,1 cup,249
Beef Noodles And Vegetables Including Carrots Broccoli And/or Dark-Green Leafy; Gravy,Meats,127,5.04,26,305,13.81,1.1,0.75,6.65,0.1,15,1.13,92,1 cup,249
Beef Noodles And Vegetables Excluding Carrots Broccoli And Dark-Green Leafy; Gravy,Meats,130,5.05,26,306,14.94,1,0.7,6.68,0.1,13,1.12,97,1 cup,249
Beef Rice And Vegetables Including Carrots Broccoli And/or Dark-Green Leafy; No Sauce,Meats,148,4.86,16,313,18.38,1,0.69,7.54,0,16,1.31,106,1 cup,162
Beef Rice And Vegetables Excluding Carrots Broccoli And Dark-Green Leafy; No Sauce,Meats,149,4.29,16,334,20,0.9,0.62,7.62,0,13,1.32,113,1 cup,162
Beef Rice And Vegetables Including Carrots Broccoli And/or Dark-Green Leafy; Tomato-Based Sauce,Meats,131,5.4,12,307,14.9,1.1,1.45,5.85,0,15,1.22,156,1 cup,249
Beef Rice And Vegetables Excluding Carrots Broccoli And/or Dark-Green Leafy; Tomato-Based Sauce,Meats,131,4.99,12,302,16.08,1,1.4,5.91,0,13,1.22,162,1 cup,249
Stuffed Cabbage Rolls With Beef And Rice,Meats,112,5.03,38,339,8.51,1.3,3.34,8.45,0.1,28,1.24,241,1 cabbage roll,103
Stuffed Grape Leaves With Beef And Rice,Meats,234,18.08,23,315,11.18,3.1,2.36,7.9,0,99,1.87,224,1 roll,21
Beef Rice And Vegetables Including Carrots Broccoli And/or Dark-Green Leafy; Mushroom Sauce,Meats,129,5.22,12,312,14.69,0.9,0.99,5.78,0.2,23,0.95,100,1 cup,249
Beef Rice And Vegetables Excluding Carrots Broccoli And Dark-Green Leafy; Mushroom Sauce,Meats,133,5.22,12,306,15.73,0.8,0.94,5.8,0.2,21,0.95,105,1 cup,249
Beef Rice And Vegetables Including Carrots Broccoli And/or Dark-Green Leafy; Cheese Sauce,Meats,147,5.51,23,303,15.54,0.8,0.58,8.58,0.3,97,1.09,120,1 cup,249
Beef Rice And Vegetables Excluding Carrots Broccoli And Dark-Green Leafy; Cheese Sauce,Meats,143,5.24,22,302,15.85,0.7,0.5,8.18,0.3,90,1.04,119,1 cup,249
Beef Rice And Vegetables Including Carrots Broccoli And/or Dark-Green Leafy; Gravy,Meats,130,5.18,13,307,15.01,0.8,0.59,5.77,0,14,1,90,1 cup,249
Beef Rice And Vegetables Excluding Carrots Broccoli And Dark-Green Leafy; Gravy,Meats,134,5.18,13,315,16.13,0.7,0.54,5.8,0,12,1,95,1 cup,249
Beef Rice And Vegetables Including Carrots Broccoli And/or Dark-Green Leafy; Soy-Based Sauce,Prepared Meals,140,7.6,27,218,8.01,1.2,1.37,10.49,0,22,1.19,201,1 cup,217
Beef Rice And Vegetables Excluding Carrots Broccoli And Dark-Green Leafy; Soy-Based Sauce,Prepared Meals,143,7.84,27,212,7.79,0.8,1.51,10.76,0,17,1.27,182,1 cup,217
Beef Pot Pie,Meats,223,13.5,16,396,17.09,1.2,0.9,7.99,0,11,1.55,167,"1 pie (8 oz frozen 4""-5"" dia)",227
Beef Dumplings And Vegetables Including Carrots Broccoli And/or Dark-Green Leafy; Gravy,Meats,127,6.3,14,307,11.59,0.9,1.14,6.08,0.1,71,1.06,101,1 cup,249
Beef Dumplings And Vegetables Excluding Carrots Broccoli And Dark-Green Leafy; Gravy,Meats,129,6.09,14,301,12.74,0.8,1.09,6.12,0.1,70,1.06,107,1 cup,249
Stuffed Green Pepper Puerto Rican Style,Meats,161,7.23,23,634,15.56,2.1,3.48,8.63,0,45,1.91,315,"1 pepper (3-1/2"" x 3-1/2"" x 2"")",250
Ham Pot Pie,Meats,233,14.16,12,622,18.48,1.3,1.13,7.99,0.2,12,1.38,186,1 pie,632
Ham Or Pork Noodles And Vegetables Excluding Carrots Broccoli And Dark-Green Leafy; No Sauce,Meats,150,4.91,32,313,18.31,1.4,0.84,8.42,0.2,16,1.23,147,1 cup,162
Ham Or Pork Noodles And Vegetables Including Carrots Broccoli And/or Dark-Green Leafy; No Sauce,Meats,147,5.19,32,302,16.74,1.5,0.91,8.35,0.2,19,1.23,140,1 cup,162
Ham Or Pork Noodles And Vegetables Excluding Carrots Broccoli And Dark-Green Leafy; Cheese Sauce,Meats,155,6.42,35,301,15.32,1.1,0.69,9.18,0.4,97,1.02,150,1 cup,241
Pork Potatoes And Vegetables Including Carrots Broccoli And/or Dark-Green Leafy; No Sauce,Meats,128,5.43,14,316,13.44,1.8,1.19,6.55,0.1,16,0.52,310,1 cup,162
Ham Or Pork Noodles And Vegetables Including Carrots Broccoli And/or Dark-Green Leafy; Tomato-Based Sauce,Meats,125,5.02,24,315,13.75,1.5,1.62,6.48,0.1,18,1.16,182,1 cup,249
Sausage Noodles And Vegetables Excluding Carrots Broccoli And Dark-Green Leafy; Tomato-Based Sauce,Meats,131,5.69,25,382,15.34,1.4,1.74,5.26,0.2,15,1.19,180,1 cup,249
Sausage Noodles And Vegetables Including Carrots Broccoli And/or Dark-Green Leafy; Tomato-Based Sauce,Meats,127,5.69,25,388,14.19,1.5,1.8,5.22,0.2,17,1.19,174,1 cup,249
Pork Potatoes And Vegetables Including Carrots Broccoli And/or Dark-Green Leafy; Tomato-Based Sauce,Meats,126,7.07,10,308,11.29,1.7,1.78,5.01,0.1,16,0.64,315,1 cup,252
Pork Potatoes And Vegetables Excluding Carrots Broccoli And Dark-Green Leafy; Tomato-Based Sauce,Meats,126,6.64,11,301,12.28,1.6,1.74,5.12,0.1,13,0.63,309,1 cup,252
Sausage Potatoes And Vegetables Including Carrots Broccoli And/or Dark-Green Leafy; Gravy,Meats,127,7.53,13,357,11.61,1.4,1.11,3.73,0.2,14,0.43,231,1 cup,252
Sausage Potatoes And Vegetables Excluding Carrots Broccoli And Dark-Green Leafy; Gravy,Meats,128,7.12,13,353,12.78,1.3,1.06,3.78,0.2,12,0.43,238,1 cup,252
Pork Potatoes And Vegetables Including Carrots Broccoli And/or Dark-Green Leafy; Gravy,Meats,125,6.84,12,306,11.22,1.4,0.95,4.98,0.1,14,0.41,238,1 cup,252
Pork Potatoes And Vegetables Excluding Carrots Broccoli And Dark-Green Leafy; Gravy,Meats,126,6.43,12,301,12.37,1.3,0.9,5.03,0.1,13,0.41,244,1 cup,252
Pork Potatoes And Vegetables Excluding Carrots Broccoli And Dark-Green Leafy; No Sauce,Meats,133,5.44,14,308,14.94,1.7,1.12,6.59,0.1,13,0.52,317,1 cup,162
Pork Chow Mein Or Chop Suey With Noodles,Prepared Meals,144,5.67,23,363,12.29,1.2,2.25,10.07,0.2,22,1.14,218,1 cup,220
Pork Rice And Vegetables Including Carrots Broccoli And/or Dark-Green Leafy; Soy-Based Sauce,Prepared Meals,142,7.79,24,223,8.01,1.2,1.37,9.89,0.2,25,0.76,252,1 cup,217
Pork Rice And Vegetables Excluding Carrots Broccoli And Dark-Green Leafy; Soy-Based Sauce,Prepared Meals,144,8.04,25,217,7.79,0.8,1.51,10.14,0.2,21,0.84,235,1 cup,217
Pork Rice And Vegetables Including Carrots Broccoli And/or Dark-Green Leafy; Tomato-Based Sauce,Meats,128,5.07,11,310,14.96,1.1,1.45,5.61,0.1,17,1.03,180,1 cup,249
Pork Rice And Vegetables Excluding Carrots Broccoli And Dark-Green Leafy; Tomato-Based Sauce,Meats,132,5.07,11,304,16.08,1,1.4,5.64,0.1,15,1.03,185,1 cup,249
Ham Potatoes And Vegetables Excluding Carrots Broccoli And Dark-Green Leafy; No Sauce,Meats,125,5.06,11,457,15.02,1.7,1.12,5.56,0.1,12,0.57,316,1 cup,162
Ham Potatoes And Vegetables Including Carrots Broccoli And/or Dark-Green Leafy; No Sauce,Meats,127,5.9,10,461,13.4,1.8,1.18,5.47,0.1,14,0.56,306,1 cup,162
Sweet And Sour Pork With Rice,Prepared Meals,184,7,36,331,19.98,0.8,7.76,10.16,0.2,28,0.99,227,1 cup,244
Shepherd's Pie With Lamb,Meats,122,5.04,17,337,12.47,1.4,1.42,6.98,0.1,17,0.79,297,1 cup,243
Lamb Or Mutton Stew With Potatoes And Vegetables Including Carrots Broccoli And/or Dark-Green Leafy; Gravy,Meats,103,2.28,23,289,11.69,1.7,1.07,8.82,0,13,1,235,1 cup,252
Lamb Or Mutton Rice And Vegetables Excluding Carrots Broccoli And Dark-Green Leafy; Gravy,Meats,136,5.51,14,309,16.34,0.7,0.55,5.05,0,14,0.92,104,1 cup,252
Lamb Or Mutton Rice And Vegetables Including Carrots Broccoli And/or Dark-Green Leafy; Tomato-Based Sauce,Meats,129,5.31,13,316,15.15,1.1,1.47,5.13,0,17,1.15,166,1 cup,252
Lamb Or Mutton Rice And Vegetables  Including Carrots Broccoli And/or Dark-Green Leafy; Gravy,Meats,132,5.5,14,315,15.2,0.8,0.6,5.02,0,16,0.92,99,1 cup,252
Lamb Or Mutton Stew With Potatoes And Vegetables Excluding Carrots Broccoli And Dark-Green Leafy; Gravy,Meats,99,2.3,23,234,10.74,1.3,1.21,8.78,0,10,1.02,224,1 cup,252
Stuffed Grape Leaves With Lamb And Rice,Meats,266,21.21,26,67,11.86,3.3,2.34,8.23,0,106,1.83,194,1 roll,21
Lamb Or Mutton Stew With Potatoes And Vegetables Including Carrots Broccoli And/or Dark-Green Leafy; Tomato-Based Sauce,Meats,97,1.89,22,277,11.66,1.9,1.69,8.25,0,14,1.04,273,1 cup,252
Lamb Or Mutton Stew With Potatoes And Vegetables Excluding Carrots Broccoli And Dark-Green Leafy; Tomato-Based Sauce,Meats,93,1.9,22,278,10.72,1.5,1.82,8.2,0,12,1.07,262,1 cup,252
Veal Fricassee Puerto Rican Style,Meats,168,7.97,55,616,7.24,1.2,1.28,16.38,0,15,1.01,373,1 cup,230
Veal Stew With Potatoes And Vegetables Including Carrots Broccoli And/or Dark-Green Leafy; Tomato-Based Sauce,Meats,79,2.76,15,245,7.1,1.4,1.38,6.34,0.4,17,0.63,196,1 cup,252
Veal Stew With Potatoes And Vegetables Excluding Carrots Broccoli And/or Dark-Green Leafy; Tomato-Based Sauce,Meats,82,2.58,14,225,8.55,1.4,1.04,6.18,0.4,15,0.69,226,1 cup,252
Rabbit Stew With Potatoes And Vegetables,Meats,63,1.81,18,282,4.44,0.7,0.99,6.97,0,14,0.71,162,1 cup,252
Stewed Rabbit Puerto Rican Style,Meats,210,12.44,46,441,6.85,1,0.92,17.18,0,20,1.74,342,1 cup boneless,219
Venison Or Deer Stew With Potatoes And Vegetables Including Carrots Broccoli And/or Dark-Green Leafy; Tomato-Based Sauce,Meats,71,0.82,19,212,8.39,1.6,1.98,7.52,0,16,1.34,282,1 cup,252
Venison Or Deer Stew With Potatoes And Vegetables Excluding Carrots Broccoli And Dark-Green Leafy; Tomato-Based Sauce,Meats,72,0.84,20,225,8.38,1.6,1.9,7.79,0,15,1.4,272,1 cup,252
Venison Or Deer Potatoes And Vegetables Including Carrots Broccoli And/or Dark-Green Leafy; Gravy,Meats,126,6.5,16,317,11.17,1.4,0.94,5.95,0,13,0.92,222,1 cup,252
Venison Or Deer Potatoes And Vegetables Excluding Carrots Broccoli And Dark-Green Leafy; Gravy,Meats,127,6.1,16,313,12.31,1.3,0.9,6.01,0,11,0.92,228,1 cup,252
Venison Or Deer Noodles And Vegetables Including Carrots Broccoli And/or Dark-Green Leafy; Tomato-Based Sauce,Meats,129,5.11,28,311,13.64,1.5,1.61,7.43,0,16,1.67,166,1 cup,249
Venison Or Deer Noodles And Vegetables Excluding Carrots Broccoli And Dark-Green Leafy; Tomato-Based Sauce,Meats,133,5.11,28,305,14.75,1.4,1.55,7.47,0,14,1.67,171,1 cup,249
Chicken Or Turkey Potatoes Corn And Cheese With Gravy,Meats,127,6.37,12,359,13.56,1.1,1.24,4.72,0.3,40,0.42,217,1 kfc bowl,531
Chicken Or Turkey Potatoes And Vegetables Including Carrots Broccoli And/or Dark-Green Leafy; No Sauce,Meats,129,5.97,20,345,13.29,1.8,1.18,6.16,0,15,0.46,281,1 cup,162
Chicken Or Turkey Potatoes And Vegetables Excluding Carrots Broccoli And Dark-Green Leafy; No Sauce,Meats,132,5.7,20,356,14.81,1.7,1.11,6.21,0,13,0.45,289,1 cup,162
Chicken Or Turkey Potatoes And Vegetables Including Carrots Broccoli And/or Dark-Green Leafy; Gravy,Meats,123,6.82,16,342,11.17,1.4,0.94,4.72,0,14,0.36,218,1 cup,252
Chicken Or Turkey Potatoes And Vegetables Excluding Carrots Broccoli And Dark-Green Leafy; Gravy,Meats,126,6.82,16,336,12.27,1.3,0.89,4.75,0,12,0.36,223,1 cup,252
Chicken Or Turkey Potatoes And Vegetables Including Carrots Broccoli And/or Dark-Green Leafy; Cream Sauce White Sauce Or Mushroom Sauce,Meats,125,7.11,14,343,11.08,1.4,1.3,4.78,0.1,23,0.36,218,1 cup,252
Chicken Or Turkey Potatoes And Vegetables Excluding Carrots Broccoli And Dark-Green Leafy; Cream Sauce White Sauce Or Mushroom Sauce,Meats,125,6.74,14,339,12.15,1.3,1.26,4.83,0.1,21,0.36,224,1 cup,252
Chicken Or Turkey Potatoes And Vegetables Including Carrots Broccoli And/or Dark-Green Leafy; Cheese Sauce,Meats,128,5.93,26,343,11.71,1.4,0.96,7.54,0.3,96,0.44,255,1 cup,252
Chicken Or Turkey Potatoes And Vegetables Excluding Carrots Broccoli And Dark-Green Leafy; Cheese Sauce,Meats,132,5.93,26,337,12.86,1.3,0.9,7.57,0.3,94,0.44,260,1 cup,252
Chicken Or Turkey Potatoes And Vegetables Including Carrots Broccoli And/or Dark-Green Leafy; Tomato-Based Sauce,Meats,123,7.02,14,341,11.09,1.7,1.78,4.81,0,15,0.58,282,1 cup,252
Chicken Or Turkey Potatoes And Vegetables Excluding Carrots Broccoli And Dark-Green Leafy; Tomato-Based Sauce,Meats,127,7.03,14,336,12.18,1.6,1.72,4.84,0,13,0.58,287,1 cup,252
Chicken Or Turkey Stew With Potatoes And Vegetables Including Carrots Broccoli And/or Dark-Green Leafy; Gravy,Meats,75,2.3,21,254,7.86,1.2,1.46,6.08,0,16,0.5,238,1 cup,252
Chicken Or Turkey Stew With Potatoes And Vegetables Excluding Carrots Broccoli And Dark-Green Leafy; Gravy,Meats,80,2.26,20,254,8.58,1.5,1.62,6.58,0,15,0.69,217,1 cup,252
Chicken Or Turkey Stew With Potatoes And Vegetables Including Carrots Broccoli And/or Dark-Green Leafy; Tomato-Based Sauce,Meats,80,2.38,21,292,9.05,1.9,2.36,6.33,0,27,0.7,305,1 cup,247
Chicken Or Turkey Stew With Potatoes And Vegetables Excluding Carrots Broccoli And Dark-Green Leafy; Tomato- Based Sauce,Meats,85,2.34,20,291,9.74,2.2,2.49,6.83,0,26,0.88,281,1 cup,247
Chicken Or Turkey Noodles And Vegetables Including Carrots Broccoli And/or Dark-Green Leafy; No Sauce,Meats,146,5.46,37,351,16.59,1.5,0.9,7.95,0.1,18,1.15,113,1 cup,162
Chicken Or Turkey Noodles And Vegetables Excluding Carrots Broccoli And Dark-Green Leafy; No Sauce,Meats,151,5.41,37,352,18.11,1.4,0.83,8,0.1,15,1.15,120,1 cup,162
Chicken Or Turkey Noodles And Vegetables Including Carrots Broccoli And/or Dark-Green Leafy; Gravy,Meats,129,5.62,29,336,13.69,1.1,0.75,6.08,0,16,0.88,95,1 cup,224
Chicken Or Turkey Noodles And Vegetables Excluding Carrots Broccoli And Dark-Green Leafy; Gravy,Meats,129,5.2,29,345,14.86,1,0.7,6.13,0,14,0.88,100,1 cup,224
Chicken Or Turkey Noodles And Vegetables Including Carrots Broccoli And/or Dark-Green Leafy; Cream Sauce White Sauce Or Mushroom Sauce,Meats,128,5.63,26,338,13.46,1.2,1.13,6.06,0.2,25,0.84,105,1 cup,224
Chicken Or Turkey Noodles And Vegetables Excluding Carrots Broccoli And/or Dark-Green Leafy; Cream Sauce White Sauce Or Mushroom Sauce,Meats,131,5.63,26,345,14.49,1.1,1.08,6.09,0.2,23,0.84,109,1 cup,224
Chicken Or Turkey Noodles And Vegetables Including Carrots Broccoli And/or Dark-Green Leafy; Tomato-Based Sauce,Meats,129,5.84,28,348,13.58,1.5,1.6,6.16,0,17,1.1,161,1 cup,224
Chicken Or Turkey Noodles And Vegetables Excluding Carrots Broccoli And Dark-Green Leafy; Tomato-Based Sauce,Meats,133,5.84,28,343,14.69,1.4,1.55,6.19,0,15,1.1,166,1 cup,224
Chicken Or Turkey Chow Mein Or Chop Suey With Noodles,Prepared Meals,131,4.72,33,446,12.27,1.2,2.24,9.57,0,21,1.04,176,1 cup,220
Chicken Or Turkey Noodles And Vegetables Including Carrots Broccoli And/or Dark-Green Leafy; Cheese Sauce,Meats,145,5.97,39,346,14.16,1.1,0.74,8.9,0.3,99,0.97,125,1 cup,244
Chicken Or Turkey Noodles And Vegetables Excluding Carrots Broccoli And Dark-Green Leafy; Cheese Sauce,Meats,149,5.97,39,340,15.32,1.1,0.69,8.93,0.3,97,0.97,130,1 cup,244
Chicken Or Turkey Rice And Vegetables Including Carrots Broccoli And/or Dark-Green Leafy; No Sauce,Meats,150,5.47,20,345,18.2,1,0.69,6.78,0,17,0.98,110,1 cup,162
Chicken Or Turkey Rice And Vegetables Excluding Carrots Broccoli And Dark-Green Leafy; No Sauce,Meats,151,4.96,20,357,19.78,0.9,0.62,6.85,0,14,0.98,117,1 cup,162
Chicken Or Turkey Rice And Vegetables Including Carrots Broccoli And/or Dark-Green Leafy; Gravy,Meats,132,5.66,16,345,14.89,0.8,0.59,5.21,0,15,0.75,92,1 cup,252
Chicken Or Turkey Rice And Vegetables Excluding Carrots Broccoli And Dark-Green Leafy; Gravy,Meats,134,5.46,16,339,16.03,0.7,0.54,5.25,0,13,0.75,98,1 cup,252
Chicken Or Turkey Rice Corn And Cheese With Gravy,Meats,153,8.1,16,431,14.84,0.7,1.33,5.87,0.3,44,0.69,140,1 kfc bowl,384
Chicken Or Turkey Rice And Vegetables Including Carrots Broccoli And/or Dark-Green Leafy; Soy-Based Sauce,Prepared Meals,128,6.82,33,308,8.05,1.2,1.42,9.3,0,24,0.65,205,1 cup,217
Chicken Or Turkey Rice And Vegetables Excluding Carrots Broccoli And Dark-Green Leafy; Soy-Based Sauce,Prepared Meals,130,7.04,35,305,7.83,0.8,1.56,9.53,0,19,0.72,186,1 cup,217
Chicken Or Turkey Rice And Vegetables Including Carrots Broccoli And/or Dark-Green Leafy; Cream Sauce White Sauce Or Mushroom Sauce,Meats,130,5.67,14,347,14.58,0.8,0.98,5.26,0.1,24,0.72,103,1 cup,252
Chicken Or Turkey Rice And Vegetables Excluding Carrots Broccoli And Dark-Green Leafy; Cream Sauce White Sauce Or Mushroom Sauce,Meats,131,5.28,14,342,15.67,0.8,0.94,5.31,0.2,22,0.72,108,1 cup,252
Chicken Or Turkey Rice And Vegetables Including Carrots Broccoli And/or Dark-Green Leafy; Cheese Sauce,Meats,142,5.15,26,344,15.54,0.8,0.58,8.05,0.3,98,0.85,123,1 cup,249
Chicken Or Turkey Rice And Vegetables Excluding Carrots Broccoli And Dark-Green Leafy; Cheese Sauce,Meats,146,5.16,26,338,16.69,0.7,0.53,8.09,0.3,96,0.85,129,1 cup,249
Chicken Or Turkey Rice And Vegetables Including Carrots Broccoli And/or Dark-Green Leafy; Tomato-Based Sauce,Meats,129,5.47,15,345,14.84,1.1,1.44,5.32,0,16,0.98,159,1 cup,249
Chicken Or Turkey Rice And Vegetables Excluding Carrots Broccoli And Dark-Green Leafy; Tomato-Based Sauce,Meats,133,5.48,15,339,15.94,1,1.39,5.35,0,14,0.98,164,1 cup,249
Chicken Or Turkey Stuffing And Vegetables Including Carrots Broccoli And/or Dark-Green Leafy; No Sauce,Meats,159,8.74,21,369,13.28,1.3,1.95,7.12,0,30,0.86,135,1 cup,162
Chicken Or Turkeystuffing And Vegetables Excluding Carrots Broccoli And Dark Green Leafy; No Sauce,Meats,165,8.75,21,361,14.85,1.2,1.88,7.17,0,27,0.86,142,1 cup,162
Chicken Or Turkey Stuffing And Vegetables Including Carrots Broccoli And/or Dark-Green Leafy; Gravy,Meats,131,7.18,17,380,11.27,1,1.52,5.46,0,25,0.66,111,1 cup,244
Chicken Or Turkey Stuffing And Vegetables Excluding Carrots Broccoli And Dark-Green Leafy; Gravy,Meats,128,6.82,16,355,11.81,0.8,1.4,5.22,0,21,0.63,111,1 cup,244
Chicken Or Turkey Dumplings And Vegetables Including Carrots Broccoli And/or Dark Green Leafy; Gravy,Meats,126,6.57,17,345,11.52,0.9,1.13,5.53,0.1,72,0.82,104,1 cup,249
Chicken Or Turkey Dumplings And Vegetables Excluding Carrots Broccoli And Dark Green Leafy; Gravy,Meats,127,6.16,17,341,12.69,0.8,1.09,5.58,0.1,70,0.82,110,1 cup,249
Chicken Fricassee Puerto Rican Style,Meats,170,10.49,44,756,7.15,1.2,1.26,12.16,0.1,18,0.78,317,1 cup boneless,223
Paella With Seafood,Prepared Meals,142,4.68,25,610,16.43,0.8,0.93,8.04,0,18,1.22,113,1 cup,240
Seafood Stew With Potatoes And Vegetables Excluding Carrots Broccoli And Dark-Green Leafy; Tomato-Based Sauce,Fish,73,1.66,39,366,5.72,0.8,1.57,8.68,0.3,36,0.75,237,1 cup,252
Shrimp Chow Mein Or Chop Suey With Noodles,Prepared Meals,118,3.33,65,372,12.47,1.1,2.19,8.72,0,45,0.9,144,1 cup,220
Shrimp Creole With Rice,Fish,124,3.67,108,436,11.9,0.8,0.96,10.12,0.1,77,1.57,114,1 cup,243
Tuna Pot Pie,Fish,220,13.17,12,274,16.32,1.3,1.71,8.96,1.6,24,1.33,135,1 pie,769
Tuna Noodle Casserole With Vegetables Cream Or White Sauce,Fish,149,6.42,25,233,14.1,0.9,2.3,8.92,0.8,56,1.38,167,1 cup,224
Fish Noodles And Vegetables Including Carrots Broccoli And/or Dark Green Leafy; Cheese Sauce,Fish,137,5.22,31,310,14.16,1.1,0.74,8.35,0.5,99,0.94,120,1 cup,244
Fish Noodles And Vegetables Excluding Carrots Broccoli And Dark-Green Leafy; Cheese Sauce,Fish,141,5.22,31,303,15.32,1.1,0.69,8.39,0.5,97,0.94,125,1 cup,244
Bouillabaisse,Fish,98,3.7,41,256,2.15,0.3,0.61,13.43,3.4,33,0.72,281,1 cup,227
Oyster Pie,Fish,245,15.99,22,294,19.82,0.8,2.31,5.36,0.5,71,2.43,157,1 pie,656
Seafood Stew With Potatoes And Vegetables Including Carrots Broccoli And/or Dark-Green Leafy; Tomato-Based Sauce,Fish,72,1.34,39,373,5.98,0.9,1.67,8.82,0.3,37,0.76,245,1 cup,252
Tuna Noodle Casserole With Vegetables And Mushroom Sauce,Fish,123,4.46,23,291,12.94,1,1.49,8.08,0.5,33,1.28,143,1 cup,224
Codfish With Starchy Vegetables Puerto Rican Style,Fish,133,5.26,6,51,18.49,2.7,2.74,3.53,0.1,29,0.52,421,1 cup,173
Stewed Codfish Puerto Rican Style,Fish,113,3.89,30,82,8.65,1.3,1.74,10.93,0.3,17,0.57,286,1 cup,200
Biscayne Codfish Puerto Rican Style,Fish,185,11.88,19,301,11.12,1.9,1.85,9.22,0.4,23,0.87,410,1 cup,175
Stew Nfs,Meats,90,3.96,14,304,8.25,1.2,1.58,5.23,0,14,1.75,206,1 cup,252
Goulash Nfs,Meats,161,7.43,54,262,8.7,0.9,1.6,15.3,0.1,14,1.73,209,1 cup,249
Chow Mein Or Chop Suey Ns As To Type Of Meat With Noodles,Prepared Meals,131,4.72,33,446,12.27,1.2,2.24,9.57,0,21,1.04,176,1 cup,220
Paella Nfs,Prepared Meals,167,7.08,33,738,15.8,0.6,0.67,9.54,0.1,19,1.27,127,1 cup,240
Brunswick Stew,Meats,120,5.07,37,232,7.48,1.2,1.14,11.36,0.1,17,0.73,256,1 cup,243
Chow Mein Or Chop Suey Various Types Of Meat With Noodles,Prepared Meals,135,4.86,26,391,12.28,1.2,2.24,10.02,0.1,22,1.28,200,1 cup,220
Stewed Variety Meats Mostly Liver Puerto Rican Style,Meats,110,2.48,201,338,5.7,1,1.91,15.78,0.5,15,3.14,275,1 cup,165
Stewed Tripe With Potatoes Puerto Rican Style,Meats,108,4.02,53,562,9.46,1.7,2.03,8.58,0.1,43,0.86,273,1 cup,280
Gumbo With Rice,Fish,88,3.39,30,401,6.42,0.9,1.67,8.18,0.1,27,0.62,173,1 cup,244
Jambalaya With Meat And Rice,Prepared Meals,178,9.48,55,417,8.53,0.7,0.94,14.5,0.2,19,1.01,235,1 cup,244
Beef And Vegetables Including Carrots Broccoli And/or Dark-Green Leafy; No Potatoes No Sauce,Meats,116,6.73,31,316,3,1.4,1.27,11.41,0,19,1.14,164,1 cup,162
Beef And Vegetables Excluding Carrots Broccoli And Dark-Green Leafy; No Potatoes No Sauce,Meats,120,7.09,27,325,5.16,1.1,0.99,10.03,0,12,1,154,1 cup,162
Beef Shish Kabob With Vegetables Excluding Potatoes,Meats,120,4.88,41,209,5,0.9,2.33,14.71,0.1,14,1.43,231,1 shishkabob,202
Beef With Vegetables Including Carrots Broccoli And/or Dark-Green Leafy; No Potatoes Tomato-Based Sauce,Meats,110,6.99,21,300,4.48,1.7,2.51,8.24,0,19,1.22,248,1 cup,249
Swiss Steak,Meats,131,8.05,31,242,3.55,0.9,1.16,10.82,0.1,17,1.32,263,1 cup,249
Beef Rolls Stuffed With Vegetables Or Meat Mixture Tomato-Based Sauce,Meats,203,10.16,56,355,6.22,0.7,1,20.37,0.2,12,2.21,371,1 beef roll,134
Beef With Vegetables Excluding Carrots Broccoli And Dark-Green Leafy; No Potatoes Tomato-Based Sauce,Meats,114,7.18,19,301,5.96,1.4,2.23,7.67,0,14,1.12,237,1 cup,249
Beef With Vegetables Including Carrots Broccoli And/or Dark-Green Leafy; No Potatoes Mushroom Sauce,Meats,114,7.14,19,307,5.24,1.1,1.62,7.79,0.3,32,0.76,143,1 cup,252
Beef With Vegetables Excluding Carrots Broccoli And Dark-Green Leafy; No Potatoes Mushroom Sauce,Meats,120,7.14,19,319,6.97,1,1.54,7.84,0.3,29,0.76,151,1 cup,252
Beef And Vegetables Including Carrots Broccoli And/or Dark-Green Leafy; No Potatoes Soy-Based Sauce,Prepared Meals,141,8.7,31,250,4.77,1.3,1.57,11.64,0,23,1.18,226,1 cup,217
Beef And Broccoli,Prepared Meals,155,10.44,25,439,5.32,1.4,1.39,10.57,0,34,1.26,307,1 cup,217
Beef Tofu And Vegetables Including Carrots Broccoli And/or Dark-Green Leafy; No Potatoes Soy-Based Sauce,Prepared Meals,112,7.56,13,236,4.86,1.3,1.67,7.22,0,46,0.92,198,1 cup,217
Beef Chow Mein Or Chop Suey No Noodles,Prepared Meals,82,2.61,25,253,3.85,0.8,1.76,10.76,0,22,1.23,218,1 cup,220
Kung Pao Beef,Prepared Meals,218,14.46,46,181,4.98,1.1,1.65,18.35,0.1,16,1.61,239,1 cup,162
Beef And Vegetables Excluding Carrots Broccoli And Dark-Green Leafy; No Potatoes Soy-Based Sauce,Prepared Meals,143,9.02,32,245,4.38,0.9,1.74,12,0,18,1.28,205,1 cup,217
Beef Tofu And Vegetables Excluding Carrots Broccoli  And Dark-Green Leafy; No Potatoes Soy-Based Sauce,Prepared Meals,114,7.83,14,230,4.49,0.9,1.84,7.4,0,42,1,177,1 cup,217
Beef And Vegetables Hawaiian Style,Meats,84,1.44,7,675,14.48,1.9,5.79,4.47,0,49,0.97,343,1 cup,252
Pepper Steak,Meats,143,8.99,32,245,4.36,0.7,1.75,11.84,0,16,1.19,196,1 cup,217
Beef Ground With Egg And Onion,Meats,228,14.53,104,745,1.05,0.1,0.54,21.86,0.2,26,2.13,270,1 cup,190
Beef Salad,Meats,260,19.32,61,335,2.82,0.4,2.1,17.9,0.1,19,1.62,205,1 cup,182
Beef Taco Filling: Beef Cheese Tomato Taco Sauce,Prepared Meals,180,11.21,44,472,6.44,0.9,4.08,12.92,0.1,131,1.16,273,1 cup,204
Stir Fried Beef And Vegetables In Soy Sauce,Prepared Meals,93,3.68,67,342,4.26,0.9,2.6,10.85,0.3,24,1.1,255,1 cup,162
Beef And Vegetables Including Carrots Broccoli And/or Dark-Green Leafy; No Potatoes Gravy,Meats,115,7.34,23,310,4.5,1,1,8.06,0,17,0.82,130,1 cup,252
Beef And Vegetables Excluding Carrots Broccoli And Dark-Green Leafy; No Potatoes Gravy,Meats,121,7.34,23,312,6.47,0.9,0.91,8.11,0,13,0.82,139,1 cup,252
Seasoned Shredded Soup Meat,Meats,205,12.68,45,235,3.64,0.9,1.75,18.24,0.1,14,2.36,331,1 cup,133
Beef Stew With Vegetables Excluding Potatoes Puerto Rican Style,Meats,213,13.9,40,573,6.85,2.3,2.8,15.04,0.1,21,1.83,384,1 cup,195
Corned Beef With Tomato Sauce And Onion Puerto Rican Style,Meats,199,12.31,60,688,2.04,0.4,1.08,19.19,0.1,14,1.61,155,1 cup,235
Beef Steak With Onions Puerto Rican Style,Meats,319,23.84,62,1002,3.94,0.7,1.55,20.96,0.2,16,2.02,353,1 cup,179
Cabbage With Ham Hocks,Meats,68,2.46,20,339,4.14,1.3,2.33,7.93,0.3,34,0.49,242,1 cup,200
Ham Or Pork Salad,Meats,230,18.09,37,985,2.75,0.4,2.06,13.31,0.5,14,0.62,226,1 cup,182
Frankfurters Or Hot Dogs And Sauerkraut,Meats,212,18.28,38,787,3.57,1.1,1.44,7.93,0.6,21,1.29,290,1 frankfurter with sauerkraut,120
Pork And Vegetables Including Carrots Broccoli And/or Dark-Green Leafy; No Potatoes No Sauce,Meats,123,7.27,29,318,3.14,1.5,1.33,11.2,0.3,24,0.68,234,1 cup,162
Greens With Ham Or Pork,Vegetables,47,1.43,8,342,5.08,2.8,0.82,4.76,0.1,99,1.05,183,1 cup,144
Pork Tofu And Vegetables Including Carrots Broccoli And/or Dark-Green Leafy; No Potatoes Soy-Base Sauce,Prepared Meals,113,7.66,12,238,4.86,1.3,1.67,6.92,0.1,47,0.71,223,1 cup,217
Pork And Vegetables Hawaiian Style,Prepared Meals,90,3.6,18,192,7.62,1.8,2.72,7.48,0.2,25,0.62,333,1 cup,252
Pork And Watercress With Soy-Based Sauce,Prepared Meals,143,9.35,29,253,3.54,0.5,1.72,11.42,0.2,34,0.78,310,1 cup,162
Kung Pao Pork,Prepared Meals,221,14.78,41,189,4.98,1.1,1.65,17.31,0.4,21,0.88,326,1 cup,162
Moo Shu Pork Without Chinese Pancake,Prepared Meals,151,10.4,92,819,4.25,0.9,1.9,10.53,0.5,45,1.16,310,1 cup,151
Pork And Onions With Soy-Based Sauce,Prepared Meals,147,9.02,28,245,5.45,0.8,2.25,11.03,0.2,23,0.61,255,1 cup,256
Pork Hash,Meats,188,13.62,56,487,2.82,0.5,0.75,13.01,1.2,20,0.87,301,1 cup,190
Ham And Vegetables Including Carrots Broccoli And/or Dark- Green Leafy; No Potatoes No Sauce,Meats,114,8.28,18,768,2.59,1.2,1.1,7.45,0.2,17,0.64,188,1 cup,162
Ham And Vegetables Excluding Carrots Broccoli And Dark-Green Leafy; No Potatoes No Sauce,Meats,119,7.83,18,758,5.12,1.1,0.98,7.56,0.2,12,0.64,200,1 cup,162
Pork And Vegetables Excluding Carrots Broccoli And Dark-Green Leafy; No Potatoes No Sauce,Meats,124,7.03,26,319,5.52,1.2,1.06,10.07,0.2,16,0.6,221,1 cup,162
Pork Tofu And Vegetables Excluding Carrots Broccoli And Dark-Green Leafy; No Potatoes Soy-Based Sauce,Prepared Meals,114,7.93,12,232,4.49,0.9,1.84,7.09,0.1,43,0.79,203,1 cup,217
Pork Chow Mein Or Chop Suey No Noodles,Prepared Meals,98,4.3,27,250,3.85,0.8,1.76,10.34,0.2,23,0.64,231,1 cup,220
Pork And Vegetables Including Carrots Broccoli And/or Dark-Green Leafy; No Potatoes Tomato-Based Sauce,Meats,111,7.13,19,304,4.48,1.7,2.51,7.76,0.2,21,0.88,288,1 cup,249
Pork And Vegetables Excluding  Carrots Broccoli And Dark-Green Leafy; No Potatoes Tomato-Based Sauce,Meats,117,7.14,19,305,6.44,1.5,2.42,7.81,0.2,18,0.88,297,1 cup,249
Sausage And Vegetables Including  Carrots Broccoli And/or Dark-Green Leafy; No Potatoes Tomato-Based Sauce,Meats,113,8.34,20,676,4.94,1.7,2.83,5.56,0.3,20,0.93,276,1 cup,249
Sausage And Vegetables Excluding Carrots Broccoli And Dark-Green Leafy; No Potatoes Tomato-Based Sauce,Meats,120,8.34,20,665,6.94,1.6,2.74,5.62,0.3,16,0.93,285,1 cup,249
Sausage And Peppers No Sauce,Meats,267,20.71,43,534,4.86,0.4,2.18,14.69,0.8,18,1.19,259,1 cup,154
Pork And Vegetables Including Carrots Broccoli And/or Dark-Green Leafy; No Potatoes Soy-Based Sauce,Prepared Meals,142,8.91,28,256,4.77,1.3,1.57,10.95,0.2,27,0.69,285,1 cup,217
Pork And Vegetables Excluding Carrots Broccoli And Dark- Green Leafy; No Potatoes Soy-Based Sauce,Prepared Meals,145,9.24,29,251,4.38,0.9,1.74,11.28,0.3,22,0.77,266,1 cup,217
Pork Shish Kabob With Vegetables Excluding Potatoes,Meats,123,5.16,37,216,5,0.9,2.33,13.78,0.3,19,0.78,309,1 shishkabob,202
Stuffed Christophine Puerto Rican Style,Meats,213,16.01,100,334,4.44,1.5,1.72,12.62,1.3,34,1.22,307,"1/2 chayote (4-1/2"" long x 4"" wide x 1"" thick) (without shell)",137
Pork Chop Stewed With Vegetables Puerto Rican Style,Meats,94,3.04,27,421,6.11,1.3,2.73,10.84,0.2,26,0.77,296,1 cup,235
Lamb Or Mutton Stew With Vegetables Including Carrots Broccoli And/or Dark-Green Leafy; No Potatoes Gravy,Meats,117,3.79,39,352,6.37,1.8,1.28,13.52,0,17,1.4,173,1 cup,252
Lamb Or Mutton Stew With Vegetables Excluding Carrots Broccoli And Dark-Green Leafy; No Potatoes Gravy,Meats,109,3.81,39,353,4.64,0.9,1.53,13.4,0,13,1.45,153,1 cup,252
Veal Goulash With Vegetables Excluding Carrots Broccoli And Dark-Green Leafy; No Potatoes Tomato-Based Sauce,Meats,96,3.61,45,226,2.79,0.4,1.07,12.59,0,9,0.61,272,1 cup,252
Veal Goulash With Vegetables Including Carrots Broccoli And/or Dark-Green Leafy; No Potatoes Tomato-Based Sauce,Meats,98,3.74,47,238,2.59,0.4,1,12.96,0,9,0.63,289,1 cup,252
Veal With Vegetables Including Carrots Broccoli And/or Dark-Green Leafy; No Potatoes Cream Or White Sauce,Meats,123,7.02,30,312,5.46,0.9,2.51,9.34,0.5,59,0.56,185,1 cup,241
Veal With Vegetables Excluding Carrots Broccoli And Dark-Green Leafy; And Potatoes Cream Or White Sauce,Meats,125,6.42,35,311,6.54,0.9,1.91,10.6,0.3,39,0.6,199,1 cup,241
Lamb Shish Kabob With Vegetables Excluding Potatoes,Meats,120,5.68,39,221,5,0.9,2.33,12.12,0.1,19,1.25,237,1 shishkabob,202
Chicken Or Turkey And Vegetables Including Carrots Broccoli And/or Dark-Green Leafy; No Potatoes No Sauce,Meats,117,7.78,37,386,2.88,1.4,1.22,9.66,0,21,0.5,166,1 cup,162
Chicken Or Turkey And Vegetables Excluding Carrots Broccoli And Dark-Green Leafy; No Potatoes No Sauce,Meats,123,7.96,33,379,5.08,1.1,0.98,8.72,0,14,0.45,160,1 cup,162
Chicken Or Turkey Shish Kabob With Vegetables Excluding Potatoes,Meats,103,3.69,51,346,5,0.9,2.33,12.95,0,17,0.62,243,1 shishkabob,202
Chicken Or Turkey Creole Without Rice,Meats,103,4.22,55,363,2.96,1.1,1.83,13.82,0,24,0.74,277,1 cup,246
Chicken Or Turkey And Vegetables Including Carrots Broccoli And/or Dark-Green Leafy; No Potatoes Gravy,Meats,111,7.44,28,367,4.47,1,1,7.1,0,19,0.4,136,1 cup,252
Chicken Or Turkey And Vegetables Excluding Carrots Broccoli And Dark-Green Leafy; No Potatoes Gravy,Meats,118,7.45,28,368,6.43,0.9,0.9,7.16,0,15,0.39,145,1 cup,252
Chicken Or Turkey A La King With Vegetables Including Carrots Broccoli And/or Dark-Green Leafy; No Potatoes Cream White Or Soup-Based Sauce,Meats,186,13.75,78,430,6.61,0.6,2.61,9.35,0.8,61,0.59,182,1 cup,241
Chicken Or Turkey A La King With Vegetables Excluding Carrorts Broccoli And Dark-Green Leafy; No Potatoes Cream White Or Soup-Based Sauce,Meats,180,13.3,77,482,6.18,0.5,2.46,9.52,0.6,59,0.66,170,1 cup,241
Chicken Or Turkey Divan,Meats,140,7.23,70,304,4.05,1.3,0.96,15.44,0.2,102,0.71,221,1 cup,236
Chicken Or Turkey And Vegetables Excluding Carrots Broccoli And Dark-Green Leafy; No Potatoes Soy-Based Sauce,Prepared Meals,129,8.09,40,352,4.43,0.9,1.8,10.57,0,21,0.63,210,1 cup,217
Chicken Or Turkey And Vegetables Including Carrots Broccoli And/or Dark-Green Leafy; No Potatoes Tomato-Based Sauce,Meats,112,7.8,26,365,4.42,1.6,2.47,7.23,0,20,0.79,250,1 cup,249
Chicken Or Turkey And Vegetables Excluding Carrots Broccoli And Dark-Green Leafy; No Potatoes Tomato-Based Sauce,Meats,119,7.81,26,367,6.35,1.5,2.38,7.28,0,17,0.79,259,1 cup,249
Moo Goo Gai Pan,Prepared Meals,74,2.41,17,108,6.39,1.4,2.48,7.28,0,16,0.44,323,1 cup,216
Almond Chicken,Prepared Meals,197,13.18,57,336,4.88,1.2,1.63,16.08,0,36,0.86,257,1 cup,242
Chicken Or Turkey Chow Mein Or Chop Suey No Noodles,Prepared Meals,83,3.23,37,344,3.84,0.8,1.76,9.78,0,21,0.52,183,1 cup,220
Chicken Or Turkey Salad Made With Mayonnaise,Meats,235,18.76,66,480,2.8,0.4,2.1,13.97,0,18,0.51,206,1 cup,226
Chicken Or Turkey Salad With Nuts And/or Fruits,Meats,230,17.87,53,388,5.82,1.1,4.19,12.49,0,31,0.65,232,1 cup,226
Chicken Or Turkey Salad With Egg,Meats,228,18.06,92,450,2.66,0.4,2.01,13.85,0.2,21,0.57,199,1 cup,226
Chicken Or Turkey Salad Made With Light Mayonnaise,Meats,145,8.15,60,526,4.68,0.4,2.73,13.6,0,18,0.49,205,1 cup,226
Chicken Or Turkey Salad Made With Mayonnaise-Type Salad Dressing,Meats,148,7.95,60,486,5.87,0.4,4.13,13.72,0,17,0.49,207,1 cup,226
Chicken Or Turkey Salad Made With Light Mayonnaise-Type Salad Dressing,Meats,145,8.15,60,526,4.68,0.4,2.73,13.6,0,18,0.49,205,1 cup,226
Chicken Or Turkey Salad Made With Creamy Dressing,Meats,188,13.09,62,542,3.94,0.4,2.98,13.81,0,22,0.52,212,1 cup,226
Chicken Or Turkey Salad Made With Light Creamy Dressing,Meats,128,6.36,56,528,4.2,0.4,3.2,13.79,0,18,0.49,205,1 cup,226
Chicken Or Turkey Salad Made With Italian Dressing,Meats,145,7.84,56,560,5.29,0.4,4.3,13.67,0,19,0.52,217,1 cup,226
Chicken Or Turkey Salad Made With Light Italian Dressing,Meats,115,4.71,56,540,4.85,0.4,3.97,13.6,0,20,0.51,218,1 cup,226
Chicken Or Turkey Salad Made With Any Type Of Fat Free Dressing,Meats,111,3.81,57,521,6.21,0.9,4.31,13.37,0,17,0.48,206,1 cup,226
Chicken Or Turkey Garden Salad Chicken And/or Turkey Tomato And/or Carrots Other Vegetables No Dressing,Meats,62,1.33,29,130,2.94,1.2,1.25,10.19,0,28,0.64,268,1 cup,90
Chicken Or Turkey Garden Salad Chicken And/or Turkey Other Vegetables Excluding Tomato And Carrots No Dressing,Meats,64,1.42,31,135,2.52,1.1,0.97,10.96,0,28,0.67,265,1 cup,90
Chicken Or Turkey Garden Salad With Bacon And Cheese Chicken And/or Turkey Bacon Cheese Lettuce And/or Greens Tomato And/or Carrots Other Vegetables No Dressing,Meats,109,5.55,34,161,2.9,1.1,1.08,11.71,0.1,99,0.81,252,1 cup,90
Chicken Or Turkey Breaded Fried Garden Salad With Bacon And Cheese Chicken And/or Turkey Bacon Cheese Lettuce And/or Greens Tomato And/or Carrots Other Vegetables No Dressing,Meats,120,7.69,21,249,6.22,1.5,1.18,6.86,0.1,68,0.78,261,1 cup,90
Chicken Or Turkey Garden Salad With Cheese Chicken And/or Turkey Cheese Lettuce And/or Greens Tomato And/or Carrots Other Vegetables No Dressing,Meats,96,4.45,32,105,2.92,1.2,1.1,11.08,0.1,101,0.8,243,1 cup,90
Chicken Or Turkey Breaded Fried Garden Salad With Cheese Chicken And/or Turkey Cheese Lettuce And/or Greens Tomato And/or Carrots Other Vegetables No Dressing,Meats,120,7.83,22,210,6.38,1.5,1.4,6.54,0.1,102,0.74,254,1 cup,90
Asian Chicken Or Turkey Garden Salad Chicken And/or Turkey Lettuce Fruit Nuts No Dressing,Meats,127,5.02,27,192,10.12,2,3.35,11.31,0,44,1.08,273,1 cup,90
Asian Chicken Or Turkey Garden Salad With Crispy Noodles Chicken And/or Turkey Lettuce Fruit Nuts Crispy Noodles No Dressing,Meats,121,5.14,24,101,8.24,2,3.2,11.11,0,50,1.2,271,1 cup,90
Chicken Or Turkey Caesar Garden Salad Chicken And/or Turkey Lettuce Tomato Cheese No Dressing,Meats,65,1.88,22,186,2.56,1.3,0.99,9.55,0,72,0.96,266,1 cup,90
Chicken Or Turkey Breaded Fried Caesar Garden Salad Chicken And/or Turkey Lettuce Tomatoes Cheese No Dressing,Meats,112,6.79,18,230,6.67,1.5,0.95,6.62,0.1,67,0.91,265,1 salad,314
Chicken Or Turkey And Vegetables Including Carrots Broccoli And/or Dark-Green Leafy; No Potatoes Cheese Sauce,Meats,119,7.24,37,354,3.88,0.9,0.8,9.83,0.4,135,0.43,155,1 cup,249
Chicken Or Turkey And Vegetables Excluding Carrots Broccoli And Dark-Green Leafy; No Potatoes Cheese Sauce,Meats,124,7.24,37,365,5.54,0.7,0.72,9.87,0.4,132,0.43,162,1 cup,249
Chicken Or Turkey Fricassee With Sauce No Potatoes Potatoes Reported Separately Puerto Rican Style,Meats,179,12.83,52,595,2.55,0.7,1.2,14.04,0.1,17,0.71,220,1 cup,223
Chicken Or Turkey Fricassee No Sauce No Potatoes Puerto Rican Style,Meats,198,10.85,106,744,0,0,0,25.2,0,14,0.72,262,1 cup,223
Crab Salad,Fish,187,15.89,58,459,1.19,0.4,0.57,9.44,0,57,0.35,200,1 cup,208
Lobster Salad,Fish,187,15.4,85,504,1.15,0.4,0.55,10.33,0,61,0.24,187,1 cup,182
Salmon Salad,Fish,212,17.36,38,504,2.66,0.4,1.98,10.86,7.4,125,0.47,244,1 cup,208
Shrimp Chow Mein Or Chop Suey No Noodles,Prepared Meals,69,1.69,73,263,4.27,0.8,1.72,8.8,0,48,0.38,148,1 cup,220
Tuna Salad Made With Mayonnaise,Fish,194,15.86,27,429,2.77,0.4,2.07,10.34,0.7,20,0.97,155,1 cup,238
Tuna Salad Made With Light Mayonnaise,Fish,106,5.41,22,474,4.63,0.4,2.7,10.04,0.6,19,0.94,155,1 cup,238
Tuna Salad Made With Mayonnaise-Type Salad Dressing,Fish,108,5.2,22,435,5.8,0.4,4.09,10.15,0.6,19,0.94,157,1 cup,238
Tuna Salad Made With Light Mayonnaise-Type Salad Dressing,Fish,106,5.41,22,474,4.63,0.4,2.7,10.04,0.6,19,0.94,155,1 cup,238
Tuna Salad Made With Creamy Dressing,Fish,148,10.3,24,491,3.9,0.4,2.95,10.25,0.6,24,0.98,162,1 cup,238
Tuna Salad Made With Light Creamy Dressing,Fish,78,1.17,18,498,7.27,0.4,3.14,10.08,0.6,26,0.95,177,1 cup,238
Tuna Salad Made With Italian Dressing,Fish,106,5.1,18,508,5.23,0.4,4.25,10.09,0.6,20,0.97,167,1 cup,238
Tuna Salad Made With Light Italian Dressing,Fish,76,2.01,18,488,4.8,0.4,3.93,10.05,0.6,21,0.97,168,1 cup,238
Tuna Salad Made With Any Type Of Fat Free Dressing,Fish,73,1.16,20,470,6.14,0.8,4.26,9.86,0.6,19,0.93,158,1 cup,238
Shrimp Salad,Fish,199,16.6,133,695,1.22,0.4,0.58,10.47,0,83,1.15,110,1 cup,182
Seafood Salad,Fish,191,15.95,92,579,1.18,0.4,0.56,10.08,0,67,0.57,166,1 cup,208
Tuna Salad With Cheese,Fish,214,17.52,34,450,2.8,0.4,1.92,11.54,0.7,85,0.89,148,1 cup,238
Tuna Salad With Egg,Fish,191,15.41,56,403,2.63,0.4,1.99,10.53,0.8,22,0.99,153,1 cup,238
Shrimp Garden Salad Shrimp Lettuce Eggs Tomato And/or Carrots Other Vegetables No Dressing,Fish,62,2.05,124,275,2.72,1,1.25,8.17,0.3,68,1.18,191,1 cup,95
Shrimp Garden Salad Shrimp Lettuce Eggs Vegetables Excluding Tomato And Carrots No Dressing,Fish,64,2.17,132,289,2.34,0.9,1.01,8.7,0.3,70,1.25,183,1 cup,95
Crab Salad Made With Imitation Crab,Fish,197,16.28,19,527,8.58,0.6,3.65,4.12,0,18,0.29,115,1 cup,208
Fish Tofu And Vegetables Tempura,Fish,173,15.92,57,23,4.55,1.1,1.65,4.03,0.2,35,0.53,173,1 cup,63
Seafood Garden Salad With Seafood Lettuce Vegetables Excluding Tomato And Carrots No Dressing,Fish,45,0.5,61,269,2.54,1.1,0.98,7.64,0,65,0.97,225,1 cup,95
Seafood Garden Salad With Seafood Lettuce Tomato And/or Carrots Other Vegetables No Dressing,Fish,44,0.48,57,254,2.97,1.2,1.26,7.1,0,63,0.91,231,1 cup,95
Seafood Garden Salad With Seafood Lettuce Eggs Vegetables Excluding Tomato And Carrots No Dressing,Fish,62,2.06,109,247,2.32,0.9,1,8.41,0.3,63,1,210,1 cup,95
Seafood Garden Salad With Seafood Lettuce Eggs Tomato And/or Carrots Other Vegetables No Dressing,Fish,60,1.95,103,236,2.7,1,1.24,7.89,0.3,61,0.95,216,1 cup,95
Oysters Rockefeller,Fish,127,7,34,425,9.03,1.6,1.26,7.5,0,96,3.38,270,1 oyster no shell,24
Lomi Salmon,Fish,60,1.86,19,145,3.31,1,1.82,7.55,4.8,88,0.51,270,1 cup,234
Shrimp And Vegetables Including Carrots Broccoli And/or Dark-Green Leafy; No Potatoes No Sauce,Fish,117,7.25,78,59,3.8,1.6,1.37,9.35,0,51,0.41,146,1 cup,162
Shrimp And Vegetables Excluding Carrots Broccoli And Dark-Green Leafy; No Potatoes No Sauce,Fish,123,6.87,77,41,6.78,1.3,1.2,9.25,0,44,0.4,157,1 cup,162
Shrimp And Vegetables Including Carrots Broccoli And/or Dark-Green Leafy; No Potatoes Soy-Based Sauce,Prepared Meals,113,6.28,72,248,5.27,1.3,1.57,9.08,0,52,0.41,209,1 cup,217
Shrimp And Vegetables Excluding Carrots Broccoli And Dark-Green Leafy; No Potatoes Soy-Based Sauce,Prepared Meals,114,6.51,75,242,4.9,0.9,1.74,9.34,0,48,0.48,187,1 cup,217
Shrimp Shish Kabob With Vegetables Excluding Potatoes,Fish,82,1.58,95,240,5.69,0.9,2.33,11.14,0.1,52,0.43,194,1 shishkabob,202
Shrimp Creole No Rice,Fish,124,5.2,127,153,4.48,1,1.32,14.32,0.1,70,0.55,197,1 cup,246
Kung Pao Shrimp,Prepared Meals,175,10.76,107,216,5.75,1.1,1.65,14.35,0.1,58,0.49,197,1 cup,162
Tuna Casserole With Vegetables And Mushroom Sauce No Noodles,Fish,114,5.12,20,377,8.37,0.9,1.81,9.01,0.7,39,1.17,174,1 cup,224
Shellfish Mixture And Vegetables Including Carrots Broccoli And/or Dark-Green Leafy; No Potatoes Soy-Based Sauce,Prepared Meals,117,6.26,44,248,6.01,1.3,1.57,9.33,0,47,0.81,286,1 cup,217
Shellfish Mixture And Vegetables Excluding Carrots Broccoli And Dark-Green Leafy; No Potatoes Soy-Based Sauce,Prepared Meals,118,6.49,46,242,5.67,0.9,1.74,9.6,0,43,0.89,267,1 cup,217
Shellfish Mixture And Vegetables Including Carrots Broccoli And/or Dark-Green Leafy; No Potatoes Mushroom Sauce,Fish,110,6.91,27,318,5.92,1.1,1.6,6.24,0.3,46,0.54,171,1 cup,224
Shellfish Mixture And Vegetables Excluding Carrots Broccoli And Dark-Green Leafy; No Potatoes Mushroom Sauce,Fish,116,6.92,27,309,7.63,1,1.52,6.29,0.3,43,0.54,179,1 cup,224
Fish And Vegetables Including Carrots Broccoli And/or Dark-Green Leafy; No Potatoes Tomato-Based Sauce,Fish,105,7.26,12,302,4.39,1.6,2.46,6.28,0.3,20,0.73,241,1 cup,224
Fish And Vegetables Excluding Carrots Broccoli And Dark- Green Leafy; No Potatoes Tomato-Based Sauce,Fish,111,7.26,12,303,6.3,1.5,2.36,6.33,0.3,16,0.73,249,1 cup,224
Fish And Vegetables Including Carrots Broccoli And/or Dark-Green Leafy; No Potatoes Soy-Based Sauce,Prepared Meals,101,5.87,19,256,4.75,1.3,1.57,7.71,0.2,24,0.37,249,1 cup,217
Fish And Vegetables Excluding  Carrots Broccoli And Dark-Green Leafy; No Potatoes Soy-Based Sauce,Prepared Meals,102,6.08,20,250,4.36,0.9,1.74,7.91,0.2,19,0.43,229,1 cup,217
Fish Shish Kabob With Vegetables Excluding Potatoes,Fish,67,1.04,26,251,5,0.9,2.33,9.32,0.3,15,0.38,247,1 shishkabob,202
Fried Fish With Sauce Puerto Rican Style,Fish,151,10.04,39,664,3.42,0.8,1.7,11.84,0.4,20,0.58,310,"1 slice (4"" x 3-1/2"" x 1/2"") with sauce",213
Lobster With Sauce Puerto Rican Style,Fish,149,10.23,77,722,3.97,1,2.24,10.79,0,63,0.66,284,1 cup,242
Octopus Salad Puerto Rican Style,Fish,165,11.59,29,129,5.58,1,2.13,9.7,0,44,3.3,298,1 cup,180
Codfish Salad Puerto Rican Style Serenata,Fish,176,15.48,15,418,2.83,0.7,1.52,6.65,0.3,15,0.36,247,1 cup,145
Chow Mein Or Chop Suey Ns As To Type Of Meat No Noodles,Prepared Meals,83,3.23,37,344,3.84,0.8,1.76,9.78,0,21,0.52,183,1 cup,220
Lau Lau,Fish,140,8.32,57,231,0,0,0,15.25,1.7,14,0.52,223,1 lau lau,214
Julienne Salad Meat Cheese Eggs Vegetables No Dressing,Meats,111,6.24,74,275,2.71,0.9,1.15,10.92,0.5,102,0.74,231,1 cup,76
Antipasto With Ham Fish Cheese Vegetables,Meats,155,10.1,39,870,4.29,1.2,1.52,11.71,0.4,188,0.92,222,1 cup,115
Livers Chicken Chopped With Eggs And Onion,Meats,226,17.69,315,1049,2.87,0.4,1.23,12.89,1,19,5.27,170,1 cup,208
Liver Beef Or Calves And Onions,Meats,129,3.61,232,277,6.97,0.5,1.78,16.67,0.7,12,3.85,277,1 slice with onions,143
Stewed Chitterlings Puerto Rican Style,Meats,212,18.32,172,56,4.01,1,2.11,8.48,0,26,1.24,148,1 cup,240
Stewed Gizzards Puerto Rican Style,Meats,180,8.77,237,381,4.39,1.1,1.94,20.24,0.1,31,2.5,239,1 cup,260
Gumbo No Rice,Fish,82,3.63,33,433,3.89,1,1.8,8.55,0.1,28,0.54,183,1 cup,244
Sandwich Nfs,Fast Foods,301,13.79,21,647,32.9,1.7,5.01,10.47,0.3,118,2.67,181,1 sandwich,83
Meat Sandwich Nfs,Fast Foods,301,13.79,21,647,32.9,1.7,5.01,10.47,0.3,118,2.67,181,1 sandwich,83
Wrap Sandwich Filled With Meat Poultry Or Fish Vegetables And Cheese,Fast Foods,205,11.19,55,451,13.96,1.1,2.68,12.38,0.7,203,1.25,207,1 sandwich,280
Wrap Sandwich Filled With Meat Poultry Or Fish And Vegetables,Fast Foods,187,9.3,56,344,13.36,1.2,2.12,12.78,0,59,1.23,204,1 sandwich,240
Beef Sandwich Nfs,Fast Foods,190,7.33,23,404,18.68,0.6,2.86,11.93,0,197,1.94,178,1 sandwich,133
Beef Barbecue Sandwich Or Sloppy Joe On Bun,Fast Foods,233,6.26,23,707,32.93,0.9,16.34,10.28,0,68,2.03,229,1 barbecue sandwich,186
Beef Barbecue Submarine Sandwich On Bun,Fast Foods,221,5.37,38,410,26.04,0.8,8.72,16.73,0,63,2.46,194,1 sandwich,192
Cheeseburger 1 Miniature Patty Plain On Miniature Bun From Fast Food / Restaurant,Fast Foods,298,14.37,44,449,24.98,0.9,3.93,16.23,0.4,239,2.57,190,1 miniature,60
Cheeseburger 1 Miniature Patty With Condiments On Miniature Bun From Fast Food / Restaurant,Fast Foods,264,13.76,36,530,21.7,0.9,4.6,12.91,0.3,195,2.09,182,1 miniature,75
Cheeseburger 1 Miniature Patty On Miniature Bun From School,Fast Foods,250,9.26,43,351,21.32,2.9,2.14,19.73,0.1,213,2.15,248,1 miniature,60
Cheeseburger Nfs,Fast Foods,233,12.21,42,489,15.62,0.7,3.42,14.44,0.2,145,1.96,205,1 cheeseburger,225
Cheeseburger 1 Small Patty With Condiments On Bun From Fast Food / Restaurant (Burger King Whopper Jr. With Cheese),Fast Foods,225,11.88,32,445,18.11,0.9,4.14,11.2,0.3,173,1.78,188,1 burger king whopper jr,170
Cheeseburger 1 Small Patty With Condiments On Bun From Fast Food / Restaurant (Wendy's Jr. Cheeseburger Deluxe),Fast Foods,225,11.88,32,445,18.11,0.9,4.14,11.2,0.3,173,1.78,188,1 wendy's jr. cheeseburger deluxe,160
Cheeseburger On Bun From School,Fast Foods,244,8.39,42,320,22.17,3.1,2.24,19.27,0,162,2.33,266,1 cheeseburger,115
Cheeseburger 1 Small Patty Plain On White Bun,Fast Foods,288,14.41,55,529,19.58,0.7,3.11,18.81,0.3,213,2.5,208,1 cheeseburger,140
Cheeseburger 1 Small Patty Plain On Wheat Bun,Fast Foods,282,14.43,55,518,17.76,2,2.32,19.45,0.3,219,2.38,233,1 cheeseburger,140
Cheeseburger 1 Small Patty With Condiments On White Bun,Fast Foods,227,11.94,40,500,15.8,0.8,3.62,13.51,0.2,157,1.86,200,1 cheeseburger,195
Cheeseburger 1 Small Patty With Condiments On Wheat Bun,Fast Foods,223,11.96,40,492,14.52,1.7,3.06,13.95,0.2,162,1.77,218,1 cheeseburger,195
Cheeseburger 1 Small Patty With Condiments On Whole Wheat Bun,Fast Foods,223,11.96,40,492,14.52,1.7,3.06,13.95,0.2,162,1.77,218,1 cheeseburger,195
Cheeseburger 1 Medium Patty Plain On White Bun,Fast Foods,286,14.36,56,510,18.69,0.7,2.94,19.18,0.2,187,2.53,214,1 (1/4 lb) cheeseburger,165
Cheeseburger 1 Medium Patty Plain On Wheat Bun,Fast Foods,280,14.38,56,499,16.95,1.9,2.17,19.78,0.2,193,2.42,238,1 (1/4 lb) cheeseburger,165
Cheeseburger 1 Medium Patty Plain On Whole Wheat Bun,Fast Foods,280,14.38,56,499,16.95,1.9,2.17,19.78,0.2,193,2.42,238,1 cheeseburger,165
Cheeseburger 1 Medium Patty With Condiments On White Bun,Fast Foods,233,12.21,42,489,15.62,0.7,3.42,14.44,0.2,145,1.96,205,1 (1/4 lb) cheeseburger,225
Cheeseburger 1 Medium Patty With Condiments On Wheat Bun,Fast Foods,228,12.23,42,481,14.32,1.7,2.86,14.89,0.2,150,1.88,223,1 (1/4 lb) cheeseburger,225
Cheeseburger 1 Medium Patty With Condiments On Whole Wheat Bun,Fast Foods,228,12.23,42,481,14.32,1.7,2.86,14.89,0.2,150,1.88,223,1 (1/4 lb) cheeseburger,225
Cheeseburger 1 Large Patty Plain On Bun From Fast Food / Restaurant,Fast Foods,300,17.49,59,364,16.01,0.5,2.61,18.61,0.4,206,2.41,224,1 (1/3 lb) cheeseburger,200
Cheeseburger 1 Large Patty With Condiments On Bun From Fast Food / Restaurant,Fast Foods,219,13.26,39,389,12.6,0.7,3.43,12.05,0.3,139,1.64,208,1 (1/3 lb) cheeseburger,315
Bacon Cheeseburger 1 Small Patty With Condiments On Bun From Fast Food / Restaurant,Fast Foods,287,14.76,44,716,23.47,1.7,4.8,15.2,0.1,114,2.14,210,1 bacon cheeseburger,160
Bacon Cheeseburger 1 Small Patty With Condiments On Bun From Fast Food / Restaurant (Wendy's Jr. Bacon Cheeseburger),Fast Foods,272,13.48,41,641,23.02,1.3,4.68,14.81,0.1,85,2.63,205,1 wendy's jr. bacon cheeseburger,150
Bacon Cheeseburger 1 Medium Patty Plain On Bun From Fast Food / Restaurant,Fast Foods,325,17.81,56,597,21.91,1.5,4.22,18.89,0.1,104,2.41,238,1 (1/4 lb) bacon cheeseburger,170
Bacon Cheeseburger 1 Medium Patty With Condiments On Bun From Fast Food / Restaurant,Fast Foods,282,15.8,51,665,18.5,1.1,3.36,16.48,0.1,168,1.01,242,1 (1/4 lb) bacon cheeseburger,240
Bacon Cheeseburger 1 Medium Patty Plain On White Bun,Fast Foods,302,16.18,60,613,17.2,0.6,2.68,20.47,0.2,172,2.39,239,1 (1/4 lb) bacon cheeseburger,180
Bacon Cheeseburger 1 Medium Patty With Condiments On White Bun,Fast Foods,248,13.74,46,569,14.69,0.7,3.2,15.74,0.2,136,1.89,225,1 (1/4 lb) bacon cheeseburger,240
Bacon Cheeseburger 1 Medium Patty With Condiments On Wheat Bun,Fast Foods,244,13.75,46,561,13.48,1.6,2.67,16.16,0.2,141,1.82,242,1 (1/4 lb) bacon cheeseburger,240
Bacon Cheeseburger 1 Medium Patty With Condiments On Whole Wheat Bun,Fast Foods,244,13.75,46,561,13.48,1.6,2.67,16.16,0.2,141,1.82,242,1 (1/4 lb) bacon cheeseburger,240
Bacon Cheeseburger 1 Large Patty With Condiments On Bun From Fast Food / Restaurant,Fast Foods,237,14.82,43,481,11.83,0.7,3.18,13.6,0.3,130,1.59,229,1 (1/3 lb) cheeseburger,335
Double Cheeseburger 2 Small Patties Plain On Bun From Fast Food / Restaurant,Fast Foods,305,16.56,54,402,20.8,1.5,3.62,18.2,0.1,91,2.64,224,1 double cheeseburger,155
Double Cheeseburger 2 Medium Patties Plain On Bun From Fast Food / Restaurant,Fast Foods,305,17.96,62,343,15.88,1.1,3.08,19.25,0.1,79,2.52,242,1 double cheeseburger,235
Double Bacon Cheeseburger 2 Small Patties With Condiments On Bun From Fast Food / Restaurant (Burger King Bacon Double Cheeseburger),Fast Foods,255,15.27,46,468,13.77,0.7,3.12,14.89,0.3,133,1.83,231,1 burger king double bacon cheeseburger,200
Double Bacon Cheeseburger 2 Medium Patties Plain On Bun From Fast Food / Restaurant,Fast Foods,311,19.77,68,409,11.6,0.4,1.93,20.45,0.4,183,2.26,253,1 double bacon cheeseburger,275
Double Bacon Cheeseburger 2 Medium Patties With Condiments On Bun From Fast Food / Restaurant,Fast Foods,271,17.4,56,412,10.78,0.5,2.43,17.07,0.3,156,1.93,241,1 double bacon cheeseburger,335
Double Bacon Cheeseburger 2 Medium Patties With Condiments On Bun From Fast Food / Restaurant (Wendy's Baconator),Fast Foods,271,17.4,56,412,10.78,0.5,2.43,17.07,0.3,156,1.93,241,1 wendy's baconator,335
Double Bacon Cheeseburger 2 Large Patties With Condiments On Bun From Fast Food / Restaurant,Fast Foods,293,17.32,53,681,16.99,0.8,3.91,17.3,0.2,142,2.27,242,1 sandwich,400
Triple Cheeseburger 3 Medium Patties With Condiments On Bun From Fast Food / Restaurant,Fast Foods,284,17.26,56,514,14.55,0.8,3.37,17.54,0.2,124,2.36,241,1 triple cheeseburger,420
Hamburger 1 Miniature Patty Plain On Miniature Bun From Fast Food / Restaurant,Fast Foods,286,11.38,35,320,29.24,1,4.25,15.3,0.1,89,3.01,198,1 miniature hamburger,50
Hamburger 1 Miniature Patty With Condiments On Miniature Bun From Fast Food / Restaurant,Fast Foods,250,11.43,28,447,24.38,1,4.95,11.7,0.1,76,2.34,187,1 miniature hamburger,65
Hamburger 1 Miniature Patty On Miniature Bun From School,Fast Foods,237,6.94,37,294,24.91,3.5,2.53,18.14,0,99,2.57,287,1 miniature hamburger,50
Hamburger Nfs,Fast Foods,220,10.5,37,430,16.76,0.8,3.53,13.8,0,61,2.12,211,1 hamburger,200
Hamburger 1 Small Patty With Condiments On Bun From Fast Food / Restaurant (Burger King Whopper Jr.),Fast Foods,207,9.53,24,358,20.01,1,4.39,9.88,0.1,63,1.96,193,1 burger king whopper jr,150
Hamburger On Bun From School,Fast Foods,237,7.09,38,287,24.14,3.4,2.45,18.39,0,97,2.57,288,1 hamburger,95
Hamburger 1 Small Patty Plain On White Bun,Fast Foods,275,11.84,49,433,22.28,0.8,3.24,18.48,0,79,2.86,218,1 hamburger,115
Hamburger 1 Small Patty Plain On Wheat Bun,Fast Foods,268,11.86,49,419,20.13,2.4,2.3,19.23,0,86,2.72,248,1 hamburger,115
Hamburger 1 Small Patty Plain On Whole Wheat Bun,Fast Foods,268,11.86,49,419,20.13,2.4,2.3,19.23,0,86,2.72,248,1 hamburger,115
Hamburger 1 Small Patty With Condiments On White Bun,Fast Foods,211,9.93,34,432,17.15,0.9,3.76,12.65,0,61,2.02,205,1 hamburger,175
Hamburger 1 Small Patty With Condiments On Whole Wheat Bun,Fast Foods,206,9.94,34,423,15.72,1.9,3.14,13.15,0,66,1.93,226,1 hamburger,175
Hamburger 1 Medium Patty Plain On White Bun,Fast Foods,275,12.28,51,429,20.74,0.7,3.01,18.96,0,75,2.83,223,1 hamburger,145
Hamburger 1 Medium Patty Plain On Wheat Bun,Fast Foods,268,12.3,51,417,18.74,2.2,2.14,19.66,0,82,2.7,251,1 hamburger,145
Hamburger 1 Medium Patty Plain On Whole Wheat Bun,Fast Foods,268,12.3,51,417,18.74,2.2,2.14,19.66,0,82,2.7,251,1 hamburger,145
Hamburger 1 Medium Patty With Condiments On White Bun,Fast Foods,220,10.5,37,430,16.76,0.8,3.53,13.8,0,61,2.12,211,1 hamburger,200
Hamburger 1 Medium Patty With Condiments On Wheat Bun,Fast Foods,215,10.52,37,421,15.33,1.9,2.91,14.3,0,66,2.02,231,1 hamburger,200
Hamburger 1 Medium Patty With Condiments On Whole Wheat Bun,Fast Foods,215,10.52,37,421,15.33,1.9,2.91,14.3,0,66,2.02,231,1 hamburger,200
Double Hamburger 2 Small Patties Plain On Bun From Fast Food / Restaurant,Fast Foods,288,14.72,51,387,19.67,0.7,2.86,17.75,0.1,63,2.81,232,1 double hamburger,135
Double Hamburger 2 Small Patties With Condiments On Bun From Fast Food / Restaurant,Fast Foods,225,12.12,36,299,15.8,0.8,3.46,12.65,0.1,52,2.06,217,1 double hamburger,190
Double Hamburger 2 Medium Patties Plain On Bun From Fast Food / Restaurant,Fast Foods,290,16.9,61,278,13.64,0.5,1.98,19.38,0.1,47,2.69,255,1 double hamburger,220
Chiliburger With Or Without Cheese On Bun,Fast Foods,252,12.62,44,277,18.48,1.2,2.63,15.54,0.1,60,2.94,259,1 chiliburger,160
Corned Beef Sandwich,Fast Foods,206,7.28,34,803,19.87,1.3,2.45,14.31,0.1,61,2.33,108,1 sandwich,130
Reuben Sandwich Corned Beef Sandwich With Sauerkraut And Cheese With Spread,Fast Foods,285,17.25,48,714,19.32,2.2,3.89,12.58,0,165,1.8,136,1 sandwich,181
Pastrami Sandwich,Fast Foods,165,3.66,27,875,20.01,1.3,2.49,12.2,0,60,2.38,138,1 sandwich,134
Roast Beef Sandwich With Gravy,Fast Foods,221,12.78,32,442,13.92,0.8,1.47,11.99,0.2,42,2.02,174,1 sandwich,222
Roast Beef Submarine Sandwich With Lettuce Tomato And Spread,Fast Foods,181,6.16,19,344,19.4,0.7,2.88,11.64,0,157,2,180,1 submarine,240
Roast Beef Submarine Sandwich With Cheese Lettuce Tomato And Spread,Fast Foods,190,7.33,23,404,18.68,0.6,2.86,11.93,0,197,1.94,178,1 submarine,260
Roast Beef Sandwich With Cheese,Fast Foods,326,19.96,55,499,17.3,0.9,2.11,18.07,0.3,155,2.55,229,1 sandwich,190
Roast Beef Sandwich With Bacon And Cheese Sauce,Fast Foods,346,20.77,55,574,19.67,0.7,2.97,18.82,0.3,147,2.44,245,1 sandwich,218
Roast Beef Submarine Sandwich On Roll Au Jus,Fast Foods,239,12.78,32,297,17.54,0.6,2.55,12.34,0.2,56,2.14,172,1 sandwich,193
Steak Submarine Sandwich With Lettuce And Tomato,Fast Foods,202,5.95,35,320,20.31,0.9,3.27,15.83,0.1,62,2.62,241,1 sandwich,186
Steak Sandwich Plain On Roll,Fast Foods,232,8.12,55,357,16.5,0.6,2.4,21.64,0.1,52,3.02,287,1 sandwich,142
Steak And Cheese Sandwich Plain On Roll,Fast Foods,248,10.24,54,522,18.13,0.6,3.46,19.7,1.2,279,2.71,274,1 sandwich,170
Steak And Cheese Submarine Sandwich Plain On Roll,Fast Foods,252,9.53,48,519,21.68,0.7,3.88,18.59,1,264,2.79,257,1 submarine,197
Fajita-Style Beef Sandwich With Cheese On Pita Bread With Lettuce And Tomato,Fast Foods,160,6.91,19,373,15.34,1.2,1.84,9.1,0.1,90,1.25,191,1 pita sandwich,175
Steak And Cheese Submarine Sandwich With Fried Peppers And Onions On Roll,Fast Foods,232,10.07,37,283,18.21,0.9,3.07,16.26,0.1,134,2.3,218,1 submarine,260
Steak Sandwich Plain On Biscuit,Fast Foods,287,9.37,26,660,36.63,0.9,2.37,13.63,0,39,2.84,273,1 sandwich,142
Gyro Sandwich (Pita Bread Beef Lamb Onion Condiments) With Tomato And Spread,Fast Foods,167,4.77,25,183,18.44,1,1.54,11.91,0,45,1.45,202,1 gyro,390
Wrap Sandwich Filled With Beef Patty Cheese And Spread And/or Sauce,Fast Foods,270,15.57,41,557,18.88,1.4,2.74,12.79,0.9,172,2.25,187,1 snack wrap sandwich,126
Bacon Sandwich With Spread,Fast Foods,356,17.85,36,910,30.51,1.6,3.46,17.12,0.1,91,2.52,250,1 sandwich,91
Bacon And Cheese Sandwich With Spread,Fast Foods,313,16.9,43,929,26.22,1.2,5.38,13.44,3,688,2.11,222,1 sandwich,121
Bacon And Egg Sandwich,Fast Foods,237,10.66,139,475,21.75,1.1,3.02,12.39,0.9,92,2.24,174,1 sandwich,177
Bacon Lettuce And Tomato Sandwich With Spread,Fast Foods,207,10.28,14,531,21.2,1.6,3.43,7.46,0.1,49,1.42,211,1 sandwich,164
Bacon Lettuce Tomato And Cheese Submarine Sandwich With Spread,Fast Foods,233,13.96,33,701,15.7,1.3,1.38,10.97,1.2,184,1.1,215,1 submarine,260
Bacon Chicken And Tomato Club Sandwich On Multigrain Roll With Lettuce And Spread,Fast Foods,223,11.2,46,423,12.18,1.2,2.35,18.08,0.1,111,1.43,238,1 sandwich,194
Bacon Breaded Fried Chicken Fillet And Tomato Club With Lettuce And Spread,Fast Foods,257,13.83,30,589,20.84,1.7,1.55,12.4,0.1,127,1.4,221,1 sandwich,227
Bacon On Biscuit,Fast Foods,355,14.11,14,1037,47.19,1.1,3.04,9.75,0.1,44,3,259,1 sandwich,93
Ham Sandwich With Spread,Fast Foods,241,9.94,29,808,24.99,1.9,2.69,12.07,0.3,79,2.19,196,1 sandwich,112
Ham Sandwich With Lettuce And Spread,Fast Foods,215,8,27,748,23.7,1.9,2.67,11.39,0.3,76,2.08,195,1 sandwich,127
Ham And Cheese Sandwich With Lettuce And Spread,Fast Foods,232,10.74,36,845,21,1.5,3.32,12.25,1.4,312,1.88,213,1 sandwich,155
Ham And Egg Sandwich,Fast Foods,219,8.54,154,532,22.36,1.4,2.58,12.22,0.9,89,2.44,170,1 sandwich,124
Ham Salad Sandwich,Fast Foods,221,10.24,23,729,20.01,1.3,2.84,11.47,0.3,65,1.77,205,1 sandwich,141
Ham And Cheese Sandwich With Spread Grilled,Fast Foods,255,12.06,41,937,22.89,1.6,3.51,13.26,1.6,332,1.81,224,1 sandwich,141
Ham And Cheese Sandwich On Bun With Lettuce And Spread,Fast Foods,213,10.62,36,803,17.01,1.1,3.42,11.78,1.4,301,1.54,214,1 sandwich,154
Hot Ham And Cheese Sandwich On Bun,Fast Foods,213,11.45,33,738,16.18,1.2,3.11,10.76,1,210,1.46,211,1 sandwich,162
Ham And Cheese On English Muffin,Fast Foods,254,12.16,46,752,18.91,1.4,1.87,16.9,0.4,280,1.91,160,1 jimmy dean sandwich,57
Cuban Sandwich With Spread,Fast Foods,274,12.01,36,529,22.66,0.8,3.27,17.79,0.4,141,1.98,219,"1 sandwich (6"" long)",255
Midnight Sandwich With Spread,Fast Foods,235,9,37,614,20.13,0.7,4.37,17.26,0.4,114,1.72,225,1 sandwich,201
Pork Sandwich On White Roll With Onions Dill Pickles And Barbecue Sauce,Fast Foods,223,6.46,37,481,26.52,0.9,9.04,13.65,0.4,70,2.1,212,1 sandwich,189
Pork Barbecue Sandwich Or Sloppy Joe On Bun,Fast Foods,209,4.2,27,582,30.17,0.8,16.04,11.6,0.3,57,1.47,244,1 barbecue sandwich,186
Pork Sandwich,Fast Foods,232,6.26,42,441,24.45,1.3,2.8,18.16,0.4,80,2.29,241,1 sandwich,136
Pork Sandwich With Gravy,Fast Foods,149,3.96,25,447,16.51,0.9,2.51,10.91,0.2,53,1.48,149,1 sandwich,218
Ham And Tomato Club Sandwich With Lettuce And Spread,Fast Foods,237,12.98,30,704,19.39,1.4,4.06,10.83,0.3,125,1.44,182,1 sandwich,254
Chicken Sandwich With Spread,Fast Foods,223,6.23,43,466,23.59,1.3,2.73,17.8,0,75,1.95,198,1 sandwich,112
Chicken Sandwich With Cheese And Spread,Fast Foods,236,8.78,48,590,21.35,1.1,3.26,17.54,1,272,1.8,213,1 sandwich,136
Chicken Salad Or Chicken Spread Sandwich,Fast Foods,230,10.8,44,442,19.86,1.3,2.48,13.14,0,69,1.72,191,1 sandwich,141
Chicken Barbecue Sandwich,Fast Foods,222,4.91,40,391,26.14,1.3,5.83,17.14,0,74,2.23,189,1 sandwich,239
Chicken Fillet Breaded Fried Sandwich With Cheese Lettuce Tomato And Spread,Fast Foods,286,15.41,36,722,25.03,1.3,3.29,11.66,0.2,169,1.6,174,1 sandwich,241
Chicken Patty Sandwich Miniature With Spread,Fast Foods,302,13.87,27,643,30.03,1.4,3.32,13.97,0.1,70,1.84,243,1 miniature sandwich,31
Chicken Patty Sandwich Or Biscuit,Fast Foods,308,12.33,22,865,37.59,1.3,2.11,11.99,0.1,35,2.16,290,1 sandwich,173
Fajita-Style Chicken Sandwich With Cheese On Pita Bread With Lettuce And Tomato,Fast Foods,156,5.74,24,578,15.26,1.2,1.84,10.52,0.1,91,1.09,166,1 pita sandwich,207
Chicken Patty Sandwich With Cheese On Wheat Bun With Lettuce Tomato And Spread,Fast Foods,254,12.68,29,725,24.57,3.1,4.04,11.9,0.9,209,1.23,290,1 sandwich,227
Chicken Fillet Broiled Sandwich On Whole Wheat Roll With Lettuce Tomato And Spread,Fast Foods,204,7,37,363,19.64,3,3.57,16.17,0.1,48,1.39,241,1 sandwich,173
Chicken Fillet Broiled Sandwich With Cheese On Whole Wheat Roll With Lettuce Tomato And Non-Mayonnaise Type Spread,Fast Foods,198,6.46,42,468,19.46,2.7,5,16.13,0.8,208,1.35,249,1 wendy's sandwich,242
Chicken Fillet Broiled Sandwich On Oat Bran Bun With Lettuce Tomato Spread,Fast Foods,201,7.04,39,374,16.92,1.6,3.18,16.48,0.1,31,1.42,195,1 burger king sandwich,155
Buffalo Chicken Submarine Sandwich,Fast Foods,186,7.81,23,308,19.12,1.1,2.71,9.79,0,138,1.6,183,1 submarine,240
Buffalo Chicken Submarine Sandwich With Cheese,Fast Foods,203,9.77,28,367,17.35,1,2.49,11.43,0.1,203,1.48,179,1 submarine,260
Turkey Sandwich With Spread,Fast Foods,223,6.93,60,351,18.7,1,2.17,20.06,0.2,62,1.96,186,1 sandwich,143
Turkey Salad Or Turkey Spread Sandwich,Fast Foods,228,9.83,41,352,19.6,1.3,2.45,14.14,0.1,67,1.82,177,1 sandwich,141
Turkey Sandwich With Gravy,Fast Foods,135,3.02,40,453,11.67,0.7,1.18,14.18,0.1,35,1.39,163,1 sandwich,284
Turkey And Bacon Submarine Sandwich With Lettuce Tomato And Spread,Fast Foods,206,9.47,19,439,19.45,1.1,2.7,10.43,0,147,1.67,256,1 submarine,240
Turkey And Bacon Submarine Sandwich With Cheese Lettuce Tomato And Spread,Fast Foods,222,11.45,25,490,17.46,1,2.45,12.18,0.1,217,1.54,243,1 submarine,260
Turkey Ham And Roast Beef Club Sandwich With Lettuce Tomato And Spread,Fast Foods,166,8.06,19,508,15.18,1,3.04,7.8,0.1,52,1.34,197,1 sandwich,240
Turkey Or Chicken Burger Plain On Bun From Fast Food / Restaurant,Fast Foods,233,7.66,54,439,20.74,0.7,3.01,19.95,0.1,76,2.3,221,1 sandwich,145
Turkey Or Chicken Burger With Condiments On Bun From Fast Food / Restaurant,Fast Foods,190,7.21,40,437,16.76,0.8,3.53,14.51,0.1,61,1.74,210,1 sandwich,200
Turkey Or Chicken Burger Plain On White Bun,Fast Foods,233,7.66,54,439,20.74,0.7,3.01,19.95,0.1,76,2.3,221,1 sandwich,145
Turkey Or Chicken Burger Plain On Wheat Bun,Fast Foods,227,7.68,54,427,18.74,2.2,2.14,20.65,0.1,83,2.18,250,1 sandwich,145
Turkey Or Chicken Burger With Condiments On White Bun,Fast Foods,190,7.21,40,437,16.76,0.8,3.53,14.51,0.1,61,1.74,210,1 sandwich,200
Turkey Or Chicken Burger With Condiments On Wheat Bun,Fast Foods,185,7.22,40,428,15.33,1.9,2.91,15,0.1,66,1.65,230,1 sandwich,200
Turkey Or Chicken Burger With Condiments On Whole Wheat Bun,Fast Foods,185,7.22,40,428,15.33,1.9,2.91,15,0.1,66,1.65,230,1 sandwich,200
Crab Cake Sandwich On Bun,Fast Foods,234,10.42,66,447,21.59,0.8,3.22,12.65,0.1,104,1.79,178,1 sandwich,140
Sardine Sandwich With Lettuce And Spread,Fast Foods,226,12.69,97,330,14.7,1,2.57,12.49,1.9,182,2.17,222,1 sandwich,214
Tuna Salad Sandwich With Lettuce,Fast Foods,153,3.33,14,376,21.41,1.2,5.74,9.68,0.4,58,1.86,135,1 sandwich,167
Tuna Salad Sandwich,Fast Foods,162,3.53,15,399,22.56,1.2,5.97,10.23,0.4,60,1.95,135,1 sandwich,157
Tuna Melt Sandwich,Fast Foods,232,13.53,26,551,17.06,1,3.62,10.62,1.1,196,1.59,164,1 sandwich,150
Bologna Sandwich With Spread,Fast Foods,301,13.79,21,647,32.9,1.7,5.01,10.47,0.3,118,2.67,181,1 sandwich,83
Bologna And Cheese Sandwich With Spread,Fast Foods,302,16.03,35,800,27.09,1.3,5.31,11.83,1.8,422,2.25,208,1 sandwich,111
Pig In A Blanket Frankfurter Or Hot Dog Wrapped In Dough,Fast Foods,324,21.9,42,733,19.37,0.7,2.67,11.82,0.6,69,2.02,289,1 pig in blanket,85
Puerto Rican Sandwich,Fast Foods,334,17.98,21,755,31.86,1.1,5.55,10.7,1.6,360,2.37,150,1 sandwich,160
Pepperoni And Salami Submarine Sandwich With Lettuce Tomato And Spread,Fast Foods,225,12.82,19,511,19.49,1.1,3.65,7.46,0.2,59,1.58,170,1 submarine,240
Salami Sandwich With Spread,Fast Foods,310,14.16,30,893,32.03,1.7,3.92,12.55,0.3,96,2.79,181,1 sandwich,82
Sausage Balls Made With Biscuit Mix And Cheese,Meats,394,25.71,63,947,23.16,0.7,4.31,17.16,0.6,375,1.28,172,1 ball,14
Sausage Sandwich,Fast Foods,296,15.36,43,653,25.27,1.3,3.37,13.72,0.7,76,2.4,235,1 sandwich,107
Sausage And Spaghetti Sauce Sandwich,Fast Foods,254,13.74,26,591,19.67,1,4.32,11.93,0.4,61,1.9,250,1 sandwich,189
Meat Spread Or Potted Meat Sandwich,Fast Foods,250,10.38,19,753,30.56,1.4,2.82,8.25,0.3,78,2.19,118,1 sandwich,107
Frankfurter Or Hot Dog Sandwich NFS Plain On White Bun,Fast Foods,308,18.25,34,701,23.86,0.8,3.9,11.19,0.5,72,2.17,257,1 frankfurter on bun,102
Frankfurter Or Hot Dog Sandwich NFS Plain On Wheat Bun,Fast Foods,304,18.12,34,688,22.62,1.9,3.73,12.03,0.5,95,1.95,283,1 frankfurter on bun,102
Frankfurter Or Hot Dog Sandwich NFS Plain On Whole Wheat Bun,Fast Foods,304,18.46,34,672,21.57,2.7,3.3,12.34,0.5,96,1.73,310,1 frankfurter on bun,102
Frankfurter Or Hot Dog Sandwich NFS Plain On Whole Grain White Bun,Fast Foods,298,18.07,34,709,22.26,1,4.79,10.98,0.5,111,1.8,287,1 frankfurter on bun,102
Frankfurter Or Hot Dog Sandwich NFS Plain On Multigrain Bun,Fast Foods,301,19.18,34,685,21.42,1.7,3.45,11.11,0.5,50,2.4,274,1 frankfurter on bun,102
Frankfurter Or Hot Dog Sandwich NFS Plain On White Bread,Fast Foods,310,20.93,41,741,18.38,0.9,2.69,11.17,0.6,57,1.98,286,1 frankfurter on bread,85
Frankfurter Or Hot Dog Sandwich NFS Plain On Wheat Bread,Fast Foods,313,21.33,41,736,17.76,1.3,2.71,11.77,0.6,51,1.98,291,1 frankfurter on bread,85
Frankfurter Or Hot Dog Sandwich NFS Plain On Whole Wheat Bread,Fast Foods,301,19.48,37,706,18.45,2.3,2.44,12.36,0.6,71,1.68,321,1 frankfurter on bread,93
Frankfurter Or Hot Dog Sandwich NFS Plain On Whole Grain White Bread,Fast Foods,295,18.96,37,715,18.91,3.6,2.69,11.67,0.6,274,2.62,272,1 frankfurter on bread,93
Frankfurter Or Hot Dog Sandwich NFS Plain On Multigrain Bread,Fast Foods,306,19.77,37,678,18.69,2.9,3.23,12.71,0.6,49,1.69,312,1 frankfurter on bread,93
Frankfurter Or Hot Dog Sandwich Beef Plain On White Bun,Fast Foods,308,18.25,34,701,23.86,0.8,3.9,11.19,0.5,72,2.17,257,1 frankfurter on bun,102
Frankfurter Or Hot Dog Sandwich Beef Plain On Wheat Bun,Fast Foods,304,18.12,34,688,22.62,1.9,3.73,12.03,0.5,95,1.95,283,1 frankfurter on bun,102
Frankfurter Or Hot Dog Sandwich Beef Plain On Whole Wheat Bun,Fast Foods,304,18.46,34,672,21.57,2.7,3.3,12.34,0.5,96,1.73,310,1 frankfurter on bun,102
Frankfurter Or Hot Dog Sandwich Beef Plain On Whole Grain White Bun,Fast Foods,298,18.07,34,709,22.26,1,4.79,10.98,0.5,111,1.8,287,1 frankfurter on bun,102
Frankfurter Or Hot Dog Sandwich Beef Plain On Multigrain Bun,Fast Foods,301,19.18,34,685,21.42,1.7,3.45,11.11,0.5,50,2.4,274,1 frankfurter on bun,102
Frankfurter Or Hot Dog Sandwich Beef Plain On White Bread,Fast Foods,310,20.93,41,741,18.38,0.9,2.69,11.17,0.6,57,1.98,286,1 frankfurter on bread,85
Frankfurter Or Hot Dog Sandwich Beef Plain On Wheat Bread,Fast Foods,313,21.33,41,736,17.76,1.3,2.71,11.77,0.6,51,1.98,291,1 frankfurter on bread,85
Frankfurter Or Hot Dog Sandwich Beef Plain On Whole Wheat Bread,Fast Foods,301,19.48,37,706,18.45,2.3,2.44,12.36,0.6,71,1.68,321,1 frankfurter on bread,93
Frankfurter Or Hot Dog Sandwich Beef Plain On Whole Grain White Bread,Fast Foods,295,18.96,37,715,18.91,3.6,2.69,11.67,0.6,274,2.62,272,1 frankfurter on bread,93
Frankfurter Or Hot Dog Sandwich Beef Plain On Multigrain Bread,Fast Foods,306,19.77,37,678,18.69,2.9,3.23,12.71,0.6,49,1.69,312,1 frankfurter on bread,93
Frankfurter Or Hot Dog Sandwich Beef And Pork Plain On White Bun,Fast Foods,293,16.04,46,775,26.23,0.8,5,10.26,0.4,129,2.2,257,1 frankfurter on bun,102
Frankfurter Or Hot Dog Sandwich Beef And Pork Plain On Wheat Bun,Fast Foods,288,15.9,46,760,24.92,2,4.82,11.15,0.4,153,1.97,285,1 frankfurter on bun,102
Frankfurter Or Hot Dog Sandwich Beef And Pork Plain On Whole Wheat Bun,Fast Foods,288,16.26,46,744,23.82,2.8,4.37,11.47,0.4,154,1.74,313,1 frankfurter on bun,102
Frankfurter Or Hot Dog Sandwich Beef And Pork Plain On Whole Grain White Bun,Fast Foods,281,15.84,46,783,24.55,1.1,5.94,10.04,0.4,171,1.82,289,1 frankfurter on bun,102
Frankfurter Or Hot Dog Sandwich Beef And Pork Plain On Multigrain Bun,Fast Foods,285,17.01,46,758,23.66,1.8,4.52,10.18,0.4,106,2.45,275,1 frankfurter on bun,102
Frankfurter Or Hot Dog Sandwich Beef And Pork Plain On White Bread,Fast Foods,288,18.22,55,824,20.68,0.9,3.91,9.93,0.5,125,1.99,284,1 frankfurter on bread,85
Frankfurter Or Hot Dog Sandwich Beef And Pork Plain On Wheat Bread,Fast Foods,291,18.64,55,819,20.03,1.4,3.93,10.56,0.5,118,1.98,290,1 frankfurter on bread,85
Frankfurter Or Hot Dog Sandwich Beef And Pork Plain On Whole Wheat Bread,Fast Foods,281,17.03,50,784,20.64,2.4,3.54,11.34,0.5,134,1.68,324,1 frankfurter on bread,93
Frankfurter Or Hot Dog Sandwich Beef And Pork Plain On Whole Grain White Bread,Fast Foods,276,16.48,50,793,21.13,3.7,3.81,10.62,0.5,347,2.66,272,1 frankfurter on bread,93
Frankfurter Or Hot Dog Sandwich Beef And Pork Plain On Multigrain Bread,Fast Foods,287,17.32,50,753,20.9,3,4.38,11.72,0.5,110,1.69,314,1 frankfurter on bread,93
Frankfurter Or Hot Dog Sandwich Meat And Poultry Plain On White Bun,Fast Foods,286,15.95,46,763,25.06,0.8,4.83,10.03,0.4,126,2.12,254,1 frankfurter on bun,102
Frankfurter Or Hot Dog Sandwich Meat And Poultry Plain On Wheat Bun,Fast Foods,282,15.82,46,750,23.82,1.9,4.66,10.88,0.4,149,1.9,280,1 frankfurter on bun,102
Frankfurter Or Hot Dog Sandwich Meat And Poultry Plain On Whole Wheat Bun,Fast Foods,282,16.16,46,734,22.78,2.7,4.23,11.18,0.4,150,1.68,307,1 frankfurter on bun,102
Frankfurter Or Hot Dog Sandwich Meat And Poultry Plain On Whole Grain White Bun,Fast Foods,275,15.76,46,771,23.47,1,5.72,9.82,0.4,165,1.76,284,1 frankfurter on bun,102
Frankfurter Or Hot Dog Sandwich Meat And Poultry Plain On Multigrain Bun,Fast Foods,279,16.87,46,747,22.63,1.7,4.38,9.95,0.4,104,2.36,271,1 frankfurter on bun,102
Frankfurter Or Hot Dog Sandwich Meat And Poultry Plain On White Bread,Fast Foods,283,18.16,55,816,19.82,0.9,3.81,9.78,0.5,122,1.92,282,1 frankfurter on bread,85
Frankfurter Or Hot Dog Sandwich Meat And Poultry Plain On Wheat Bread,Fast Foods,286,18.56,55,810,19.2,1.3,3.83,10.38,0.5,116,1.92,287,1 frankfurter on bread,85
Frankfurter Or Hot Dog Sandwich Meat And Poultry Plain On Whole Wheat Bread,Fast Foods,276,16.95,50,774,19.77,2.3,3.45,11.09,0.5,131,1.63,318,1 frankfurter on bread,93
Frankfurter Or Hot Dog Sandwich Meat And Poultry Plain On Whole Grain White Bread,Fast Foods,271,16.43,50,783,20.24,3.6,3.71,10.4,0.5,333,2.56,269,1 frankfurter on bread,93
Frankfurter Or Hot Dog Sandwich Meat And Poultry Plain On Multigrain Bread,Fast Foods,281,17.24,50,746,20.02,2.9,4.25,11.44,0.5,108,1.64,309,1 frankfurter on bread,93
Frankfurter Or Hot Dog Sandwich Chicken And/or Turkey Plain On White Bun,Fast Foods,254,11.25,56,792,23.72,0.8,4.96,13.43,0.3,107,2.2,167,1 frankfurter on bun,102
Frankfurter Or Hot Dog Sandwich Chicken And/or Turkey Plain On Wheat Bun,Fast Foods,250,11.12,56,778,22.48,1.9,4.8,14.28,0.3,130,1.98,193,1 frankfurter on bun,102
Frankfurter Or Hot Dog Sandwich Chicken And/or Turkey Plain On Whole Wheat Bun,Fast Foods,250,11.46,56,762,21.43,2.7,4.36,14.58,0.3,131,1.76,220,1 frankfurter on bun,102
Frankfurter Or Hot Dog Sandwich Chicken And/or Turkey Plain On Whole Grain White Bun,Fast Foods,244,11.06,56,800,22.13,1,5.86,13.23,0.3,146,1.83,197,1 frankfurter on bun,102
Frankfurter Or Hot Dog Sandwich Chicken And/or Turkey Plain On Multigrain Bun,Fast Foods,247,12.17,56,776,21.29,1.7,4.51,13.36,0.3,85,2.43,183,1 frankfurter on bun,102
Frankfurter Or Hot Dog Sandwich Chicken And/or Turkey Plain On White Bread,Fast Foods,245,12.52,68,850,18.21,0.9,3.97,13.86,0.4,100,2.02,177,1 frankfurter on bread,85
Frankfurter Or Hot Dog Sandwich Chicken And/or Turkey Plain On Wheat Bread,Fast Foods,248,12.92,68,845,17.59,1.3,3.99,14.46,0.4,93,2.01,182,1 frankfurter on bread,85
Frankfurter Or Hot Dog Sandwich Chicken And/or Turkey Plain On Whole Wheat Bread,Fast Foods,241,11.8,62,806,18.3,2.3,3.6,14.83,0.3,110,1.71,222,1 frankfurter on bread,93
Frankfurter Or Hot Dog Sandwich Chicken And/or Turkey Plain On Whole Grain White Bread,Fast Foods,236,11.28,62,814,18.76,3.6,3.86,14.13,0.3,313,2.65,173,1 frankfurter on bread,93
Frankfurter Or Hot Dog Sandwich Chicken And/or Turkey Plain On Multigrain Bread,Fast Foods,246,12.08,62,777,18.54,2.9,4.4,15.18,0.3,88,1.72,213,1 frankfurter on bread,93
Frankfurter Or Hot Dog Sandwich Reduced Fat Or Light Plain On White Bun,Fast Foods,194,3.37,26,767,27.05,0.9,3.21,13.43,0.1,71,2.05,200,1 frankfurter on bun,102
Frankfurter Or Hot Dog Sandwich Reduced Fat Or Light Plain On Wheat Bun,Fast Foods,190,3.24,26,754,25.81,1.9,3.04,14.28,0.1,94,1.82,226,1 frankfurter on bun,102
Frankfurter Or Hot Dog Sandwich Reduced Fat Or Light Plain On Whole Wheat Bun,Fast Foods,190,3.58,26,738,24.76,2.8,2.61,14.58,0.1,94,1.6,253,1 frankfurter on bun,102
Frankfurter Or Hot Dog Sandwich Reduced Fat Or Light Plain On Whole Grain White Bun,Fast Foods,184,3.19,26,775,25.46,1.1,4.1,13.22,0.1,110,1.68,230,1 frankfurter on bun,102
Frankfurter Or Hot Dog Sandwich Reduced Fat Or Light Plain On Multigrain Bun,Fast Foods,187,4.29,26,751,24.62,1.7,2.76,13.35,0.1,49,2.28,216,1 frankfurter on bun,102
Frankfurter Or Hot Dog Sandwich Reduced Fat Or Light Plain On White Bread,Fast Foods,173,3.07,31,821,22.21,1,1.87,13.86,0.1,56,1.83,217,1 frankfurter on bread,85
Frankfurter Or Hot Dog Sandwich Reduced Fat Or Light Plain On Wheat Bread,Fast Foods,176,3.47,31,815,21.59,1.4,1.89,14.46,0.1,50,1.83,221,1 frankfurter on bread,85
Frankfurter Or Hot Dog Sandwich Reduced Fat Or Light Plain On Whole Wheat Bread,Fast Foods,176,3.16,28,779,21.95,2.4,1.68,14.82,0.1,70,1.54,258,1 frankfurter on bread,93
Frankfurter Or Hot Dog Sandwich Reduced Fat Or Light Plain On Whole Grain White Bread,Fast Foods,170,2.64,28,788,22.42,3.6,1.94,14.13,0.1,273,2.48,209,1 frankfurter on bread,93
Frankfurter Or Hot Dog Sandwich Reduced Fat Or Light Plain On Multigrain Bread,Fast Foods,181,3.44,28,750,22.2,2.9,2.47,15.17,0.1,48,1.56,249,1 frankfurter on bread,93
Frankfurter Or Hot Dog Sandwich Fat Free Plain On White Bun,Fast Foods,187,2.66,24,710,28.71,0.8,3.21,11.66,0.1,95,2.56,177,1 frankfurter on bun,102
Frankfurter Or Hot Dog Sandwich Fat Free Plain On Wheat Bun,Fast Foods,183,2.53,24,696,27.47,1.9,3.04,12.51,0.1,118,2.34,203,1 frankfurter on bun,102
Frankfurter Or Hot Dog Sandwich Fat Free Plain On Whole Wheat Bun,Fast Foods,183,2.87,24,680,26.42,2.7,2.61,12.82,0.1,119,2.12,230,1 frankfurter on bun,102
Frankfurter Or Hot Dog Sandwich Fat Free Plain On Whole Grain White Bun,Fast Foods,177,2.48,24,718,27.11,1,4.1,11.46,0.1,135,2.19,207,1 frankfurter on bun,102
Frankfurter Or Hot Dog Sandwich Fat Free Plain On Multigrain Bun,Fast Foods,180,3.58,24,694,26.27,1.7,2.76,11.59,0.1,74,2.79,194,1 frankfurter on bun,102
Frankfurter Or Hot Dog Sandwich Fat Free Plain On White Bread,Fast Foods,165,2.22,29,752,24.19,0.9,1.87,11.74,0.1,86,2.45,189,1 frankfurter on bread,85
Frankfurter Or Hot Dog Sandwich Fat Free Plain On Wheat Bread,Fast Foods,167,2.62,29,746,23.57,1.3,1.89,12.34,0.1,79,2.44,194,1 frankfurter on bread,85
Frankfurter Or Hot Dog Sandwich Fat Free Plain On Whole Wheat Bread,Fast Foods,168,2.38,26,715,23.76,2.3,1.68,12.88,0.1,97,2.1,233,1 frankfurter on bread,93
Frankfurter Or Hot Dog Sandwich Fat Free Plain On Whole Grain White Bread,Fast Foods,162,1.86,26,724,24.23,3.6,1.94,12.19,0.1,300,3.04,184,1 frankfurter on bread,93
Frankfurter Or Hot Dog Sandwich Fat Free Plain On Multigrain Bread,Fast Foods,173,2.66,26,687,24.01,2.9,2.47,13.24,0.1,75,2.12,224,1 frankfurter on bread,93
Frankfurter Or Hot Dog Sandwich Meatless Plain On Bun,Fast Foods,251,9.89,0,480,24.3,3.1,2.85,15.76,0,76,2.2,107,1 frankfurter on bun,115
Frankfurter Or Hot Dog Sandwich Meatless Plain On Bread,Fast Foods,242,10.76,0,476,19.62,3.6,1.62,16.54,0,65,2.04,106,1 frankfurter on bread,98
Frankfurter Or Hot Dog Sandwich With Chili On White Bun,Fast Foods,231,12.55,24,604,19.71,1.8,3.12,9.11,0.3,57,1.85,260,1 frankfurter on bun,166
Frankfurter Or Hot Dog Sandwich With Chili On Wheat Bun,Fast Foods,228,12.47,24,596,18.95,2.4,3.01,9.63,0.3,71,1.71,276,1 frankfurter on bun,166
Frankfurter Or Hot Dog Sandwich With Chili On Whole Wheat Bun,Fast Foods,228,12.47,24,596,18.95,2.4,3.01,9.63,0.3,71,1.71,276,1 frankfurter on bun,166
Frankfurter Or Hot Dog Sandwich With Chili On Whole Grain White Bun,Fast Foods,224,12.44,24,609,18.73,1.9,3.66,8.98,0.3,81,1.62,278,1 frankfurter on bun,166
Frankfurter Or Hot Dog Sandwich With Chili On Multigrain Bun,Fast Foods,226,13.12,24,594,18.21,2.3,2.84,9.06,0.3,44,1.99,270,1 frankfurter on bun,166
Frankfurter Or Hot Dog Sandwich With Chili On White Bread,Fast Foods,223,13.43,27,616,16.11,1.9,2.34,8.86,0.4,47,1.7,276,1 frankfurter on bread,149
Frankfurter Or Hot Dog Sandwich With Chili On Wheat Bread,Fast Foods,224,13.66,27,613,15.76,2.2,2.35,9.2,0.4,43,1.7,279,1 frankfurter on bread,149
Frankfurter Or Hot Dog Sandwich With Chili On Whole Wheat Bread,Fast Foods,222,12.96,26,601,16.27,2.7,2.2,9.69,0.3,56,1.54,298,1 frankfurter on bread,157
Frankfurter Or Hot Dog Sandwich With Chili On Whole Grain White Bread,Fast Foods,219,12.65,26,607,16.54,3.5,2.36,9.28,0.3,176,2.1,269,1 frankfurter on bread,157
Frankfurter Or Hot Dog Sandwich With Chili On Multigrain Bread,Fast Foods,225,13.12,26,584,16.41,3,2.68,9.9,0.3,42,1.55,293,1 frankfurter on bread,157
Frankfurter Or Hot Dog Sandwich With Meatless Chili On White Bun,Fast Foods,229,12.67,28,594,19.76,1.8,3.03,9.23,0.3,62,2.66,299,1 frankfurter on bun,166
Frankfurter Or Hot Dog Sandwich With Meatless Chili On Wheat Bun,Fast Foods,226,12.58,28,586,19,2.4,2.93,9.75,0.3,76,2.52,315,1 frankfurter on bun,166
Frankfurter Or Hot Dog Sandwich With Meatless Chili On Whole Wheat Bun,Fast Foods,226,12.79,28,576,18.36,2.9,2.66,9.94,0.3,77,2.38,331,1 frankfurter on bun,166
Frankfurter Or Hot Dog Sandwich With Meatless Chili On Whole Grain White Bun,Fast Foods,223,12.55,28,599,18.78,1.9,3.58,9.11,0.3,86,2.43,317,1 frankfurter on bun,166
Frankfurter Or Hot Dog Sandwich With Meatless Chili On Multigrain Bun,Fast Foods,225,13.23,28,584,18.27,2.3,2.75,9.19,0.3,49,2.8,309,1 frankfurter on bun,166
Frankfurter Or Hot Dog Sandwich With Meatless Chili On White Bread,Fast Foods,221,13.56,31,605,16.17,1.9,2.25,9,0.4,53,2.6,320,1 frankfurter on bread,149
Frankfurter Or Hot Dog Sandwich With Meatless Chili On Wheat Bread,Fast Foods,223,13.78,31,601,15.82,2.2,2.26,9.34,0.4,49,2.6,323,1 frankfurter on bread,149
Frankfurter Or Hot Dog Sandwich With Meatless Chili On Whole Wheat Bread,Fast Foods,222,12.96,26,601,16.27,2.7,2.2,9.69,0.3,56,1.54,298,1 frankfurter on bread,157
Frankfurter Or Hot Dog Sandwich With Meatless Chili On Whole Grain White Bread,Fast Foods,217,12.76,29,596,16.6,3.5,2.27,9.41,0.3,181,2.95,310,1 frankfurter on bread,157
Frankfurter Or Hot Dog Sandwich With Meatless Chili On Multigrain Bread,Fast Foods,223,13.24,29,574,16.47,3,2.58,10.03,0.3,48,2.4,334,1 frankfurter on bread,157
Frankfurter Or Hot Dog Sandwich Meatless On Bun With Meatless Chili,Fast Foods,198,7.7,6,460,20.34,3.2,2.42,12.31,0,66,2.64,199,1 frankfurter on bun,179
Frankfurter Or Hot Dog Sandwich Meatless On Bread With Meatless Chili,Fast Foods,187,7.99,7,455,17.1,3.5,1.63,12.42,0,58,2.59,208,1 frankfurter on bread,162
Hors D'oeuvres With Spread,Fast Foods,206,4.85,40,409,28.79,1.5,4.12,11.37,0.5,89,2.56,133,1 hors d'oeuvre,23
Beef Stew Baby Food Toddler,Baby Foods,51,1.2,13,106,5.5,1.1,1.39,5.1,0,9,0.72,142,NULL,NULL
Beef And Egg Noodles Baby Food Ns As To Strained Or Junior,Baby Foods,60,2.08,8,20,7.74,1.2,1.44,2.47,0,9,0.42,66,1 tablespoon,16
Beef With Vegetables Baby Food Toddler,Baby Foods,68,2.1,12,26,8.72,1.8,1.18,3.5,0,11,0.5,168,NULL,NULL
Chicken Noodle Dinner Baby Food Ns As To Strained Or Junior,Baby Foods,60,1.62,12,36,8.94,1.5,1.78,2.53,0,24,0.51,89,1 tablespoon,16
Chicken Noodle Dinner Baby Food Strained,Baby Foods,66,2.06,16,38,9.08,2.1,2.5,2.69,0.1,27,0.64,139,NULL,NULL
Chicken Noodle Dinner Baby Food Junior,Baby Foods,55,1.18,9,35,8.79,0.9,1.07,2.37,0,21,0.38,39,NULL,NULL
Chicken Noodles And Vegetables Baby Food Toddler,Baby Foods,66,1.7,28,194,8.89,0.6,0.82,3.8,0,11,0.4,95,1 tablespoon,16
Turkey Rice And Vegetables Baby Food Ns As To Strained Or Junior,Baby Foods,54,1.08,4,21,8.76,1,1.46,2.32,0,21,0.35,88,1 tablespoon,16
Frozen Dinner Nfs,Meats,147,8.42,40,267,11.24,1.3,1.62,6.93,0.1,16,0.84,194,1 meal (11 oz),312
Beef Dinner NFS Frozen Meal,Meats,147,8.42,40,267,11.24,1.3,1.62,6.93,0.1,16,0.84,194,1 meal (11 oz),312
Beef With Vegetable Diet Frozen Meal,Meats,125,6.95,34,293,4.68,0.8,2.81,10.64,0,34,1.32,281,1 meal (10 oz),284
Sirloin Chopped With Gravy Mashed Potatoes Vegetable Frozen Meal,Meats,155,7.99,39,561,13.12,1.7,2,7.92,0.1,15,1.17,232,1 meal (10.5 oz),298
Sirloin Tips With Gravy Potatoes Vegetable Frozen Meal,Meats,113,5.68,24,265,7.03,1,1.4,8.29,0.1,13,1.29,262,1 meal (10 oz),284
Sirloin Beef With Gravy Potatoes Vegetable Frozen Meal,Meats,85,2.82,22,311,6.46,1.2,0.98,8.39,0,16,0.81,236,1 meal (11 oz),312
Salisbury Steak Dinner NFS Frozen Meal,Meats,147,8.42,40,267,11.24,1.3,1.62,6.93,0.1,16,0.84,194,1 meal (11 oz),312
Salisbury Steak With Gravy Potatoes Vegetable Frozen Meal,Meats,147,8.42,40,267,11.24,1.3,1.62,6.93,0.1,16,0.84,194,1 armour meal (11 oz),312
Salisbury Steak With Gravy Whipped Potatoes Vegetable Dessert Frozen Meal,Meats,140,6.74,25,560,12.25,0.8,2.34,7.66,0.1,26,1.07,169,1 swanson salisbury steak dinner (11 oz),312
Salisbury Steak With Gravy Potatoes Vegetable Soup Or Macaroni And Cheese Dessert Frozen Meal,Meats,111,4.98,21,337,9.73,1,2.56,6.67,0.1,24,0.92,162,1 meal (15.5 oz),439
Salisbury Steak With Gravy Potatoes Vegetable Dessert Frozen Meal,Meats,169,7.54,28,379,13.72,1.6,2.58,11.27,0,31,1.61,280,1 meal (16.5 oz),468
Salisbury Steak With Gravy Macaroni And Cheese Vegetable Frozen Meal,Meats,146,8.45,24,374,11.09,1.4,1.12,6.69,0.2,78,0.92,131,1 meal (11.5 oz),326
Salisbury Steak With Gravy Macaroni And Cheese Frozen Meal,Meats,202,8.47,23,382,20.44,1.3,1.78,10.35,0,107,1.64,136,1 meal (10 oz),284
Salisbury Steak Potatoes Vegetable Dessert Diet Frozen Meal,Meats,92,2.78,14,137,12.64,1.3,8.12,4.73,0,14,0.67,161,NULL,NULL
Beef Sliced With Gravy Potatoes Vegetable Frozen Meal,Meats,125,7.28,21,296,6.59,0.7,0.8,8.12,0.1,10,0.91,224,NULL,NULL
Beef Short Ribs Boneless With Barbecue Sauce Potatoes Vegetable Frozen Meal,Meats,151,5.69,26,236,15.75,1.5,8.09,9.12,0.1,24,1.27,255,1 meal (10.5 oz),298
Meatballs Swedish In Sauce With Noodles Frozen Meal,Meats,192,10.22,45,299,12.87,0.6,1.48,11.21,0.1,49,1.56,177,1 meal (10 oz),284
Meatballs Swedish In Gravy With Noodles Diet Frozen Meal,Meats,112,3.35,14,252,10.57,0.9,1.3,9.67,0,24,1.34,147,1 meal (9.1 oz),258
Salisbury Steak Baked With Tomato Sauce Vegetable Diet Frozen Meal,Meats,106,5.64,30,264,4.86,0.8,1.81,8.84,0.1,47,1.21,254,1 meal (9.5 oz),269
Beef With Spaetzle Or Rice Vegetable Frozen Meal,Meats,119,4.35,16,279,12.49,0.5,1.32,7.01,0,9,1.13,157,NULL,NULL
Veal Dinner NFS Frozen Meal,Meats,129,6.26,23,375,11.91,1.1,2.03,6.36,0,25,1.02,197,1 meal (11 oz),312
Veal Breaded With Spaghetti In Tomato Sauce Frozen Meal,Meats,129,6.26,23,375,11.91,1.1,2.03,6.36,0,25,1.02,197,NULL,NULL
Veal Parmigiana With Vegetable Fettuccine Alfredo Dessert Frozen Meal,Meats,140,7.01,24,385,13.46,1.1,4.83,6.14,0.3,72,0.91,156,1 meal (12.75 oz),361
Chicken Dinner NFS Frozen Meal,Meats,129,4.3,32,413,13.25,1,1.25,8.9,0.1,33,0.97,103,1 meal (11 oz),312
Chicken Divan Frozen Meal,Meats,152,9.69,36,295,6.53,0.5,2.83,9.34,0.2,112,0.64,160,1 meal (9.5 oz),269
Chicken Boneless With Gravy Dressing Rice Vegetable Dessert Frozen Meal,Meats,174,5.7,23,267,20.9,1.5,5.28,9.27,0.2,24,1.34,145,1 meal (17.75 oz ),503
Chicken And Noodles With Vegetable Dessert Frozen Meal,Meats,136,4.76,17,393,17.75,1.3,4.54,5.67,0.1,15,1.01,126,1 meal (10.25 oz),291
Chicken Fried With Potatoes Vegetable Frozen Meal,Meats,169,9.13,41,439,10.64,1.3,1.24,10.51,0.2,26,0.79,173,1 meal (11 oz),312
Chicken Patty Or Nuggets Boneless Breaded Potatoes Vegetable Frozen Meal,Meats,204,10.42,24,423,17.58,1.4,1.58,10.71,0,9,0.73,283,NULL,NULL
Chicken Patty Breaded With Tomato Sauce And Cheese Fettuccine Alfredo Vegetable Frozen Meal,Meats,122,5.65,31,264,8.45,1.2,1.59,9.4,0.1,38,0.83,155,NULL,NULL
Chicken Patty Or Nuggets Boneless Breaded With Pasta And Tomato Sauce Fruit Dessert Frozen Meal,Meats,178,7.4,11,445,23.46,1.4,9.93,5.09,0.1,15,0.92,161,1 meal (6.80 oz),193
Chicken Fried With Potatoes Vegetable Dessert Frozen Meal,Meats,175,8.82,38,425,13.46,1.3,3.62,9.98,0.2,31,0.82,163,1 swanson meal (11 oz),312
Chicken Fried With Potatoes Vegetable Dessert Frozen Meal Large Meat Portion,Meats,211,10.66,42,384,18.02,1.4,5.09,11.35,0.1,19,0.91,224,1 banquet meal (16.5 oz),468
Chicken Patty Parmigiana Breaded With Vegetable Diet Frozen Meal,Meats,135,7.8,26,429,6.81,1.2,1.83,9.6,0.1,116,0.9,171,1 meal (8 oz),226
Chicken With Rice And Vegetable Diet Frozen Meal,Meats,115,3.3,26,336,10.43,0.8,1.58,10.41,0.1,14,0.66,146,1 meal (8.5 oz),241
Chicken A La King With Rice Frozen Meal,Meats,160,8.14,46,443,14.89,0.5,1.5,6.82,0.3,40,0.87,117,1 stouffer's meal (9.5 oz),269
Chicken And Vegetables In Cream Or White Sauce Diet Frozen Meal,Meats,96,3.16,26,250,5.93,0.7,2.44,10.58,0,48,0.77,165,1 meal (9 oz),255
Chicken And Vegetables Au Gratin With Rice Diet Frozen Entree,Meats,123,5.21,34,429,7.38,0.8,0.85,11.29,0,103,1.11,191,1 entree (9.1 oz),258
Chicken And Vegetable Entree With Rice Diet Frozen Meal,Meats,189,5.62,28,248,23,2,6.55,12.66,0,44,1.85,266,1 meal (9 oz),255
Chicken Chow Mein With Rice Diet Frozen Meal,Prepared Meals,91,1.98,15,327,11.86,0.6,1.53,6.06,0.1,15,0.78,114,1 lean cuisine meal (11.25 oz),319
Chicken With Noodles And Cheese Sauce Diet Frozen Meal,Meats,119,2.86,24,100,11.67,0.7,0.31,10.9,0,11,0.76,89,1 healthy choice meal (8.5 oz),241
Chicken Cacciatore With Noodles Diet Frozen Meal,Meats,103,3.2,19,302,10.92,1,2.22,7.5,0.1,10,1.03,183,NULL,NULL
Chicken And Vegetable Entree With Noodles Frozen Meal,Meats,102,2.12,15,217,13.58,1,3.59,7.23,0,12,0.91,153,1 meal (10 oz),284
Chicken And Vegetable Entree With Noodles Diet Frozen Meal,Meats,84,1.99,17,224,9.11,1.5,1.88,7.48,0,19,0.9,176,NULL,NULL
Chicken In Cream Sauce With Noodles And Vegetable Frozen Meal,Meats,129,4.3,32,413,13.25,1,1.25,8.9,0.1,33,0.97,103,1 meal (12 oz),340
Chicken In Butter Sauce With Potatoes And Vegetable Diet Frozen Meal,Meats,119,2.46,50,90,4.48,0.9,0.54,18.79,0.1,19,0.79,227,1 meal (9.25 oz),262
Chicken In Mushroom Sauce White And Wild Rice Vegetable Frozen Meal,Meats,126,5.67,32,324,10.61,1.1,1.19,8.22,0.1,20,0.7,156,1 meal (10.75 oz),305
Chicken In Soy-Based Sauce Rice And Vegetables Frozen Meal,Prepared Meals,109,0.88,16,351,18.03,1,1.62,6.72,0,16,0.81,131,1 meal (9 oz),255
Chicken In Orange Sauce With Almond Rice Diet Frozen Meal,Prepared Meals,133,2.19,27,297,16.05,0.4,4.72,11.33,0,18,0.52,116,1 meal (8 oz),227
Chicken And Vegetable Entree With Noodles And Cream Sauce Frozen Meal,Meats,124,5.17,33,322,10.59,1,1.6,8.6,0.1,55,0.84,117,1 meal (10 oz),284
Turkey With Gravy Dressing Vegetable And Fruit Diet Frozen Meal,Meats,109,1.58,18,145,17.94,1.4,9.84,6.85,0.1,29,0.94,206,1 meal (10.5 oz),298
Turkey With Vegetable Stuffing Diet Frozen Meal,Meats,95,1.82,23,202,10.54,1.4,3.58,9.29,0.1,23,0.69,195,1 weight watchers meal (8.5 oz),241
Turkey With Gravy Dressing Potatoes Vegetable Dessert Frozen Meal,Meats,102,3.09,16,310,12.07,1.3,6.61,6.45,0.1,15,0.47,128,1 meal (18.5 oz),524
Turkey Tetrazzini Frozen Meal,Meats,139,6.16,23,318,12.56,0.9,1.86,7.98,0.2,49,0.99,147,1 meal (10 oz),284
Haddock With Chopped Spinach Diet Frozen Meal,Fish,77,2.44,28,190,4.37,0.4,2.37,9.05,0.2,89,0.59,235,1 meal (9 oz),255
Flounder With Chopped Broccoli Diet Frozen Meal,Fish,62,1.64,19,163,5.41,0.9,2.33,6.52,1,71,0.31,188,1 meal (12.4 oz),351
Fish In Lemon-Butter Sauce With Starch Item Vegetable Frozen Meal,Fish,102,3.75,15,440,11.26,1.3,1.39,5.5,0.1,12,0.68,128,1 meal (10 oz),284
Shrimp And Clams In Tomato-Based Sauce With Noodles Frozen Meal,Fish,102,2.46,36,278,12.2,1.2,1.74,7.72,0,40,1.57,246,1 meal (10 oz),284
Shrimp And Vegetables In Sauce With Noodles Diet Frozen Meal,Fish,91,1.71,37,457,13.42,1.5,1.85,5.27,0,32,0.92,85,1 meal (11 oz),312
Meat Loaf Dinner NFS Frozen Meal,Meats,131,7.4,19,371,9.65,1,3.03,6.61,0,45,1.05,184,1 meal (11 oz),312
Meat Loaf With Potatoes Vegetable Frozen Meal,Meats,131,7.4,19,371,9.65,1,3.03,6.61,0,45,1.05,184,NULL,NULL
Stuffed Green Pepper Frozen Meal,Vegetables,94,4.38,12,290,9.27,1.2,2.23,4.88,0,41,2.08,192,1 meal (14 oz),397
Stuffed Cabbage With Meat And Tomato Sauce Diet Frozen Meal,Meats,78,3.13,16,227,6.93,0.9,2.07,5.55,0.1,22,0.77,191,1 meal (10.75 oz),305
Oxtail Soup,Soups and Sauces,85,4.87,31,139,1.37,0.3,0.44,8.4,0.1,11,1.12,105,1 cup,244
Beef Broth With Tomato Home Recipe,Soups and Sauces,49,4.18,0,260,2.09,0.6,1.04,1.2,0,14,0.46,127,1 cup,237
Meatball Soup Home Recipe Mexican Style,Soups and Sauces,108,4.64,16,256,9.9,1.7,1.25,6.84,0.1,20,1.15,337,1 cup,237
Beef Noodle Soup Puerto Rican Style,Soups and Sauces,59,1.25,16,426,6.16,0.9,0.86,5.88,0,14,0.79,229,1 cup,250
Pho,Soups and Sauces,88,2.24,12,403,10.39,0.6,0.79,6.14,0,11,0.65,98,1 cup,244
Beef And Rice Soup Puerto Rican Style,Soups and Sauces,59,1.21,15,426,6.23,0.9,0.85,5.83,0,14,0.8,227,1 cup,250
Pepperpot Soup,Soups and Sauces,47,2.39,20,174,3.13,0.3,0.82,3.47,0,18,0.35,180,1 cup,241
Menudo Soup Home Recipe,Soups and Sauces,49,1.6,32,368,3.3,0.5,0.93,5.24,0,25,0.47,163,1 cup,241
Menudo Soup Canned Prepared With Water Or Ready-To-Serve,Soups and Sauces,40,1.39,27,494,4.19,1.6,0.56,3.36,0,34,0.88,84,1 cup,241
Beef Vegetable Soup Home Recipe Mexican Style,Soups and Sauces,70,2.21,20,348,4.89,1.1,1.86,7.92,0,23,1.03,201,1 cup,239
Meat And Corn Hominy Soup Home Recipe Mexican Style,Soups and Sauces,90,4.12,20,253,5.11,0.4,1.56,7.49,0.2,8,0.49,162,1 cup,238
Italian Wedding Soup,Soups and Sauces,69,2.64,16,384,6.4,0.8,1.55,4.93,0.1,41,0.73,132,1 cup,244
Ham Rice And Potato Soup Puerto Rican Style,Soups and Sauces,56,1.03,8,437,7.95,0.6,0.6,3.57,0.1,8,0.34,139,1 cup,240
Ham Noodle And Vegetable Soup Puerto Rican Style,Soups and Sauces,60,1.33,13,739,6.32,0.9,1.14,5.86,0.2,12,0.53,239,1 cup,250
Pork Vegetable Soup With Potato Pasta Or Rice Stew Type Chunky Style,Soups and Sauces,55,2.09,10,268,3.88,0.8,1.01,5.22,0.1,14,0.51,182,1 cup,240
Pork With Vegetable Excluding Carrots Broccoli And/or Dark-Green Leafy; Soup Asian Style,Soups and Sauces,54,2.46,12,324,1.94,0.6,0.71,6.04,0.1,27,0.69,193,1 cup,228
Bacon Soup Cream Of Prepared With Water,Soups and Sauces,46,2.93,4,358,3.63,0,0.27,1.21,0,9,0.54,25,1 cup,244
Lamb Pasta And Vegetable Soup Puerto Rican Style,Soups and Sauces,90,5.2,18,387,6.04,1,1.01,4.8,0,14,0.69,210,1 cup,250
Chicken Or Turkey Broth With Tomato Home Recipe,Soups and Sauces,48,4.17,1,259,2.37,0.6,1.34,0.85,0,13,0.4,102,1 cup,237
Mexican Style Chicken Broth Soup Stock,Soups and Sauces,49,1.29,2,273,7.74,1.4,3.09,2.35,0,22,0.57,205,1 cup,242
Chicken Rice Soup Puerto Rican Style,Soups and Sauces,77,1.58,25,432,8.61,0.9,0.49,7.24,0,12,0.58,232,1 cup,220
Chicken Soup With Noodles And Potatoes Puerto Rican Style,Soups and Sauces,74,1.45,23,431,8.66,0.9,0.56,6.76,0,12,0.55,231,1 cup,220
Sweet And Sour Soup,Soups and Sauces,67,2.96,31,478,4.65,0.5,1.19,5.66,0.3,27,0.59,123,1 cup,244
Chicken Or Turkey Soup With Vegetables Broccoli Carrots Celery Potatoes And Onions Asian Style,Soups and Sauces,49,2.21,21,404,2.17,0.6,0.91,5.43,0,19,0.31,123,1 cup,228
Chicken Or Turkey Corn Soup With Noodles Home Recipe,Soups and Sauces,62,1.8,18,338,7.34,0.6,1.35,4.67,0,10,0.43,105,1 cup,251
Chicken Or Turkey Vegetable Soup Home Recipe,Soups and Sauces,48,1.7,16,306,4.17,0.8,1.31,4.54,0,12,0.38,142,1 cup,239
Chicken Or Turkey Vegetable Soup With Rice Home Recipe Mexican Style,Soups and Sauces,77,2.19,22,280,7.94,1.1,2.47,6.87,0,21,0.66,216,1 cup,242
Chicken Or Turkey And Corn Hominy Soup  Home Recipe Mexican Style,Soups and Sauces,75,2.45,26,305,5.11,0.4,1.56,7.89,0,8,0.45,146,1 cup,238
Bird's Nest Soup,Soups and Sauces,46,1.27,17,734,3.03,0,0.29,5.39,0.1,6,0.27,69,1 cup,244
Chicken Or Turkey Soup With Vegetables And Fruit Asian Style,Soups and Sauces,39,1.22,20,569,2.08,0.2,1.82,5.07,0,16,0.3,91,1 cup,234
Chicken Or Turkey Soup Cream Of Canned Reduced Sodium Ns As To Made With Milk Or Water,Soups and Sauces,29,0.66,3,183,4.82,0.2,0.2,0.91,0,7,0.1,138,1 cup,244
Chicken Or Turkey Soup Cream Of Canned Reduced Sodium Made With Milk,Soups and Sauces,54,1.67,7,201,7.18,0.2,2.74,2.53,0.6,65,0.11,206,1 cup,248
Chicken Or Turkey Soup Cream Of Canned Reduced Sodium Made With Water,Soups and Sauces,29,0.66,3,183,4.82,0.2,0.2,0.91,0,7,0.1,138,1 cup,244
Chicken Or Turkey Soup Cream Of Ns As To Prepared With Milk Or Water,Soups and Sauces,46,2.93,4,358,3.63,0,0.27,1.21,0,9,0.54,25,1 cup,244
Chicken Or Turkey Soup Cream Of Prepared With Milk,Soups and Sauces,70,3.91,8,373,6,0,2.81,2.82,0.6,66,0.54,95,1 cup,248
Chicken Or Turkey Soup Cream Of Prepared With Water,Soups and Sauces,46,2.93,4,358,3.63,0,0.27,1.21,0,9,0.54,25,1 cup,244
Chicken Or Turkey Mushroom Soup Cream Of Prepared With Milk,Soups and Sauces,75,3.44,8,357,8.4,1.6,2.94,2.44,0.6,71,0.36,98,1 cup,248
Duck Soup,Soups and Sauces,75,3.2,41,109,1.11,0.1,0.08,9.91,0.1,8,1.31,167,1 cup,244
Fish Chowder,Soups and Sauces,113,6.23,37,139,6.09,0.8,0.92,8.07,0.4,18,0.37,255,1 cup,244
Crab Soup Ns As To Tomato-Base Or Cream Style,Soups and Sauces,51,2.58,23,306,1.7,0.2,1.04,5.02,0.1,51,0.29,150,1 cup,244
Crab Soup Tomato-Base,Soups and Sauces,39,0.34,17,253,5.13,1,1.57,4.28,0,34,0.76,178,1 cup,244
Clam Chowder Ns As To Manhattan Or New England Style,Soups and Sauces,61,2.05,7,278,7.55,0.3,2.76,3.22,0.6,68,1.24,180,1 cup,244
Turtle And Vegetable Soup,Soups and Sauces,42,0.94,9,264,3.74,0.7,0.98,4.77,0,31,0.58,165,1 cup,244
Fish And Vegetable Soup No Potatoes Mexican Style,Soups and Sauces,39,1.26,11,286,1.47,0.3,0.71,5.15,0.1,27,0.24,151,1 cup,250
Fish Soup With Potatoes Mexican Style,Soups and Sauces,46,1.31,11,275,2.64,0.3,0.4,5.47,0.1,27,0.24,162,1 cup,241
Codfish Rice And Vegetable Soup Puerto Rican Style,Soups and Sauces,68,1.65,11,271,7.59,0.4,0.62,5.29,0.2,12,0.48,153,1 cup,245
Codfish Soup With Noodles Puerto Rican Style,Soups and Sauces,72,2.07,18,265,7.5,0.6,0.69,5.71,0.3,12,0.57,151,1 cup,245
Clam Chowder New England Prepared With Milk,Soups and Sauces,61,2.05,7,278,7.55,0.3,2.76,3.22,0.6,68,1.24,180,1 cup,248
Crab Soup Cream Of Prepared With Milk,Soups and Sauces,51,2.58,23,306,1.7,0.2,1.04,5.02,0.1,51,0.29,150,1 cup,248
Lobster Bisque,Soups and Sauces,52,2.6,32,322,1.7,0.2,1.04,5.22,0.1,52,0.26,145,1 cup,248
Lobster Gumbo,Fish,59,1.77,37,348,4.64,0.9,1.79,6.2,0,56,0.67,232,1 cup,244
Oyster Stew,Soups and Sauces,80,5.15,27,326,4.22,0,3.65,4.2,0.8,101,1.6,150,1 cup,245
Salmon Soup Cream Style,Soups and Sauces,59,3.33,15,307,1.7,0.2,1.04,5.34,2.6,74,0.32,165,1 cup,248
Shrimp Gumbo,Fish,61,1.89,61,437,4.64,0.9,1.79,6.52,0,67,1.1,197,1 cup,244
Seafood Soup With Potatoes And Vegetables Including Carrots Broccoli And/or Dark-Green Leafy,Soups and Sauces,45,1.21,7,241,4.11,0.8,1.07,4.43,0.1,29,0.4,182,1 cup,244
Seafood Soup With Potatoes And Vegetables Excluding Carrots Broccoli And Dark-Green Leafy,Soups and Sauces,45,1.23,7,245,3.93,0.7,0.96,4.51,0.1,29,0.4,177,1 cup,244
Seafood Soup With Vegetables Including Carrots Broccoli And/or Dark-Green Leafy; No Potatoes,Soups and Sauces,42,1.28,8,256,3.06,0.7,1.07,4.56,0.1,30,0.37,162,1 cup,244
Seafood Soup With Vegetables Excluding Carrots Broccoli And Dark-Green Leafy; No Potatoes,Soups and Sauces,42,1.3,8,260,2.84,0.6,0.96,4.65,0.1,30,0.37,156,1 cup,244
Spanish Vegetable Soup Puerto Rican Style,Soups and Sauces,104,5.81,28,472,5.24,1.2,1.38,7.76,0.1,19,0.67,227,1 cup,250
Gravy Meat Or Poultry With Wine,Soups and Sauces,37,1.75,3,335,3.87,0.2,0.51,1.7,0,8,0.39,69,1 cup,236
Gravy Meat With Fruit,Soups and Sauces,50,1.88,3,352,6.97,0.3,2.98,1.75,0,9,0.34,82,1 cup,238
Gravy Giblet,Soups and Sauces,61,2.68,51,444,4.68,0.2,0.23,4.17,0,8,0.88,88,1 cup,238
Gravy Beef Or Meat Home Recipe,Soups and Sauces,106,9.82,10,542,2.46,0.1,0.01,1.67,0.2,7,0.34,58,1 cup,233
Gravy Poultry Home Recipe,Soups and Sauces,105,9.81,12,542,2.84,0.1,0.43,1.18,0.2,5,0.24,23,1 cup,238
Gravy Mushroom,Soups and Sauces,27,0.33,0,546,5.33,0.4,0.27,0.82,0,22,0.08,23,1 cup,238
Gravy Redeye,Soups and Sauces,44,4.53,5,39,0.01,0,0,0.54,0,2,0.04,59,1 cup,242
Gravy Beef Or Meat Fat Free,Soups and Sauces,41,1.17,1,565,6.62,0.4,1.82,1,0,17,0.75,46,1 cup,227
Gravy Poultry Fat Free,Soups and Sauces,45,1.61,3,451,6.31,0.4,0.83,1.28,0,15,1.05,34,1 cup,227
Gravy Or Sauce Poultry-Based From Puerto Rican-Style Chicken Fricasse,Soups and Sauces,212,21.51,5,363,5.25,1.3,2.57,0.89,0.3,16,0.54,150,1 cup,240
Gravy Meat-Based From Puerto-Rican Style Stuffed Pot Roast,Soups and Sauces,245,27.32,22,109,0,0,0,0,0.1,2,0.04,0,1 cup,272
Gravy Meat-Based From Puerto-Rican Style Beef Stew,Soups and Sauces,82,8.4,9,258,1.47,0.4,0.82,0.27,0.1,6,0.15,57,1 cup,208
Gravy Or Sauce Made With Soy Sauce Stock Or Bouillon Cornstarch,Soups and Sauces,45,0.28,0,981,9.84,0.1,3.81,0.82,0,6,0.12,31,1 cup,233
Mole Poblano Sauce,Soups and Sauces,142,10.3,1,342,11.54,2.8,6.42,2.89,0,34,1.22,225,1 cup,265
Mole Verde Sauce,Soups and Sauces,83,5.74,1,281,5.48,1.7,2.54,4.27,0,18,1.43,247,1 cup,265
Egg Whole Cooked Ns As To Cooking Method,Dairy and Egg Products ,179,13.54,357,418,1.1,0,0.78,12.3,2,64,1.69,144,1 small,37
Egg Whole Boiled Or Poached,Dairy and Egg Products ,142,9.44,369,429,0.72,0,0.37,12.47,2,56,1.74,137,1 small,37
Egg Whole Fried Ns As To Fat Added In Cooking,Dairy and Egg Products ,207,16.4,397,481,0.77,0,0.39,13.27,2.2,60,1.86,147,1 small egg,35
Egg Whole Fried Without Fat,Dairy and Egg Products ,161,10.73,420,488,0.81,0,0.42,14.17,2.3,63,1.98,156,1 small,33
Egg Whole Fried With Margarine,Dairy and Egg Products ,204,16.05,392,512,0.81,0,0.39,13.25,2.2,59,1.85,147,1 small,35
Egg Whole Fried With Oil,Dairy and Egg Products ,215,17.24,393,457,0.76,0,0.39,13.27,2.1,59,1.86,146,1 small,35
Egg Whole Fried With Butter,Dairy and Egg Products ,204,16.08,408,504,0.76,0,0.39,13.3,2.1,61,1.85,147,1 small,35
Egg Whole Fried With Animal Fat Or Meat Drippings,Dairy and Egg Products ,209,16.35,401,500,0.76,0,0.39,13.47,2.3,60,1.87,148,1 small,35
Egg Whole Fried With Cooking Spray,Dairy and Egg Products ,166,11.19,417,486,0.95,0,0.42,14.08,2.2,63,1.96,155,1 small,35
Egg Whole Fried Ns As To Type Of Fat,Dairy and Egg Products ,207,16.4,397,481,0.77,0,0.39,13.27,2.2,60,1.86,147,1 small egg,35
Egg Whole Baked Ns As To Fat Added In Cooking,Dairy and Egg Products ,168,12.74,301,401,1.81,0,1.54,10.9,2,74,1.42,146,1 small,47
Egg Whole Baked Fat Not Added In Cooking,Dairy and Egg Products ,134,8.58,317,378,1.86,0,1.63,11.48,2,78,1.49,153,1 small,33
Egg Whole Baked Fat Added In Cooking,Dairy and Egg Products ,168,12.74,301,401,1.81,0,1.54,10.9,2,74,1.42,146,1 small,47
Egg Whole Pickled,Dairy and Egg Products ,154,10.53,370,412,1.11,0,1.11,12.49,2.2,50,1.18,125,1 large egg,47
Egg White Cooked Ns As To Fat Added In Cooking,Dairy and Egg Products ,111,6.55,5,506,0.78,0,0.75,11.52,0.1,8,0.09,173,1 small egg white,24
Egg White Cooked Fat Not Added In Cooking,Dairy and Egg Products ,59,0.19,0,515,0.82,0,0.8,12.29,0,8,0.09,184,1 small egg white,24
Egg White Cooked Fat Added In Cooking,Dairy and Egg Products ,111,6.55,5,506,0.78,0,0.75,11.52,0.1,8,0.09,173,1 small egg white,24
Egg Yolk Only Cooked Ns As To Fat Added In Cooking,Dairy and Egg Products ,404,35.24,1146,358,3.79,0,0.59,16.76,5.7,136,2.9,115,1 small egg yolk,13
Egg Yolk Only Cooked Fat Not Added In Cooking,Dairy and Egg Products ,363,29.94,1224,382,4.05,0,0.63,17.89,6.1,146,3.08,123,1 small egg yolk,13
Egg Yolk Only Cooked Fat Added In Cooking,Dairy and Egg Products ,404,35.24,1146,358,3.79,0,0.59,16.76,5.7,136,2.9,115,1 small egg yolk,13
Duck Egg Cooked,Dairy and Egg Products ,209,15.53,997,493,1.64,0,1.05,14.45,1.9,72,4.34,250,1 egg,70
Goose Egg Cooked,Dairy and Egg Products ,209,14.97,961,484,1.52,0,1.06,15.64,1.9,68,4.11,237,1 egg,144
Quail Egg Canned,Dairy and Egg Products ,178,12.51,952,487,0.46,0,0.45,14.72,1.6,72,4.12,149,1 egg,9
Egg Creamed,Dairy and Egg Products ,150,10.59,169,380,5.57,0.1,2.92,7.7,1.6,88,0.71,142,1 medium egg,139
Egg Benedict,Dairy and Egg Products ,287,22.55,243,489,8.25,0.6,0.97,12.65,1.3,60,1.76,163,1 medium egg,149
Egg Curry,Vegetables,78,4.3,54,123,7.09,1.7,1.56,3.33,0.3,39,0.95,209,1 cup,236
Egg Deviled,Dairy and Egg Products ,198,15.9,343,430,1.07,0,1.07,11.52,2,46,1.1,116,1/2 small egg,24
Egg Salad Made With Mayonnaise,Dairy and Egg Products ,257,23.14,307,379,1.01,0,1.01,10.26,1.8,42,1,105,1 medium egg,68
Egg Salad Made With Light Mayonnaise,Dairy and Egg Products ,172,13,297,423,2.82,0,1.63,9.97,1.7,41,0.97,106,1 medium egg,68
Egg Salad Made With Mayonnaise-Type Salad Dressing,Dairy and Egg Products ,174,12.83,299,386,3.93,0,2.95,10.07,1.7,41,0.97,107,1 medium egg,68
Egg Salad Made With Light Mayonnaise-Type Salad Dressing,Dairy and Egg Products ,172,13,297,423,2.82,0,1.63,9.97,1.7,41,0.97,106,1 medium egg,68
Egg Salad Made With Creamy Dressing,Dairy and Egg Products ,212,17.68,299,439,2.12,0,1.86,10.17,1.8,45,1,113,1 medium egg,68
Egg Salad Made With Light Creamy Dressing,Dairy and Egg Products ,155,11.29,292,426,2.37,0,2.08,10.17,1.7,41,0.96,106,1 medium egg,68
Egg Salad Made With Italian Dressing,Dairy and Egg Products ,172,12.74,295,456,3.38,0,3.11,10.02,1.7,42,1,117,1 medium egg,68
Egg Salad Made With Light Italian Dressing,Dairy and Egg Products ,163,12.38,300,462,2.19,0,1.27,10.16,1.8,41,0.98,108,1 medium egg,68
Egg Salad Made With Any Type Of Fat Free Dressing,Dairy and Egg Products ,139,8.82,291,420,4.29,0.4,3.14,9.8,1.7,40,0.95,109,1 medium egg,68
Huevos Rancheros,Dairy and Egg Products ,118,6.48,161,449,8.72,1.7,2.42,6.87,0.9,49,1.12,228,1 egg ns as to size,118
Egg Casserole With Bread Cheese Milk And Meat,Dairy and Egg Products ,192,13.8,140,416,4.68,0.1,2.29,12.03,1.4,131,1.01,186,1 cup,164
Egg Foo Yung Nfs,Prepared Meals,123,5.95,217,346,4.94,0.2,3.31,11.68,0.9,55,0.94,133,1 patty,86
Chicken Egg Foo Yung,Prepared Meals,135,7.17,191,407,4.52,0.2,3.29,12.78,0.9,35,1.05,163,1 patty,86
Pork Egg Foo Yung,Prepared Meals,147,8.04,182,331,4.52,0.2,3.29,13.28,1.1,36,1.14,201,1 patty,86
Shrimp Egg Foo Yung,Prepared Meals,123,5.95,217,346,4.94,0.2,3.31,11.68,0.9,55,0.94,133,1 cup,175
Beef Egg Foo Yung,Prepared Meals,146,7.87,185,326,4.52,0.2,3.29,13.81,0.9,33,1.52,156,1 patty,86
Ripe Plantain Omelet Puerto Rican Style,Dairy and Egg Products ,224,14.77,174,430,18.09,1.3,8.52,6.58,0.9,28,1.17,314,1 medium egg,79
Scrambled Eggs With Jerked Beef Puerto Rican Style,Dairy and Egg Products ,260,17.78,262,1546,2.98,0.2,2.01,21.46,1.2,41,2.16,208,1 cup,140
Eggs A La Malaguena Puerto Rican Style,Dairy and Egg Products ,96,4.68,161,710,4.96,1.7,2.16,8.41,0.9,35,1.43,212,1 medium egg,117
Shrimp-Egg Patty,Dairy and Egg Products ,487,35.65,495,833,11.77,0.6,1.23,28.36,2,138,2.63,269,"1 patty (about 2"" dia)",18
Egg Dessert Puerto Rican Style,Sweets,323,7.9,321,28,58.98,0,58.05,5.38,1.6,40,0.92,43,1 cup,265
Zabaglione,Sweets,255,7.65,313,19,29.06,0,25.2,4.67,1.6,41,0.92,78,1 cup,60
Egg Omelet Or Scrambled Egg Ns As To Fat Added In Cooking,Dairy and Egg Products ,174,13.29,311,386,1.82,0,1.58,11.16,2,77,1.45,150,1 small egg,46
Egg Omelet Or Scrambled Egg Made With Margarine,Dairy and Egg Products ,172,13.03,307,410,1.85,0,1.58,11.14,2,76,1.45,150,1 small egg,46
Egg Omelet Or Scrambled Egg Made With Oil,Dairy and Egg Products ,180,13.95,308,367,1.81,0,1.58,11.16,2,76,1.46,149,1 small egg,46
Egg Omelet Or Scrambled Egg Made With Butter,Dairy and Egg Products ,172,13.05,320,404,1.81,0,1.58,11.18,2,77,1.45,150,1 small egg,46
Egg Omelet Or Scrambled Egg Made With Animal Fat Or Meat Drippings,Dairy and Egg Products ,175,13.24,314,400,1.82,0,1.58,11.31,2.1,76,1.46,150,1 small egg,46
Egg Omelet Or Scrambled Egg Made With Cooking Spray,Dairy and Egg Products ,141,9.14,323,385,2,0,1.66,11.68,2,80,1.52,156,1 small egg,46
Egg Omelet Or Scrambled Egg Ns As To Type Of Fat,Dairy and Egg Products ,174,13.29,311,386,1.82,0,1.58,11.16,2,77,1.45,150,1 small egg,46
Egg Omelet Or Scrambled Egg Made Without Fat,Dairy and Egg Products ,137,8.77,324,386,1.9,0,1.66,11.74,2.1,80,1.52,157,1 small egg,44
Egg Omelet Or Scrambled Egg With Cheese Made With Margarine,Dairy and Egg Products ,204,15.84,285,448,2.04,0,1.46,12.82,1.9,159,1.3,143,1 small egg,52
Egg Omelet Or Scrambled Egg With Cheese Made With Oil,Dairy and Egg Products ,212,16.66,286,410,2,0,1.46,12.84,1.8,159,1.31,142,1 small egg,52
Egg Omelet Or Scrambled Egg With Cheese Made With Butter,Dairy and Egg Products ,204,15.86,296,442,2,0,1.46,12.86,1.8,160,1.3,143,1 small egg,52
Egg Omelet Or Scrambled Egg With Cheese Made With Animal Fat Or Meat Drippings,Dairy and Egg Products ,208,16.04,291,439,2.01,0,1.47,12.98,1.9,159,1.32,143,1 small egg,52
Egg Omelet Or Scrambled Egg With Cheese Made With Cooking Spray,Dairy and Egg Products ,178,12.53,298,427,2.18,0,1.52,13.37,1.9,165,1.36,148,1 small egg,50
Egg Omelet Or Scrambled Egg With Cheese Made Without Fat,Dairy and Egg Products ,175,12.22,299,429,2.1,0,1.53,13.43,1.9,166,1.36,148,1 small egg,50
Egg Omelet Or Scrambled Egg With Meat Ns As To Fat Added In Cooking,Dairy and Egg Products ,221,16.68,241,638,2.19,0,1.25,14.81,1.7,56,1.35,230,1 small egg,65
Egg Omelet Or Scrambled Egg With Meat Made With Margarine,Dairy and Egg Products ,220,16.49,239,655,2.21,0,1.24,14.8,1.7,55,1.35,230,1 small egg,65
Egg Omelet Or Scrambled Egg With Meat Made With Oil,Dairy and Egg Products ,225,17.13,239,625,2.19,0,1.25,14.82,1.7,55,1.36,229,1 small egg,65
Egg Omelet Or Scrambled Egg With Meat Made With Butter,Dairy and Egg Products ,220,16.51,247,650,2.19,0,1.25,14.83,1.7,56,1.35,230,1 small egg,65
Egg Omelet Or Scrambled Egg With Meat Made With Animal Fat Or Meat Drippings,Dairy and Egg Products ,222,16.65,243,649,2.19,0,1.25,14.93,1.8,56,1.36,231,1 small egg,65
Egg Omelet Or Scrambled Egg With Meat Made With Cooking Spray,Dairy and Egg Products ,200,13.98,246,646,2.33,0,1.28,15.29,1.7,57,1.4,237,1 small egg,65
Egg Omelet Or Scrambled Egg With Meat Ns As To Type Of Fat,Dairy and Egg Products ,221,16.68,241,638,2.19,0,1.25,14.81,1.7,56,1.35,230,1 small egg,65
Egg Omelet Or Scrambled Egg With Meat Made Without Fat,Dairy and Egg Products ,198,13.74,247,647,2.27,0,1.29,15.34,1.7,57,1.4,237,1 small egg,65
Egg Omelet Or Scrambled Egg With Cheese And Meat Ns As To Fat Added In Cooking,Dairy and Egg Products ,240,18.39,231,646,2.3,0,1.19,15.72,1.6,116,1.26,218,1 small egg,74
Egg Omelet Or Scrambled Egg With Cheese And Meat Made With Margarine,Dairy and Egg Products ,239,18.21,228,662,2.32,0,1.19,15.7,1.7,116,1.26,218,1 small egg,74
Egg Omelet Or Scrambled Egg With Cheese And Meat Made With Oil,Dairy and Egg Products ,244,18.8,229,635,2.3,0,1.19,15.72,1.6,116,1.26,218,1 small egg,74
Egg Omelet Or Scrambled Egg With Cheese And Meat Made With Butter,Dairy and Egg Products ,239,18.23,236,658,2.3,0,1.19,15.73,1.6,117,1.25,218,1 small egg,74
Egg Omelet Or Scrambled Egg With Cheese And Meat Made With Animal Fat Or Meat Drippings,Dairy and Egg Products ,241,18.36,232,656,2.3,0,1.19,15.82,1.7,116,1.26,219,1 small egg,74
Egg Omelet Or Scrambled Egg With Cheese And Meat Made With Cooking Spray,Dairy and Egg Products ,222,15.96,235,654,2.43,0,1.22,16.18,1.6,119,1.29,224,1 small egg,72
Egg Omelet Or Scrambled Egg With Cheese And Meat Ns As To Type Of Fat,Dairy and Egg Products ,240,18.39,231,646,2.3,0,1.19,15.72,1.6,116,1.26,218,1 small egg,74
Egg Omelet Or Scrambled Egg With Cheese And Meat Made Without Fat,Dairy and Egg Products ,220,15.75,236,655,2.37,0,1.23,16.22,1.6,120,1.3,225,1 small egg,72
Egg Omelet Or Scrambled Egg With Tomatoes Fat Added In Cooking,Dairy and Egg Products ,117,8.53,186,225,2.84,0.5,2.14,7.15,1.2,51,1,196,1 small egg,76
Egg Omelet Or Scrambled Egg With Tomatoes Fat Not Added In Cooking,Dairy and Egg Products ,90,5.3,192,232,2.93,0.6,2.2,7.37,1.2,52,1.03,202,1 small egg,74
Egg Omelet Or Scrambled Egg With Tomatoes Ns As To Fat Added In Cooking,Dairy and Egg Products ,117,8.53,186,225,2.84,0.5,2.14,7.15,1.2,51,1,196,1 small egg,76
Egg Omelet Or Scrambled Egg With Dark-Green Vegetables Fat Added In Cooking,Dairy and Egg Products ,156,11.65,256,313,2.66,0.5,1.59,9.81,1.6,74,1.44,195,1 small egg,57
Egg Omelet Or Scrambled Egg With Dark-Green Vegetables Fat Not Added In Cooking,Dairy and Egg Products ,119,7.3,267,327,2.77,0.5,1.65,10.23,1.7,78,1.49,203,1 small egg,54
Egg Omelet Or Scrambled Egg With Dark-Green Vegetables Ns As To Fat Added In Cooking,Dairy and Egg Products ,156,11.65,256,313,2.66,0.5,1.59,9.81,1.6,74,1.44,195,1 small egg,57
Egg Omelet Or Scrambled Egg With Tomatoes And Dark-Green Vegetables Fat Added In Cooking,Dairy and Egg Products ,140,10.38,228,277,2.73,0.5,1.81,8.73,1.4,65,1.26,196,1 small egg,63
Egg Omelet Or Scrambled Egg With Tomatoes And Dark-Green Vegetables Fat Not Added In Cooking,Dairy and Egg Products ,107,6.48,236,288,2.83,0.5,1.88,9.06,1.5,67,1.3,203,1 small egg,61
Egg Omelet Or Scrambled Egg With Tomatoes And Dark-Green Vegetables Ns As To Fat Added In Cooking,Dairy and Egg Products ,140,10.38,228,277,2.73,0.5,1.81,8.73,1.4,65,1.26,196,1 small egg,63
Egg Omelet Or Scrambled Egg With Vegetables Other Than Dark Green And/or Tomatoes Fat Added In Cooking,Dairy and Egg Products ,155,12.16,211,253,3.36,0.5,2.12,8.09,1.4,57,1.11,165,1 small egg,68
Egg Omelet Or Scrambled Egg With Vegetables Other Than Dark Green And/or Tomatoes Fat Not Added In Cooking,Dairy and Egg Products ,105,6.11,223,268,3.56,0.6,2.24,8.57,1.4,60,1.16,175,1 small egg,64
Egg Omelet Or Scrambled Egg With Vegetables Other Than Dark Green And/or Tomatoes Ns As To Fat Added In Cooking,Dairy and Egg Products ,155,12.16,211,253,3.36,0.5,2.12,8.09,1.4,57,1.11,165,1 small egg,68
Egg Omelet Or Scrambled Egg With Cheese And Tomatoes Fat Added In Cooking,Dairy and Egg Products ,142,10.64,181,262,2.89,0.5,2.02,8.5,1.1,105,0.94,189,1 small egg,82
Egg Omelet Or Scrambled Egg With Cheese And Tomatoes Fat Not Added In Cooking,Dairy and Egg Products ,117,7.7,186,269,2.97,0.5,2.08,8.75,1.2,108,0.96,194,1 small egg,80
Egg Omelet Or Scrambled Egg With Cheese And Tomatoes Ns As To Fat Added In Cooking,Dairy and Egg Products ,142,10.64,181,262,2.89,0.5,2.02,8.5,1.1,105,0.94,189,1 small egg,82
Egg Omelet Or Scrambled Egg With Cheese And Dark-Green Vegetables Fat Added In Cooking,Dairy and Egg Products ,185,14.17,242,354,2.74,0.4,1.49,11.36,1.5,145,1.31,185,1 small egg,62
Egg Omelet Or Scrambled Egg With Cheese And Dark-Green Vegetables Fat Not Added In Cooking,Dairy and Egg Products ,153,10.34,251,368,2.84,0.5,1.54,11.8,1.6,150,1.36,192,1 small egg,60
Egg Omelet Or Scrambled Egg With Cheese And Dark-Green Vegetables Ns As To Fat Added In Cooking,Dairy and Egg Products ,185,14.17,242,354,2.74,0.4,1.49,11.36,1.5,145,1.31,185,1 small egg,62
Egg Omelet Or Scrambled Egg With Cheese Tomatoes And Dark-Green Vegetables Fat Added In Cooking,Dairy and Egg Products ,167,12.75,218,317,2.8,0.5,1.7,10.21,1.4,129,1.16,186,1 small egg,67
Egg Omelet Or Scrambled Egg With Cheese Tomatoes And Dark-Green Vegetables Fat Not Added In Cooking,Dairy and Egg Products ,139,9.27,225,328,2.9,0.5,1.76,10.56,1.4,133,1.2,193,1 small egg,67
Egg Omelet Or Scrambled Egg With Cheese Tomatoes And Dark-Green Vegetables Ns As To Fat Added In Cooking,Dairy and Egg Products ,167,12.75,218,317,2.8,0.5,1.7,10.21,1.4,129,1.16,186,1 small egg,67
Egg Omelet Or Scrambled Egg With Cheese And Vegetables Other Than Dark Green And/or Tomatoes Fat Added In Cooking,Dairy and Egg Products ,180,14.22,203,292,3.37,0.5,1.99,9.53,1.3,117,1.03,159,1 small egg,71
Egg Omelet Or Scrambled Egg With Cheese And Vegetables Other Than Dark Green And/or Tomatoes Fat Not Added In Cooking,Dairy and Egg Products ,135,8.8,214,308,3.56,0.5,2.1,10.05,1.4,123,1.08,167,1 small egg,71
Egg Omelet Or Scrambled Egg With Cheese And Vegetables Other Than Dark Green And/or Tomatoes Ns As To Fat Added In Cooking,Dairy and Egg Products ,180,14.22,203,292,3.37,0.5,1.99,9.53,1.3,117,1.03,159,1 small egg,71
Egg Omelet Or Scrambled Egg With Meat And Tomatoes Fat Added In Cooking,Dairy and Egg Products ,163,12.1,193,411,2.68,0.3,1.76,10.46,1.3,49,1.12,222,1 small egg,80
Egg Omelet Or Scrambled Egg With Meat And Tomatoes Fat Not Added In Cooking,Dairy and Egg Products ,138,9.11,199,423,2.76,0.4,1.81,10.77,1.4,50,1.14,228,1 small egg,78
Egg Omelet Or Scrambled Egg With Meat And Tomatoes Ns As To Fat Added In Cooking,Dairy and Egg Products ,163,12.1,193,411,2.68,0.3,1.76,10.46,1.3,49,1.12,222,1 small egg,80
Egg Omelet Or Scrambled Egg With Meat And Dark-Green Vegetables Fat Added In Cooking,Dairy and Egg Products ,186,13.85,239,480,2.58,0.3,1.38,12.27,1.6,64,1.38,218,1 small egg,67
Egg Omelet Or Scrambled Egg With Meat And Dark-Green Vegetables Fat Not Added In Cooking,Dairy and Egg Products ,155,10.11,248,498,2.68,0.3,1.43,12.73,1.7,66,1.43,227,1 small egg,62
Egg Omelet Or Scrambled Egg With Meat And Dark-Green Vegetables Ns As To Fat Added In Cooking,Dairy and Egg Products ,186,13.85,239,480,2.58,0.3,1.38,12.27,1.6,64,1.38,218,1 small egg,67
Egg Omelet Or Scrambled Egg With Meat Tomatoes And Dark-Green Vegetables Fat Added In Cooking,Dairy and Egg Products ,176,13.1,227,452,2.54,0.3,1.54,11.53,1.5,58,1.26,212,1 small egg,67
Egg Omelet Or Scrambled Egg With Meat Tomatoes And Dark-Green Vegetables Fat Not Added In Cooking,Dairy and Egg Products ,147,9.54,235,468,2.63,0.3,1.6,11.94,1.6,60,1.3,220,1 small egg,67
Egg Omelet Or Scrambled Egg With Meat Tomatoes And Dark-Green Vegetables Ns As To Fat Added In Cooking,Dairy and Egg Products ,176,13.1,227,452,2.54,0.3,1.54,11.53,1.5,58,1.26,212,1 small egg,67
Egg Omelet Or Scrambled Egg With Meat And Vegetables Other Than Dark-Green And/or Tomatoes Fat Added In Cooking,Dairy and Egg Products ,208,16.42,223,473,2.64,0.2,1.56,11.96,1.5,55,1.24,202,1 small egg,69
Egg Omelet Or Scrambled Egg With Meat And Vegetables Other Than Dark-Green And/or Tomatoes Fat Not Added In Cooking,Dairy and Egg Products ,161,10.76,236,500,2.79,0.2,1.66,12.66,1.6,58,1.3,214,1 small egg,64
Egg Omelet Or Scrambled Egg With Meat And Vegetables Other Than Dark-Green And/or Tomatoes Ns As To Fat Added In Cooking,Dairy and Egg Products ,208,16.42,223,473,2.64,0.2,1.56,11.96,1.5,55,1.24,202,1 small egg,69
Egg Omelet Or Scrambled Egg With Cheese Meat And Tomatoes Fat Added In Cooking,Dairy and Egg Products ,183,13.88,187,433,2.74,0.3,1.67,11.54,1.3,101,1.05,212,1 small egg,86
Egg Omelet Or Scrambled Egg With Cheese Meat And Tomatoes Fat Not Added In Cooking,Dairy and Egg Products ,161,11.15,193,445,2.81,0.3,1.72,11.85,1.3,104,1.07,218,1 small egg,80
Egg Omelet Or Scrambled Egg With Cheese Meat And Tomatoes Ns As To Fat Added In Cooking,Dairy and Egg Products ,183,13.88,187,433,2.74,0.3,1.67,11.54,1.3,101,1.05,212,1 small egg,86
Egg Omelet Or Scrambled Egg With Cheese Meat And Dark-Green Vegetables Fat Added In Cooking,Dairy and Egg Products ,226,17.44,236,546,2.38,0.1,1.28,14.36,1.6,126,1.28,203,1 small egg,68
Egg Omelet Or Scrambled Egg With Cheese Meat And Dark-Green Vegetables Fat Not Added In Cooking,Dairy and Egg Products ,199,14.1,244,565,2.46,0.1,1.33,14.86,1.7,130,1.32,210,1 small egg,66
Egg Omelet Or Scrambled Egg With Cheese Meat And Dark-Green Vegetables Ns As To Fat Added In Cooking,Dairy and Egg Products ,226,17.44,236,546,2.38,0.1,1.28,14.36,1.6,126,1.28,203,1 small egg,68
Egg Omelet Or Scrambled Egg With Cheese Meat Tomatoes And Dark-Green Vegetables Fat Added In Cooking,Dairy and Egg Products ,215,16.54,224,518,2.49,0.2,1.37,13.66,1.5,120,1.23,206,1 small egg,82
Egg Omelet Or Scrambled Egg With Cheese Meat Tomatoes And Dark-Green Vegetables Fat Not Added In Cooking,Dairy and Egg Products ,189,13.35,231,535,2.57,0.2,1.42,14.11,1.6,124,1.26,213,1 small egg,80
Egg Omelet Or Scrambled Egg With Cheese Meat Tomatoes And Dark-Green Vegetables Ns As To Fat Added In Cooking,Dairy and Egg Products ,215,16.54,224,518,2.49,0.2,1.37,13.66,1.5,120,1.23,206,1 small egg,82
Egg Omelet Or Scrambled Egg With Cheese Meat And Vegetables Other Than Dark-Green And/or Tomatoes Fat Added In Cooking,Dairy and Egg Products ,228,18.1,214,494,2.71,0.2,1.48,13.07,1.5,114,1.16,193,1 small egg,75
Egg Omelet Or Scrambled Egg With Cheese Meat And Vegetables Other Than Dark-Green And/or Tomatoes Fat Not Added In Cooking,Dairy and Egg Products ,186,13.01,225,520,2.85,0.2,1.56,13.76,1.5,120,1.21,203,1 small egg,72
Egg Omelet Or Scrambled Egg With Cheese Meat And Vegetables Other Than Dark-Green And/or Tomatoes Ns As To Fat Added In Cooking,Dairy and Egg Products ,228,18.1,214,494,2.71,0.2,1.48,13.07,1.5,114,1.16,193,1 small egg,75
Egg Omelet Or Scrambled Egg With Potatoes And/or Onions Fat Added In Cooking,Dairy and Egg Products ,163,11.08,192,231,8.11,0.7,1.69,7.6,1.2,52,1.03,207,1 small egg,74
Egg Omelet Or Scrambled Egg With Potatoes And/or Onions Fat Not Added In Cooking,Dairy and Egg Products ,117,5.53,203,244,8.54,0.8,1.78,8.01,1.3,55,1.08,218,1 small egg,70
Egg Omelet Or Scrambled Egg With Potatoes And/or Onions Ns As To Fat Added In Cooking,Dairy and Egg Products ,163,11.08,192,231,8.11,0.7,1.69,7.6,1.2,52,1.03,207,1 small egg,74
Fried Egg Sandwich,Fast Foods,234,8.52,181,362,27.51,1.5,3.29,11,1,107,2.83,138,1 sandwich,96
Egg Cheese Ham And Bacon On Bun,Fast Foods,261,13.93,147,771,17.92,0.8,2.8,15.01,0.9,208,2,190,1 jack-in-the-box sandwich,226
Egg Cheese And Ham On Biscuit,Fast Foods,253,16.29,149,1042,14.84,0.4,2,12.05,0.6,183,2.11,156,1 sandwich,174
Egg Cheese And Ham On Bagel,Fast Foods,261,14.38,90,754,19.47,1,3.09,12.86,1.1,124,1.91,173,1 mcdonald's sandwich,218
Egg Cheese And Sausage On Bun,Fast Foods,271,16.01,162,666,17.38,0.6,3.56,13.67,2,279,2.07,200,1 sandwich,148
Egg Extra Cheese And Extra Sausage On Bun,Fast Foods,274,17.68,105,648,14.04,0.4,3.24,14.32,1.7,212,1.73,239,1 jack-in-the-box sandwich,213
Egg Cheese And Beef On English Muffin,Fast Foods,274,16.07,115,603,17.8,1.4,1.77,14.32,0.5,230,2.56,158,1 great starts sandwich (5.2 oz),147
Egg Cheese And Bacon On Bagel,Fast Foods,240,10.93,131,530,21.79,0.6,4.61,12.96,1.7,258,2.08,174,1 sandwich,246
Egg And Steak On Biscuit,Fast Foods,284,12.85,73,763,31.07,0.7,2.28,10.82,0.4,45,2.49,222,1 sandwich,179
Egg And Cheese On Biscuit,Fast Foods,270,16.3,133,636,21.69,0.5,2.81,9.03,1.8,253,1.92,184,1 sandwich,140
Egg Salad Sandwich,Fast Foods,296,20.76,179,397,17.56,0.9,2.57,9,1,74,1.82,105,1 sandwich,159
Scrambled Egg Sandwich,Fast Foods,205,7.32,144,310,24.49,1.3,3.44,9.44,0.9,103,2.41,129,1 sandwich,112
Garlic Egg Soup Puerto Rican Style,Soups and Sauces,81,4.81,71,405,5.56,0.3,1.02,3.72,0.4,25,0.71,54,1 cup,202
Egg White Omelet Scrambled Or Fried Ns As To Fat Added In Cooking,Dairy and Egg Products ,111,6.55,5,506,0.78,0,0.75,11.52,0.1,8,0.09,173,1 small egg white,24
Egg White Omelet Scrambled Or Fried Made With Margarine,Dairy and Egg Products ,108,6.21,0,537,0.82,0,0.75,11.5,0.1,8,0.09,173,1 small egg white,24
Egg White Omelet Scrambled Or Fried Made With Oil,Dairy and Egg Products ,119,7.38,0,483,0.77,0,0.75,11.52,0,8,0.1,172,1 small egg white,24
Egg White Omelet Scrambled Or Fried Made With Butter,Dairy and Egg Products ,108,6.24,16,529,0.77,0,0.75,11.55,0,9,0.09,174,1 small egg white,24
Egg White Omelet Scrambled Or Fried Made With Cooking Spray,Dairy and Egg Products ,64,0.72,0,512,0.96,0,0.8,12.22,0,8,0.09,183,1 small egg,22
Egg White Omelet Scrambled Or Fried Ns As To Type Of Fat,Dairy and Egg Products ,111,6.55,5,506,0.78,0,0.75,11.52,0.1,8,0.09,173,1 small egg white,24
Egg White Omelet Scrambled Or Fried Made Without Fat,Dairy and Egg Products ,59,0.19,0,515,0.82,0,0.8,12.29,0,8,0.09,184,1 small egg white,22
Egg White Omelet Scrambled Or Fried With Cheese Fat Added In Cooking,Dairy and Egg Products ,167,11.67,16,519,1.16,0,0.72,13.56,0.1,120,0.11,160,1 small egg,28
Egg White Omelet Scrambled Or Fried With Cheese Fat Not Added In Cooking,Dairy and Egg Products ,118,5.81,17,549,1.22,0,0.76,14.34,0.1,127,0.1,169,1 small egg,26
Egg White Omelet Scrambled Or Fried With Cheese Ns As To Fat Added In Cooking,Dairy and Egg Products ,167,11.67,16,519,1.16,0,0.72,13.56,0.1,120,0.11,160,1 small egg,28
Egg White Omelet Scrambled Or Fried With Meat Fat Added In Cooking,Dairy and Egg Products ,195,13.55,32,744,1.6,0,0.66,15.7,0.4,8,0.48,258,1 small egg,37
Egg White Omelet Scrambled Or Fried With Meat Fat Not Added In Cooking,Dairy and Egg Products ,161,9.38,33,775,1.67,0,0.69,16.35,0.4,9,0.5,269,1 small egg,37
Egg White Omelet Scrambled Or Fried With Meat Ns As To Fat Added In Cooking,Dairy and Egg Products ,195,13.55,32,744,1.6,0,0.66,15.7,0.4,8,0.48,258,1 small egg,37
Egg White Omelet Scrambled Or Fried With Vegetables Fat Added In Cooking,Dairy and Egg Products ,113,7.71,0,304,2.99,0.6,1.69,7.77,0,10,0.19,182,1 small egg,37
Egg White Omelet Scrambled Or Fried With Vegetables Fat Not Added In Cooking,Dairy and Egg Products ,49,0.19,0,326,3.2,0.7,1.81,8.32,0,11,0.19,195,1 small egg,37
Egg White Omelet Scrambled Or Fried With Vegetables Ns As To Fat Added In Cooking,Dairy and Egg Products ,113,7.71,0,304,2.99,0.6,1.69,7.77,0,10,0.19,182,1 small egg,37
Egg White Omelet Scrambled Or Fried With Cheese And Meat Fat Added In Cooking,Dairy and Egg Products ,219,15.83,40,744,1.78,0,0.65,16.66,0.4,83,0.45,242,1 small egg,42
Egg White Omelet Scrambled Or Fried With Cheese And Meat Fat Not Added In Cooking,Dairy and Egg Products ,190,12.16,41,772,1.85,0,0.68,17.29,0.4,86,0.46,251,1 small egg,41
Egg White Omelet Scrambled Or Fried With Cheese And Meat Ns As To Fat Added In Cooking,Dairy and Egg Products ,219,15.83,40,744,1.78,0,0.65,16.66,0.4,83,0.45,242,1 small egg,42
Egg White Omelet Scrambled Or Fried With Cheese And Vegetables Fat Added In Cooking,Dairy and Egg Products ,145,10.53,11,345,3.04,0.6,1.58,9.47,0.1,85,0.19,173,1 small egg,42
Egg White Omelet Scrambled Or Fried With Cheese And Vegetables Fat Not Added In Cooking,Dairy and Egg Products ,90,3.94,11,367,3.23,0.6,1.68,10.08,0.1,90,0.19,185,1 small egg,39
Egg White Omelet Scrambled Or Fried With Cheese And Vegetables Ns As To Fat Added In Cooking,Dairy and Egg Products ,145,10.53,11,345,3.04,0.6,1.58,9.47,0.1,85,0.19,173,1 small egg,42
Egg White Omelet Scrambled Or Fried With Meat And Vegetables Fat Added In Cooking,Dairy and Egg Products ,175,12.83,20,561,2.15,0.2,1.05,12.32,0.3,9,0.37,225,1 small egg,39
Egg White Omelet Scrambled Or Fried With Meat And Vegetables Fat Not Added In Cooking,Dairy and Egg Products ,118,5.88,21,600,2.29,0.3,1.13,13.17,0.3,10,0.39,241,1 small egg,37
Egg White Omelet Scrambled Or Fried With Meat And Vegetables Ns As To Fat Added In Cooking,Dairy and Egg Products ,175,12.83,20,561,2.15,0.2,1.05,12.32,0.3,9,0.37,225,1 small egg,39
Egg White Omelet Scrambled Or Fried With Cheese Meat And Vegetables Fat Added In Cooking,Dairy and Egg Products ,201,15.11,28,578,2.27,0.2,1.01,13.57,0.3,82,0.36,213,1 small egg,43
Egg White Omelet Scrambled Or Fried With Cheese Meat And Vegetables Fat Not Added In Cooking,Dairy and Egg Products ,151,8.98,30,614,2.41,0.2,1.07,14.41,0.3,87,0.36,226,1 small egg,41
Egg White Omelet Scrambled Or Fried With Cheese Meat And Vegetables Ns As To Fat Added In Cooking,Dairy and Egg Products ,201,15.11,28,578,2.27,0.2,1.01,13.57,0.3,82,0.36,213,1 small egg,43
Meringues,Sweets,322,0.11,0,113,74.29,0,73.06,7.31,0,5,0.1,111,1 meringue,22
Egg Substitute Omelet Scrambled Or Fried Ns As To Fat Added In Cooking,Dairy and Egg Products ,107,6.37,5,541,2.12,0,2.11,10.57,1.7,78,2.1,226,1 carton (8 fl oz) yields,204
Egg Substitute Omelet Scrambled Or Fried Made With Margarine,Dairy and Egg Products ,104,6.03,0,572,2.16,0,2.11,10.55,1.8,77,2.09,226,NULL,NULL
Egg Substitute Omelet Scrambled Or Fried Made With Oil,Dairy and Egg Products ,114,7.2,0,517,2.11,0,2.11,10.56,1.7,77,2.11,225,1 carton (8 fl oz) yields,204
Egg Substitute Omelet Scrambled Or Fried Made With Butter,Dairy and Egg Products ,104,6.06,16,564,2.11,0,2.11,10.6,1.7,79,2.09,226,NULL,NULL
Egg Substitute Omelet Scrambled Or Fried Ns As To Type Of Fat,Dairy and Egg Products ,107,6.37,5,541,2.12,0,2.11,10.57,1.7,78,2.1,226,1 carton (8 fl oz) yields,204
Egg Substitute Omelet Scrambled Or Fried Made With Cooking Spray,Dairy and Egg Products ,59,0.53,0,549,2.38,0,2.24,11.21,1.8,82,2.22,239,NULL,NULL
Egg Substitute Omelet Scrambled Or Fried Made Without Fat,Dairy and Egg Products ,54,0,0,552,2.26,0,2.26,11.28,1.8,83,2.24,240,NULL,NULL
Egg Substitute Cheese Flavored Omelet Scrambled Or Fried Fat Added In Cooking,Dairy and Egg Products ,114,7.2,0,517,2.11,0,2.11,10.56,1.7,77,2.11,225,NULL,NULL
Egg Substitute Cheese Flavored Omelet Scrambled Or Fried Fat Not Added In Cooking,Dairy and Egg Products ,54,0,0,552,2.26,0,2.26,11.28,1.8,83,2.24,240,NULL,NULL
Egg Substitute Cheese Flavored Omelet Scrambled Or Fried Ns As To Fat Added In Cooking,Dairy and Egg Products ,114,7.2,0,517,2.11,0,2.11,10.56,1.7,77,2.11,225,NULL,NULL
Egg Substitute Vegetable Flavored Omelet Scrambled Or Fried Fat Added In Cooking,Dairy and Egg Products ,114,7.2,0,517,2.11,0,2.11,10.56,1.7,77,2.11,225,1 cup cooked,188
Egg Substitute Vegetable Flavored Omelet Scrambled Or Fried Fat Not Added In Cooking,Dairy and Egg Products ,54,0,0,552,2.26,0,2.26,11.28,1.8,83,2.24,240,1 cup cooked,188
Egg Substitute Vegetable Flavored Omelet Scrambled Or Fried Ns As To Fat Added In Cooking,Dairy and Egg Products ,114,7.2,0,517,2.11,0,2.11,10.56,1.7,77,2.11,225,1 cup cooked,188
Egg Substitute Omelet Scrambled Or Fried With Cheese Fat Added In Cooking,Dairy and Egg Products ,163,11.52,16,549,2.31,0,1.89,12.74,1.5,180,1.83,206,1 cup cooked,153
Egg Substitute Omelet Scrambled Or Fried With Cheese Fat Not Added In Cooking,Dairy and Egg Products ,115,5.64,17,581,2.44,0,2,13.47,1.6,191,1.93,217,NULL,NULL
Egg Substitute Omelet Scrambled Or Fried With Cheese Ns As To Fat Added In Cooking,Dairy and Egg Products ,163,11.52,16,549,2.31,0,1.89,12.74,1.5,180,1.83,206,NULL,NULL
Egg Substitute Omelet Scrambled Or Fried With Meat Fat Added In Cooking,Dairy and Egg Products ,192,13.44,32,766,2.45,0,1.52,15.1,1.5,52,1.75,292,NULL,NULL
Egg Substitute Omelet Scrambled Or Fried With Meat Fat Not Added In Cooking,Dairy and Egg Products ,158,9.26,33,798,2.55,0,1.58,15.72,1.5,55,1.81,304,NULL,NULL
Egg Substitute Omelet Scrambled Or Fried With Meat Ns As To Fat Added In Cooking,Dairy and Egg Products ,192,13.44,32,766,2.45,0,1.52,15.1,1.5,52,1.75,292,NULL,NULL
Egg Substitute Omelet Scrambled Or Fried With Vegetables Fat Added In Cooking,Dairy and Egg Products ,110,7.6,0,326,3.83,0.6,2.54,7.17,1.1,54,1.45,216,NULL,NULL
Egg Substitute Omelet Scrambled Or Fried With Vegetables Fat Not Added In Cooking,Dairy and Egg Products ,46,0.07,0,349,4.1,0.7,2.72,7.68,1.2,58,1.54,231,NULL,NULL
Egg Substitute Omelet Scrambled Or Fried With Vegetables Ns As To Fat Added In Cooking,Dairy and Egg Products ,110,7.6,0,326,3.83,0.6,2.54,7.17,1.1,54,1.45,216,NULL,NULL
Egg Substitute Omelet Scrambled Or Fried With Cheese And Meat Fat Added In Cooking,Dairy and Egg Products ,217,15.73,40,764,2.55,0,1.43,16.12,1.4,123,1.6,272,NULL,NULL
Egg Substitute Omelet Scrambled Or Fried With Cheese And Meat Fat Not Added In Cooking,Dairy and Egg Products ,187,12.05,41,793,2.64,0,1.48,16.72,1.4,128,1.65,283,NULL,NULL
Egg Substitute Omelet Scrambled Or Fried With Cheese And Meat Ns As To Fat Added In Cooking,Dairy and Egg Products ,217,15.73,40,764,2.55,0,1.43,16.12,1.4,123,1.6,272,NULL,NULL
Egg Substitute Omelet Scrambled Or Fried With Cheese And Vegetables Fat Added In Cooking,Dairy and Egg Products ,142,10.42,11,365,3.8,0.6,2.36,8.93,1,124,1.33,204,NULL,NULL
Egg Substitute Omelet Scrambled Or Fried With Cheese And Vegetables Fat Not Added In Cooking,Dairy and Egg Products ,87,3.83,11,388,4.04,0.6,2.51,9.5,1.1,132,1.4,217,NULL,NULL
Egg Substitute Omelet Scrambled Or Fried With Cheese And Vegetables Ns As To Fat Added In Cooking,Dairy and Egg Products ,142,10.42,11,365,3.8,0.6,2.36,8.93,1,124,1.33,204,NULL,NULL
Egg Substitute Omelet Scrambled Or Fried With Meat And Vegetables Fat Added In Cooking,Dairy and Egg Products ,173,12.72,20,582,2.97,0.2,1.89,11.74,1.3,52,1.6,258,NULL,NULL
Egg Substitute Omelet Scrambled Or Fried With Meat And Vegetables Fat Not Added In Cooking,Dairy and Egg Products ,115,5.76,21,623,3.17,0.3,2.02,12.55,1.4,55,1.7,275,NULL,NULL
Egg Substitute Omelet Scrambled Or Fried With Meat And Vegetables Ns As To Fat Added In Cooking,Dairy and Egg Products ,173,12.72,20,582,2.97,0.2,1.89,11.74,1.3,52,1.6,258,NULL,NULL
Egg Substitute Omelet Scrambled Or Fried With Cheese Meat And Vegetables Fat Added In Cooking,Dairy and Egg Products ,199,15.01,28,597,3.02,0.2,1.76,13.04,1.2,120,1.47,242,NULL,NULL
Egg Substitute Omelet Scrambled Or Fried With Cheese Meat And Vegetables Fat Not Added In Cooking,Dairy and Egg Products ,148,8.87,30,634,3.2,0.2,1.87,13.85,1.3,128,1.55,257,NULL,NULL
Egg Substitute Omelet Scrambled Or Fried With Cheese Meat And Vegetables Ns As To Fat Added In Cooking,Dairy and Egg Products ,199,15.01,28,597,3.02,0.2,1.76,13.04,1.2,120,1.47,242,NULL,NULL
Beans Dry Cooked Ns As To Type And As To Fat Added In Cooking,Beans and Lentils,197,7.94,0,210,24.15,8.3,0.31,8.3,0,43,1.94,402,1 cup,180
Beans Dry Cooked Ns As To Type Fat Added In Cooking,Beans and Lentils,197,7.94,0,210,24.15,8.3,0.31,8.3,0,43,1.94,402,1 cup,180
Beans Dry Cooked Ns As To Type Fat Not Added In Cooking,Beans and Lentils,142,0.65,0,227,26.07,8.9,0.34,8.96,0,46,2.08,434,1 cup,180
Beans Canned Drained Ns As To Type And As To Fat Added In Cooking,Beans and Lentils,189,7.9,0,293,23.49,7.1,1.58,7.12,0,73,2.29,427,1 cup,180
Beans Canned Drained Ns As To Type Fat Added In Cooking,Beans and Lentils,189,7.9,0,293,23.49,7.1,1.58,7.12,0,73,2.29,427,1 cup,180
Beans Canned Drained Ns As To Type Fat Not Added In Cooking,Beans and Lentils,137,0.93,0,315,25.27,7.7,1.7,7.66,0,78,2.45,460,1 cup,180
White Beans Dry Cooked Ns As To Fat Added In Cooking,Beans and Lentils,191,7.36,0,206,23.2,5.8,0.31,8.99,0,83,3.43,519,1 cup,180
White Beans Dry Cooked Fat Added In Cooking Ns As To Type Of Fat,Beans and Lentils,191,7.36,0,206,23.2,5.8,0.31,8.99,0,83,3.43,519,1 cup,180
White Beans Dry Cooked Made With Oil,Beans and Lentils,191,7.36,0,206,23.2,5.8,0.31,8.99,0,83,3.43,519,1 cup,180
White Beans Dry Cooked Made With Animal Fat Or Meat Drippings,Beans and Lentils,185,6.45,6,247,23.29,5.8,0.32,9.18,0.1,84,3.45,522,1 cup,180
White Beans Dry Cooked Made With Margarine,Beans and Lentils,167,4.73,0,255,23.18,5.8,0.31,8.98,0.3,85,3.41,519,1 cup,180
White Beans Dry Cooked Fat Not Added In Cooking,Beans and Lentils,138,0.35,0,221,24.95,6.3,0.34,9.68,0,90,3.68,558,1 cup,180
White Beans Canned Drained Fat Added In Cooking Ns As To Type Of Fat,Beans and Lentils,218,7.57,0,321,28.74,6.7,1.93,10.07,0,72,2.16,480,1 cup,180
White Beans Canned Drained Made With Oil,Beans and Lentils,218,7.57,0,321,28.74,6.7,1.93,10.07,0,72,2.16,480,1 cup,180
White Beans Canned Drained Fat Not Added In Cooking,Beans and Lentils,168,0.57,0,345,30.91,7.2,2.07,10.84,0,78,2.31,516,1 cup,180
White Beans Canned Drained Low Sodium Ns As To Fat Added In Cooking,Beans and Lentils,218,7.57,0,242,28.74,6.7,1.93,10.07,0,72,2.16,480,1 cup nfs,180
White Beans Canned Drained Low Sodium Fat Added In Cooking,Beans and Lentils,218,7.57,0,242,28.74,6.7,1.93,10.07,0,72,2.16,480,1 cup,180
White Beans Canned Drained Low Sodium Fat Not Added In Cooking,Beans and Lentils,168,0.57,0,260,30.91,7.2,2.07,10.84,0,78,2.31,516,1 cup,180
Black Brown Or Bayo Beans Dry Cooked Ns As To Fat Added In Cooking,Beans and Lentils,184,7.5,0,200,21.93,8,0.3,8.19,0,25,1.96,328,1 cup,180
Black Brown Or Bayo Beans Dry Cooked Fat Added In Cooking Ns As To Type Of Fat,Beans and Lentils,184,7.5,0,200,21.93,8,0.3,8.19,0,25,1.96,328,1 cup,180
Black Brown Or Bayo Beans Dry Cooked Made With Oil,Beans and Lentils,186,7.8,0,209,21.85,8,0.3,8.17,0,25,1.95,327,1 cup,180
Black Brown Or Bayo Beans Dry Cooked Made With Animal Fat Or Meat Drippings,Beans and Lentils,178,6.6,6,241,22.02,8.1,0.3,8.38,0.1,25,1.97,331,1 cup,180
Black Brown Or Bayo Beans Dry Cooked Made With Margarine,Beans and Lentils,161,4.88,0,249,21.91,8,0.3,8.18,0.3,27,1.94,329,1 cup,180
Black Brown Or Bayo Beans Dry Cooked Fat Not Added In Cooking,Beans and Lentils,131,0.54,0,215,23.58,8.7,0.32,8.81,0,27,2.09,353,1 cup,180
Black Brown Or Bayo Beans Canned Drained Ns As To Fat Added In Cooking,Beans and Lentils,187,7.43,0,323,22.62,9.4,0.31,8.24,0,48,2.61,421,1 cup,180
Black Brown Or Bayo Beans Canned Drained Fat Added In Cooking Ns As To Type Of Fat,Beans and Lentils,187,7.43,0,323,22.62,9.4,0.31,8.24,0,48,2.61,421,1 cup,180
Black Brown Or Bayo Beans Canned Drained Made With Oil,Beans and Lentils,187,7.43,0,323,22.62,9.4,0.31,8.24,0,48,2.61,421,1 cup,180
Black Brown Or Bayo Beans Canned Drained Made With Animal Fat Or Meat Drippings,Beans and Lentils,181,6.52,6,365,22.72,9.5,0.32,8.43,0.1,48,2.62,424,1 cup,180
Black Brown Or Bayo Beans Canned Drained Made With Margarine,Beans and Lentils,163,4.8,0,372,22.61,9.4,0.31,8.23,0.3,49,2.59,422,1 cup,180
Black Brown Or Bayo Beans Canned Drained Fat Not Added In Cooking,Beans and Lentils,134,0.43,0,348,24.34,10.1,0.34,8.87,0,51,2.79,453,1 cup,180
Black Brown Or Bayo Beans Canned Drained Low Sodium Ns As To Fat Added In Cooking,Beans and Lentils,187,7.43,0,189,22.62,9.4,0.31,8.24,0,48,2.61,421,1 cup,180
Black Brown Or Bayo Beans Canned Drained Low Sodium Fat Added In Cooking,Beans and Lentils,187,7.43,0,189,22.62,9.4,0.31,8.24,0,48,2.61,421,1 cup,180
Black Brown Or Bayo Beans Canned Drained Low Sodium Fat Not Added In Cooking,Beans and Lentils,134,0.43,0,203,24.34,10.1,0.34,8.87,0,51,2.79,453,1 cup,180
Fava Beans Dry Cooked Ns As To Fat Added In Cooking,Beans and Lentils,167,7.75,0,215,18.09,5,1.68,7,0,33,1.4,247,1 cup,180
Fava Beans Dry Cooked Fat Added In Cooking,Beans and Lentils,167,7.75,0,215,18.09,5,1.68,7,0,33,1.4,247,1 cup,180
Fava Beans Dry Cooked Fat Not Added In Cooking,Beans and Lentils,109,0.4,0,232,19.54,5.4,1.81,7.56,0,36,1.49,266,1 cup,180
Fava Beans Canned Drained Fat Added In Cooking,Beans and Lentils,163,7.34,0,303,18.13,5,1.68,7.01,0,33,1.4,247,1 cup,180
Lima Beans Dry Cooked Ns As To Fat Added In Cooking,Beans and Lentils,166,7.08,0,193,19.37,6.5,2.69,7.24,0,16,2.23,471,1 cup,180
Lima Beans Dry Cooked Fat Added In Cooking Ns As To Type Of Fat,Beans and Lentils,166,7.08,0,194,19.37,6.5,2.69,7.24,0,16,2.23,471,1 cup,180
Lima Beans Dry Cooked Made With Oil,Beans and Lentils,166,7.08,0,193,19.37,6.5,2.69,7.24,0,16,2.23,471,1 cup,180
Lima Beans Dry Cooked Made With Animal Fat Or Meat Drippings,Beans and Lentils,161,6.21,6,232,19.45,6.5,2.7,7.41,0.1,16,2.24,475,1 cup,180
Lima Beans Dry Cooked Made With Margarine,Beans and Lentils,144,4.56,0,240,19.37,6.5,2.68,7.22,0.3,17,2.21,472,1 cup,180
Lima Beans Dry Cooked Fat Not Added In Cooking,Beans and Lentils,114,0.38,0,207,20.77,7,2.88,7.76,0,17,2.38,505,1 cup,180
Pink Beans Dry Cooked Ns As To Fat Added In Cooking,Beans and Lentils,203,7.87,0,213,25.69,4.9,0.33,8.34,0,48,2.13,468,1 cup,180
Pink Beans Dry Cooked Fat Not Added In Cooking,Beans and Lentils,148,0.49,0,230,27.75,5.3,0.36,9.01,0,52,2.29,505,1 cup,180
Pink Beans Dry Cooked Fat Added In Cooking,Beans and Lentils,203,7.87,0,213,25.69,4.9,0.33,8.34,0,48,2.13,468,1 cup,180
Pink Beans Canned Drained Fat Added In Cooking,Beans and Lentils,200,7.48,0,300,25.74,4.9,0.33,8.35,0,48,2.13,468,1 cup,180
Pink Beans Canned Drained Fat Not Added In Cooking,Beans and Lentils,148,0.49,0,322,27.68,5.3,0.36,8.98,0,52,2.28,504,1 cup,180
Pinto Calico Or Red Mexican Beans Dry Cooked Ns As To Fat Added In Cooking,Beans and Lentils,197,7.94,0,210,24.15,8.3,0.31,8.3,0,43,1.94,402,1 cup,180
Pinto Calico Or Red Mexican Beans Dry Cooked Fat Added In Cooking Ns As To Type Of Fat,Beans and Lentils,197,7.94,0,210,24.15,8.3,0.31,8.3,0,43,1.94,402,1 cup,180
Pinto Calico Or Red Mexican Beans Dry Cooked Made With Oil,Beans and Lentils,197,7.94,0,210,24.15,8.3,0.31,8.3,0,43,1.94,402,1 cup,180
Pinto Calico Or Red Mexican Beans Dry Cooked Made With Animal Fat Or Meat Drippings,Beans and Lentils,191,6.99,6,253,24.26,8.3,0.32,8.49,0.2,43,1.95,405,1 cup,180
Pinto Calico Or Red Mexican Beans Dry Cooked Made With Margarine,Beans and Lentils,172,5.19,0,261,24.13,8.3,0.31,8.28,0.3,44,1.92,403,1 cup,180
Pinto Calico Or Red Mexican Beans Dry Cooked Fat Not Added In Cooking,Beans and Lentils,142,0.65,0,226,26.07,8.9,0.34,8.96,0,46,2.08,434,1 cup,180
Pinto Calico Or Red Mexican Beans Canned Drained Ns As To Fat Added In Cooking,Beans and Lentils,189,7.89,0,293,23.5,7.1,1.58,7.12,0,73,2.29,427,1 cup,180
Pinto Calico Or Red Mexican Beans Canned Drained Fat Added In Cooking Ns As To Type Of Fat,Beans and Lentils,189,7.89,0,293,23.5,7.1,1.58,7.12,0,73,2.29,427,1 cup,180
Pinto Calico Or Red Mexican Beans Canned Drained Made With Oil,Beans and Lentils,189,7.89,0,293,23.5,7.1,1.58,7.12,0,73,2.29,427,1 cup,180
Pinto Calico Or Red Mexican Beans Canned Drained Made With Animal Fat Or Meat Drippings,Beans and Lentils,183,6.99,6,334,23.59,7.2,1.58,7.3,0.1,73,2.3,430,1 cup,180
Pinto Calico Or Red Mexican Beans Canned Drained Made With Margarine,Beans and Lentils,166,5.26,0,341,23.48,7.1,1.57,7.11,0.3,74,2.27,428,1 cup,180
Pinto Calico Or Red Mexican Beans Canned Drained Fat Not Added In Cooking,Beans and Lentils,137,0.93,0,315,25.27,7.7,1.7,7.66,0,78,2.45,460,1 cup,180
Pinto Calico Or Red Mexican Beans Canned Drained Low Sodium Ns As To Fat Added In Cooking,Beans and Lentils,189,7.9,0,226,23.52,7.1,1.58,7.13,0,73,2.29,428,1 cup,178
Pinto Calico Or Red Mexican Beans Canned Drained Low Sodium Fat Added In Cooking,Beans and Lentils,189,7.9,0,226,23.52,7.1,1.58,7.13,0,73,2.29,428,1 cup,178
Pinto Calico Or Red Mexican Beans Canned Drained Low Sodium Fat Not Added In Cooking,Beans and Lentils,137,0.93,0,243,25.3,7.7,1.7,7.67,0,78,2.45,460,1 cup,173
Red Kidney Beans Dry Cooked Ns As To Fat Added In Cooking,Beans and Lentils,180,7.57,0,204,21.06,6.8,0.3,8.01,0,26,2.73,372,1 cup,180
Red Kidney Beans Dry Cooked Fat Added In Cooking Ns As To Type Of Fat,Beans and Lentils,180,7.57,0,205,21.06,6.8,0.3,8.01,0,26,2.73,372,1 cup,180
Red Kidney Beans Dry Cooked Made With Oil,Beans and Lentils,180,7.57,0,204,21.06,6.8,0.3,8.01,0,26,2.73,372,1 cup,180
Red Kidney Beans Dry Cooked Made With Animal Fat Or Meat Drippings,Beans and Lentils,174,6.65,6,246,21.15,6.9,0.3,8.19,0.1,26,2.74,375,1 cup,180
Red Kidney Beans Dry Cooked Made With Margarine,Beans and Lentils,157,4.91,0,254,21.05,6.8,0.3,7.99,0.3,27,2.71,373,1 cup,180
Red Kidney Beans Dry Cooked Fat Not Added In Cooking,Beans and Lentils,126,0.5,0,220,22.67,7.4,0.32,8.62,0,28,2.92,401,1 cup,180
Red Kidney Beans Canned Drained Fat Added In Cooking Ns As To Type Of Fat,Beans and Lentils,188,7.58,0,289,22.98,7.4,2.87,8.09,0,45,1.95,403,1 cup,180
Red Kidney Beans Canned Drained Made With Oil,Beans and Lentils,188,7.58,0,289,22.98,7.4,2.87,8.09,0,45,1.95,403,1 cup,180
Red Kidney Beans Canned Drained Fat Not Added In Cooking,Beans and Lentils,135,0.6,0,311,24.72,8,3.08,8.7,0,48,2.08,433,1 cup,180
Red Kidney Beans Canned Drained Low Sodium Ns As To Fat Added In Cooking,Beans and Lentils,188,7.6,0,181,22.98,8.2,2.87,8.09,0,45,1.95,403,1 cup,180
Red Kidney Beans Canned Drained Low Sodium Fat Added In Cooking,Beans and Lentils,188,7.6,0,181,22.98,8.2,2.87,8.09,0,45,1.95,403,1 cup,180
Red Kidney Beans Canned Drained Low Sodium Fat Not Added In Cooking,Beans and Lentils,135,0.6,0,195,24.72,8.8,3.08,8.7,0,48,2.08,433,1 cup,180
Yellow Canary Or Peruvian Beans Dry Cooked Ns As To Fat Added In Cooking,Beans and Lentils,195,8,0,204,23.38,9.6,0.31,8.47,0,57,2.31,301,1 cup,180
Yellow Canary Or Peruvian Beans Dry Cooked Fat Added In Cooking Ns As To Type Of Fat,Beans and Lentils,195,8,0,204,23.38,9.6,0.31,8.47,0,57,2.31,301,1 cup,180
Yellow Canary Or Peruvian Beans Dry Cooked Made With Oil,Beans and Lentils,195,8,0,204,23.38,9.6,0.31,8.47,0,57,2.31,301,1 cup,180
Yellow Canary Or Peruvian Beans Dry Cooked Made With Animal Fat Or Meat Drippings,Beans and Lentils,189,7.1,6,245,23.48,9.7,0.32,8.65,0.1,58,2.32,303,1 cup,180
Yellow Canary Or Peruvian Beans Dry Cooked Made With Margarine,Beans and Lentils,172,5.38,0,252,23.36,9.6,0.31,8.45,0.3,59,2.29,302,1 cup,180
Yellow Canary Or Peruvian Beans Dry Cooked Fat Not Added In Cooking,Beans and Lentils,143,1.07,0,219,25.14,10.3,0.34,9.11,0,62,2.47,323,1 cup,180
Yellow Canary Or Peruvian Beans Canned Drained Fat Added In Cooking Ns As To Type Of Fat,Beans and Lentils,195,7.97,0,303,23.32,9.6,0.31,8.45,0,57,2.3,300,1 cup,180
Soybeans Dry Cooked Fat Not Added In Cooking,Beans and Lentils,171,8.92,0,225,8.31,6,2.98,18.1,0,102,5.11,512,1 cup,180
Soybeans Dry Cooked Fat Added In Cooking,Beans and Lentils,223,15.57,0,209,7.7,5.5,2.76,16.78,0,94,4.75,475,1 cup,180
Soybeans Dry Cooked Ns As To Fat Added In Cooking,Beans and Lentils,223,15.57,0,209,7.7,5.5,2.76,16.78,0,94,4.75,475,1 cup,180
Mung Beans Dry Cooked Fat Not Added In Cooking,Beans and Lentils,104,0.38,0,193,19.06,7.6,1.99,6.98,0,27,1.4,265,1 cup,180
Mung Beans Dry Cooked Fat Added In Cooking,Beans and Lentils,154,6.64,0,181,17.86,7.1,1.86,6.55,0,25,1.32,248,1 cup,180
Mung Beans Dry Cooked Ns As To Fat Added In Cooking,Beans and Lentils,154,6.64,0,181,17.86,7.1,1.86,6.55,0,25,1.32,248,1 cup,180
Mung Beans Canned Drained Ns As To Fat Added In Cooking,Beans and Lentils,159,7.32,0,300,17.67,7,1.84,6.48,0,25,1.31,245,1 cup,180
Beans And Tomatoes Ns As To Fat Added In Cooking,Beans and Lentils,141,5.48,0,206,17.9,6.1,1.33,6.07,0,31,1.64,357,1 cup,242
Beans And Tomatoes Fat Not Added In Cooking,Beans and Lentils,101,0.48,0,216,18.97,6.4,1.39,6.28,0,37,1.85,389,1 cup,242
Beans And Tomatoes Fat Added In Cooking,Beans and Lentils,141,5.48,0,206,17.9,6.1,1.33,6.07,0,31,1.64,357,1 cup,242
Black Bean Salad,Beans and Lentils,109,3.88,0,202,15.65,4,3.57,3.92,0,28,1.27,260,1 cup,231
Refried Beans Fat Added In Cooking Ns As To Type Of Fat,Beans and Lentils,144,5.71,0,325,17.8,5.4,0.74,6.12,0,35,1.58,345,1 cup,253
Refried Beans Made With Oil,Beans and Lentils,144,5.71,0,325,17.8,5.4,0.74,6.12,0,35,1.58,345,1 cup,253
Refried Beans Made With Animal Fat Or Meat Drippings,Beans and Lentils,140,5.14,4,350,17.84,5.4,0.74,6.22,0.1,35,1.58,347,1 cup,253
Refried Beans Made With Margarine,Beans and Lentils,129,4.08,0,355,17.8,5.4,0.74,6.11,0.2,36,1.57,346,1 cup,253
Refried Beans Ns As To Fat Added In Cooking,Beans and Lentils,144,5.71,0,325,17.8,5.4,0.74,6.12,0,35,1.58,345,1 cup,253
Refried Beans With Cheese,Beans and Lentils,107,3.67,5,385,13,3.5,0.54,5.93,0,65,1.37,306,1 cup,253
Refried Beans With Meat,Beans and Lentils,116,2.17,5,401,17.38,5.2,0.71,7.28,0.1,34,1.57,358,1 cup,253
Layer Dip,Soups and Sauces,145,11.41,24,543,6.64,2.3,1.76,5.26,0.1,142,0.76,226,1 tablespoon,15
Hummus Plain,Soups and Sauces,260,17.78,0,481,19.86,5.9,2.91,8.18,0,113,3.36,251,1 tablespoon,15
Hummus Flavored,Soups and Sauces,258,17.7,0,472,19.62,5.9,2.93,8.1,0,111,3.33,252,1 tablespoon,15
Black Bean Sauce,Soups and Sauces,218,16.9,0,2648,13.11,3.3,0.99,5.51,0,60,1.57,345,1 cup,275
Beans And Franks,Beans and Lentils,138,5.22,19,438,17.29,3.3,6.17,6.74,0.1,33,1.36,224,1 cup,259
Beans Dry Cooked With Ground Beef,Beans and Lentils,203,9.06,16,240,19.02,4.8,0.26,11.97,0,73,3.26,480,1 cup,266
Beans Dry Cooked With Pork,Beans and Lentils,189,7.89,11,356,19.77,4.8,0.26,10.35,0.1,70,2.96,483,1 cup,178
Bean Cake,Beans and Lentils,408,21.2,0,186,49.66,3,20.37,5.63,0,13,2.26,151,1 cake,32
Stewed Beans With Pork Tomatoes And Chili Peppers Mexican Style,Beans and Lentils,136,8.46,10,257,9.67,1.9,0.78,5.48,0.2,22,0.97,225,1 cup,242
Stewed Red Beans Puerto Rican Style,Beans and Lentils,84,3.02,3,245,10.22,2.4,0.62,4.29,0,17,1,206,1 cup,250
Stewed Pink Beans With White Potatoes And Ham Puerto Rican Style,Beans and Lentils,86,3.04,3,235,10.54,2.4,0.67,4.16,0,21,0.84,215,1 cup,255
Stewed Pink Beans With Pig's Feet Puerto Rican Style,Beans and Lentils,143,8.28,33,310,7.9,1.7,1.14,9.18,0,19,0.93,189,1 cup with bone (yield after bone removed),202
Stewed Red Beans With Pig's Feet Puerto Rican Style,Beans and Lentils,142,8.26,33,310,7.78,1.7,1.14,9.28,0,17,1.08,193,1 cup with bone (yield after bone removed),202
Stewed Red Beans With Pig's Feet And Potatoes Puerto Rican Style,Beans and Lentils,151,8.27,33,311,9.7,2,0.8,9.47,0,15,1.05,201,1 cup with bone (yield after bone removed),220
Black Beans Cuban Style,Beans and Lentils,109,1.56,1,413,18.38,4.4,1.78,5.99,0,41,1.43,327,1 cup,270
Chili With Beans Without Meat,Beans and Lentils,42,0.33,0,400,8.19,2.7,2.59,2.39,0,28,0.84,221,1 cup,253
Cowpeas Dry Cooked Ns As To Fat Added In Cooking,Beans and Lentils,172,7.79,0,211,19.13,6,3.04,7.12,0,22,2.33,256,1 cup,180
Cowpeas Dry Cooked Fat Added In Cooking,Beans and Lentils,172,7.79,0,211,19.13,6,3.04,7.12,0,22,2.33,256,1 cup,180
Cowpeas Dry Cooked Fat Not Added In Cooking,Beans and Lentils,115,0.53,0,228,20.64,6.5,3.28,7.68,0,24,2.5,276,1 cup,180
Chickpeas Dry Cooked Ns As To Fat Added In Cooking,Beans and Lentils,218,10.01,0,223,25.18,7,4.41,8.14,0,45,2.67,267,1 cup,180
Chickpeas Dry Cooked Fat Added In Cooking Ns As To Type Of Fat,Beans and Lentils,218,10.01,0,223,25.18,7,4.41,8.14,0,45,2.67,267,1 cup,180
Chickpeas Dry Cooked Made With Oil,Beans and Lentils,218,10.01,0,223,25.18,7,4.41,8.14,0,45,2.67,267,1 cup,180
Chickpeas Dry Cooked Made With Animal Fat Or Meat Drippings,Beans and Lentils,212,9.03,7,268,25.29,7,4.43,8.33,0.2,46,2.68,270,1 cup,180
Chickpeas Dry Cooked Made With Margarine,Beans and Lentils,193,7.14,0,276,25.15,7,4.39,8.12,0.3,47,2.64,269,1 cup,180
Chickpeas Dry Cooked Fat Not Added In Cooking,Beans and Lentils,163,2.57,0,242,27.25,7.6,4.77,8.81,0,49,2.87,289,1 cup,180
Chickpeas Canned Drained Ns As To Fat Added In Cooking,Beans and Lentils,198,10.04,0,304,20.87,6.8,4.01,7.61,0,54,1.92,223,1 cup,180
Chickpeas Canned Drained Fat Added In Cooking Ns As To Type Of Fat,Beans and Lentils,198,10.04,0,304,20.87,6.8,4.01,7.61,0,54,1.92,223,1 cup,180
Chickpeas Canned Drained Made With Oil,Beans and Lentils,198,10.04,0,304,20.87,6.8,4.01,7.61,0,54,1.92,223,1 cup,180
Chickpeas Canned Drained Fat Not Added In Cooking,Beans and Lentils,146,3.24,0,327,22.45,7.3,4.31,8.19,0,58,2.05,240,1 cup,180
Chickpeas Canned Drained Low Sodium Ns As To Fat Added In Cooking,Beans and Lentils,199,10.06,0,205,20.9,6.8,4.01,7.62,0,54,1.92,223,1 cup,180
Chickpeas Canned Drained Low Sodium Fat Added In Cooking,Beans and Lentils,199,10.06,0,205,20.9,6.8,4.01,7.62,0,54,1.92,223,1 cup,180
Chickpeas Canned Drained Low Sodium Fat Not Added In Cooking,Beans and Lentils,147,3.25,0,220,22.48,7.3,4.32,8.2,0,58,2.05,240,1 cup,180
Green Or Yellow Split Peas Dry Cooked Fat Not Added In Cooking,Beans and Lentils,117,0.39,0,199,20.99,8.3,2.88,8.3,0,14,1.28,360,1 cup,180
Green Or Yellow Split Peas Dry Cooked Fat Added In Cooking Ns As To Type Of Fat,Beans and Lentils,167,6.83,0,186,19.64,7.7,2.7,7.76,0,13,1.21,337,1 cup,180
Green Or Yellow Split Peas Dry Cooked Made With Oil,Beans and Lentils,167,6.83,0,186,19.64,7.7,2.7,7.76,0,13,1.21,337,1 cup,180
Green Or Yellow Split Peas Dry Cooked Made With Animal Fat Or Meat Drippings,Beans and Lentils,162,5.99,6,224,19.71,7.8,2.71,7.93,0.1,13,1.22,339,1 cup,180
Green Or Yellow Split Peas Dry Cooked Made With Margarine,Beans and Lentils,146,4.41,0,231,19.63,7.7,2.69,7.75,0.3,15,1.2,338,1 cup,180
Green Or Yellow Split Peas Dry Cooked Ns As To Fat Added In Cooking,Beans and Lentils,167,6.83,0,186,19.64,7.7,2.7,7.76,0,13,1.21,337,1 cup,180
Peas Dry Cooked With Pork,Beans and Lentils,169,7.41,10,329,17.04,6.4,2.24,9.23,0.1,12,1.15,334,1 cup,197
Cowpeas Dry Cooked With Pork,Beans and Lentils,173,8.26,11,365,16.36,4.9,2.48,8.86,0.1,19,2.05,268,1 cup,179
Lentils Dry Cooked Ns As To Fat Added In Cooking,Beans and Lentils,165,6.76,0,184,18.74,7.4,1.68,8.4,0,18,3.11,344,1 cup,180
Lentils Dry Cooked Fat Added In Cooking Ns As To Type Of Fat,Beans and Lentils,165,6.76,0,184,18.74,7.4,1.68,8.4,0,18,3.11,344,1 cup,180
Lentils Dry Cooked Made With Oil,Beans and Lentils,165,6.76,0,184,18.74,7.4,1.68,8.4,0,18,3.11,344,1 cup,180
Lentils Dry Cooked Made With Animal Fat Or Meat Drippings,Beans and Lentils,159,5.93,6,221,18.82,7.4,1.68,8.57,0.1,18,3.13,346,1 cup,180
Lentils Dry Cooked Made With Margarine,Beans and Lentils,143,4.37,0,229,18.74,7.3,1.67,8.38,0.3,19,3.09,345,1 cup,180
Lentils Dry Cooked Fat Not Added In Cooking,Beans and Lentils,115,0.38,0,197,20.03,7.9,1.79,8.98,0,19,3.32,367,1 cup,180
Loaf Lentil,Beans and Lentils,72,2.41,0,98,10.7,1.6,1.67,2.2,0,11,0.82,101,"1 slice (3/4"" thick)",47
Stewed Chickpeas Puerto Rican Style,Beans and Lentils,89,3.91,3,260,9.81,1.9,1.86,4.11,0,13,0.71,115,1 cup,260
Stewed Chickpeas With Potatoes Puerto Rican Style,Beans and Lentils,160,5.12,4,405,21.64,4.1,3.78,7.78,0,23,1.3,232,1 cup,260
Chickpeas Stewed With Pig's Feet Puerto Rican Style,Beans and Lentils,151,9.07,35,97,8.1,1.5,1.99,9.44,0,14,0.91,159,1 cup with bone (yield after bone removed),202
Stewed Chickpeas With Spanish Sausages Puerto Rican Style,Beans and Lentils,212,15.62,10,359,12.4,2.5,2.56,6.44,0.2,15,1.03,181,1 cup,250
Fried Chickpeas With Bacon Puerto Rican Style,Beans and Lentils,309,19.08,13,408,23.46,4.5,3.95,11.99,0.1,24,1.74,330,1 cup,120
Bean Chips,Snacks,450,21.6,0,409,53.18,10.1,1.08,14.4,0,36,4.04,548,1 chip,3
Sambar Vegetable Stew,Vegetables,84,2.64,0,208,11.61,3.9,1.99,4.3,0,18,1.65,218,1 cup,248
Miso Sauce,Soups and Sauces,155,2.71,0,1683,27.87,2.4,19.14,5.77,0,27,1.15,102,1 cup,240
Soybean Curd Breaded Fried,Beans and Lentils,150,9.6,18,92,8.7,0.7,1.3,8.4,0.1,121,1.59,134,"1 slice (2-3/4"" x 1"" x 1/2"")",29
Vermicelli Made From Soybeans,Grains and Pasta,126,0.04,0,3,31.42,1.5,6.66,0.04,0,22,0.52,0,1 cup,140
Tofu Frozen Dessert Flavors Other Than Chocolate,Dairy and Egg Products ,261,18.64,0,247,22.4,0.7,21.24,4.79,0,29,0.82,57,1 cup,164
Tofu Frozen Dessert Chocolate,Dairy and Egg Products ,237,14.75,0,232,25.02,3.5,20,3.38,0,31,1.76,272,1 cup,164
Bean Soup Nfs,Soups and Sauces,68,2.32,1,354,8.89,3.1,1.57,3.08,0,33,0.8,197,1 cup,253
Bean With Bacon Or Ham Soup Canned Or Ready-To-Serve,Soups and Sauces,68,2.32,1,354,8.89,3.1,1.57,3.08,0,33,0.8,196,1 cup,253
Lima Bean Soup Home Recipe Canned Or Ready-To-Serve,Soups and Sauces,58,0.77,4,242,8.52,2.7,1.66,4.48,0,11,0.88,184,1 cup,253
Soybean Soup Miso Broth,Soups and Sauces,32,1.54,4,610,2.47,0.4,0.89,2.47,0.1,16,0.33,53,1 cup,240
Pinto Bean Soup Home Recipe Canned Or Ready-To-Serve,Soups and Sauces,142,1.07,4,244,23.61,5.8,1.38,9.41,0,42,1.71,424,1 cup,253
Bean Soup With Macaroni Home Recipe Canned Or Ready-To-Serve,Soups and Sauces,90,2.26,3,212,12.96,2.3,0.75,4.82,0,52,1.22,167,1 cup,253
Portuguese Bean Soup Home Recipe Canned Or Ready-To-Serve,Soups and Sauces,109,3.06,6,225,14.79,3.2,2.1,6.22,0.1,30,1.4,325,1 cup,253
Bean Soup Mixed Beans Home Recipe Canned Or Ready-To-Serve,Soups and Sauces,63,0.79,4,246,9.51,2.8,0.94,4.75,0,22,0.98,175,1 cup,238
Bean Soup Home Recipe,Soups and Sauces,65,0.77,4,248,9.75,2.4,0.76,5.08,0,34,1.24,194,1 cup,247
Bean And Ham Soup Home Recipe,Soups and Sauces,82,1.99,12,366,8.3,2,0.65,7.68,0.2,29,1.26,211,1 cup,247
Garbanzo Bean Or Chickpea Soup Home Recipe Canned Or Ready-To-Serve,Soups and Sauces,71,1.5,5,255,10.04,2.7,2.21,4.67,0,20,0.96,122,1 cup,253
Lentil Soup Home Recipe Canned Or Ready-To-Serve,Soups and Sauces,64,1.66,1,187,8.85,3.2,1.33,3.89,0,12,1.18,138,1 cup,248
Swiss Steak With Gravy Meatless,Beans and Lentils,180,8.07,4,689,14.1,4,0.95,12.67,0,108,2.06,268,1 steak with gravy,92
Vegetarian Pot Pie,Beans and Lentils,224,13.98,8,347,17.02,2.2,1.7,7.69,0.1,29,1.68,110,1 pie,227
Vegetarian Chili Made With Meat Substitute,Beans and Lentils,107,2.93,0,248,13.89,4.4,2.55,7.44,0,26,2.18,363,1 cup,254
Tofu And Vegetables Including Carrots Broccoli And/or Dark-Green Leafy; No Potatoes With Soy-Based Sauce,Prepared Meals,89,6.6,0,217,4.78,1.3,1.7,4.03,0,64,0.74,176,1 cup,217
Tofu And Vegetables Excluding Carrots Broccoli And Dark-Green Leafy; No Potatoes With Soy-Based Sauce,Prepared Meals,90,6.82,0,210,4.44,0.9,1.86,4.09,0,61,0.82,155,1 cup,217
Vegetarian Stew,Beans and Lentils,31,2.14,5,159,2.98,1.1,1.71,0.8,0,34,0.3,105,1 cup,247
Vegetarian Stroganoff,Beans and Lentils,166,10.16,14,460,11.62,2.6,1.77,7.58,0.1,80,1.24,200,1 box (3.2 oz) dry yields,466
Soyburger Meatless With Cheese On Bun,Beans and Lentils,208,6.61,10,641,24.76,3.1,4.99,12.28,0.6,249,2.35,247,1 sandwich,140
Nuts Nfs,Nuts and Seeds,605,53.62,0,314,21.04,7.6,4.53,19.59,0,93,2.79,603,1 cup,142
Almonds Salted,Nuts and Seeds,601,53.43,0,387,20.18,10.5,4.67,20.13,0,258,3.59,685,1 nut,1
Almonds Unsalted,Nuts and Seeds,607,53.96,0,3,20.38,10.6,4.71,20.33,0,260,3.62,692,1 nut,1
Almonds Flavored,Nuts and Seeds,599,53.27,0,500,20.12,10.4,4.65,20.07,0,257,3.58,683,1 nut,1
Almonds Honey Roasted,Nuts and Seeds,575,45.27,0,386,35.92,7.3,25.01,14.11,0,181,2.54,481,1 nut,1
Cashews Lightly Salted,Nuts and Seeds,580,47.72,0,208,31.55,2.9,4.84,14.78,0,44,5.8,545,1 nut,2
Cashews Unsalted,Nuts and Seeds,583,47.96,0,16,31.71,2.9,4.86,14.85,0,44,5.82,548,1 nut,2
Mixed Nuts Nfs,Nuts and Seeds,605,53.62,0,314,21.04,7.6,4.53,19.59,0,93,2.79,603,1 cup,142
Mixed Nuts Unroasted,Nuts and Seeds,606,54.13,0,7,23.17,7.6,4.66,16.96,0,139,4.3,639,1 cup,142
Mixed Nuts With Peanuts Unsalted,Nuts and Seeds,610,54.05,0,6,21.21,7.6,4.57,19.74,0,94,2.81,608,1 cup,142
Mixed Nuts Without Peanuts Salted,Nuts and Seeds,610,55.09,0,320,22.28,7.3,4.48,16.31,0,134,4.14,615,1 cup,142
Mixed Nuts Without Peanuts Unsalted,Nuts and Seeds,615,55.54,0,7,22.46,7.4,4.52,16.44,0,135,4.17,620,1 cup,142
Mixed Nuts Honey Roasted,Nuts and Seeds,579,46.51,0,389,33.28,5.9,20.34,15.35,0,73,2.19,472,1 cup,142
Peanuts Dry Roasted Lightly Salted,Nuts and Seeds,584,49.41,0,199,21.15,8.4,4.88,24.23,0,58,1.57,631,1 peanut without shell,1
Pecans Salted,Nuts and Seeds,690,72.09,0,384,13.31,9.2,3.81,8.81,0,67,2.44,394,1 nut,2
Pecans Unsalted,Nuts and Seeds,697,72.81,0,0,13.44,9.3,3.85,8.9,0,68,2.46,398,1 nut,2
Pecans Honey Roasted,Nuts and Seeds,637,58.36,0,384,31.11,6.5,24.41,6.17,0,48,1.73,277,1 nut,2
Pistachio Nuts Salted,Nuts and Seeds,576,46.98,0,390,27.16,9.9,7.43,20.22,0,103,3.88,967,1 nut,1
Pistachio Nuts Lightly Salted,Nuts and Seeds,579,47.21,0,199,27.3,9.9,7.47,20.32,0,103,3.9,972,1 nut,1
Pistachio Nuts Unsalted,Nuts and Seeds,581,47.44,0,6,27.43,10,7.51,20.42,0,104,3.91,977,1 nut,1
Walnuts Honey Roasted,Nuts and Seeds,612,53.8,0,385,31.01,4.5,23.5,10.25,0,66,1.99,297,1 nut,2
Peanut Butter Lower Sodium And Lower Sugar,Nuts and Seeds,624,53.12,0,154,18.27,6.4,8.42,23.5,0,60,2.29,688,1 tablespoon,16
Peanut Butter And Jelly,Nuts and Seeds,432,25.69,0,228,46.13,3,30.86,11.18,0,28,0.96,306,1 tablespoon,16
Peanut Butter And Chocolate Spread,Nuts and Seeds,498,34.48,0,304,42.76,3,34.1,11.66,0,28,1.58,377,1 tablespoon,16
Brown Nut Gravy Meatless,Soups and Sauces,124,10.5,0,180,6.2,1.3,0.72,2.29,0,27,0.51,81,1 tablespoon,15
Peanut Butter Sandwich Nfs,NULL,381,20.04,0,468,39.99,3.5,7.35,13.5,0,111,2.96,276,1 sandwich,92
Peanut Butter Sandwich With Regular Peanut Butter On White Bread,NULL,381,20.04,0,468,39.99,3.5,7.35,13.5,0,111,2.96,276,1 sandwich,92
Peanut Butter Sandwich With Regular Peanut Butter On Wheat Bread,NULL,379,20.45,0,451,37.29,5.3,7.03,15.2,0,122,2.64,318,1 sandwich,92
Peanut Butter Sandwich With Regular Peanut Butter On Whole Wheat Bread,NULL,379,20.45,0,451,37.29,5.3,7.03,15.2,0,122,2.64,318,1 sandwich,92
Peanut Butter Sandwich With Reduced Fat Peanut Butter On White Bread,NULL,354,14,0,507,44.63,3.6,6.93,14.78,0,106,3.02,315,1 sandwich,92
Peanut Butter Sandwich With Reduced Fat Peanut Butter On Wheat Bread,NULL,352,14.41,0,491,41.93,5.3,6.6,16.48,0,117,2.7,357,1 sandwich,92
Peanut Butter Sandwich With Reduced Fat Peanut Butter On Whole Wheat Bread,NULL,352,14.41,0,491,41.93,5.3,6.6,16.48,0,117,2.7,357,1 sandwich,92
Peanut Butter And Jelly Sandwich Nfs,NULL,361,16.46,0,390,45.34,3.1,15.18,11.11,0,92,2.46,237,1 sandwich,112
Peanut Butter And Jelly Sandwich With Regular Peanut Butter Regular Jelly On White Bread,NULL,361,16.46,0,390,45.34,3.1,15.18,11.11,0,92,2.46,237,1 sandwich,112
Peanut Butter And Jelly Sandwich With Regular Peanut Butter Regular Jelly On Wheat Bread,NULL,359,16.8,0,376,43.13,4.5,14.92,12.51,0,101,2.2,271,1 sandwich,112
Peanut Butter And Jelly Sandwich With Regular Peanut Butter Regular Jelly On Whole Wheat Bread,NULL,359,16.8,0,376,43.13,4.5,14.92,12.51,0,101,2.2,271,1 sandwich,112
Peanut Butter And Jelly Sandwich With Reduced Fat Peanut Butter Regular Jelly On White Bread,NULL,339,11.5,0,422,49.15,3.1,14.84,12.17,0,88,2.51,268,1 sandwich,112
Peanut Butter And Jelly Sandwich With Reduced Fat Peanut Butter Regular Jelly On Wheat Bread,NULL,337,11.84,0,408,46.94,4.6,14.57,13.56,0,97,2.25,303,1 sandwich,112
Peanut Butter And Jelly Sandwich With Reduced Fat Peanut Butter Regular Jelly On Whole Wheat Bread,NULL,337,11.84,0,408,46.94,4.6,14.57,13.56,0,97,2.25,303,1 sandwich,112
Peanut Butter And Jelly Sandwich With Regular Peanut Butter Reduced Sugar Jelly On White Bread,NULL,340,16.48,0,384,39.56,3.1,11.29,11.09,0,91,2.43,237,1 sandwich,112
Peanut Butter And Jelly Sandwich With Regular Peanut Butter Reduced Sugar Jelly On Wheat Bread,NULL,339,16.81,0,370,37.35,4.6,11.02,12.48,0,100,2.17,272,1 sandwich,112
Peanut Butter And Jelly Sandwich With Regular Peanut Butter Reduced Sugar Jelly On Whole Wheat Bread,NULL,339,16.81,0,370,37.35,4.6,11.02,12.48,0,100,2.17,272,1 sandwich,112
Peanut Butter And Jelly Sandwich With Reduced Fat Peanut Butter Reduced Sugar Jelly On White Bread,NULL,318,11.52,0,417,43.38,3.2,10.94,12.14,0,87,2.48,269,1 sandwich,112
Peanut Butter And Jelly Sandwich With Reduced Fat Peanut Butter Reduced Sugar Jelly On Wheat Bread,NULL,316,11.85,0,403,41.16,4.6,10.68,13.54,0,96,2.22,303,1 sandwich,112
Peanut Butter And Jelly Sandwich With Reduced Fat Peanut Butter Reduced Sugar Jelly On Whole Wheat Bread,NULL,316,11.85,0,403,41.16,4.6,10.68,13.54,0,96,2.22,303,1 sandwich,112
Peanut Butter And Jelly Sandwich Frozen Commercial Product Without Crusts,NULL,361,16.46,0,390,45.34,3.1,15.18,11.11,0,92,2.46,237,1 sandwich,60
Yogurt Coconut Milk,Dairy and Egg Products ,64,3.5,0,21,7.95,0,7.4,0.31,0.9,170,0.28,27,1 6 oz container,170
Coconut Water Sweetened,Beverages,38,0.19,0,100,8.58,1,7.53,0.68,0,23,0.28,237,NULL,NULL
Trail Mix Nfs,Nuts and Seeds,452,26.8,0,130,51.08,6.3,34.99,10.84,0,59,2.17,524,1 cup,140
Trail Mix With Nuts,Nuts and Seeds,600,52.82,0,252,21.18,8.1,4.1,20.06,0,88,3.2,649,1 cup,140
Trail Mix With Nuts And Fruit,Nuts and Seeds,452,26.8,0,130,51.08,6.3,34.99,10.84,0,59,2.17,524,1 cup,140
Trail Mix With Chocolate,Nuts and Seeds,501,32.2,4,145,48.31,5.9,34.12,11.62,0,78,2.17,491,1 cup,140
Trail Mix With Pretzels Cereal Or Granola,Nuts and Seeds,473,27.6,0,442,50.63,6,18.6,13.06,0,58,3.05,481,1 cup,140
Pumpkin Seeds Salted,Nuts and Seeds,567,48.47,0,477,14.54,6.4,1.27,29.49,0,52,7.98,779,1 cup without shell,144
Sunflower Seeds Plain Salted,Nuts and Seeds,575,49.21,0,463,23.78,11,2.7,19.1,0,69,3.76,840,1 cup without shell,144
Sunflower Seeds Flavored,Nuts and Seeds,567,47.54,0,613,25.93,10.6,5.55,18.45,0,67,3.64,812,1 cup without shell,144
Mixed Seeds,Nuts and Seeds,580,49.61,0,7,21.73,10,2.37,21.96,0,66,4.87,834,1 cup,145
Bread Made From Home Recipe Or Purchased At A Bakery Ns As To Major Flour,Baked Foods,270,3.42,4,568,50.09,1.7,3.14,8.62,0.2,34,2.88,97,1 small or thin/very thin slice,33
Bread Made From Home Recipe Or Purchased At A Bakery Toasted Ns As To Major Flour,Baked Foods,297,3.76,4,624,55.04,1.9,3.46,9.47,0.3,37,3.16,107,1 small or thin/very thin slice,30
Bread White Made From Home Recipe Or Purchased At A Bakery,Baked Foods,270,3.42,4,568,50.09,1.7,3.14,8.62,0.2,34,2.88,97,1 small or thin/very thin slice,33
Bread White Made From Home Recipe Or Purchased At A Bakery Toasted,Baked Foods,297,3.76,4,624,55.04,1.9,3.46,9.47,0.3,37,3.16,107,1 small or thin/very thin slice,30
Bread White With Whole Wheat Swirl,Baked Foods,259,3.42,0,472,46.06,4.4,5,10.65,0,152,3.04,190,1 small or thin/very thin slice,24
Bread White With Whole Wheat Swirl Toasted,Baked Foods,298,4.12,1,545,53.41,4.9,5.79,11.79,0,154,3.19,212,1 small or thin/very thin slice,22
Bread Cuban Toasted,Baked Foods,299,2.66,0,662,57.01,2.4,5.08,11.81,0,57,4.3,129,1 small or thin/very thin slice,9
Bread Native Water Puerto Rican Style,Baked Foods,277,3.26,0,544,51.98,1.8,1.79,8.78,0,25,3.11,98,1 slice,25
Bread Native Water Toasted Puerto Rican Style,Baked Foods,305,3.58,0,598,57.12,2,1.96,9.65,0,28,3.41,107,1 slice,23
Bread Lard Puerto Rican Style,Baked Foods,280,2.92,2,434,55.51,2,7.05,6.97,0.1,11,2.96,78,1 slice,25
Bread Lard Toasted Puerto Rican Style,Baked Foods,311,3.25,2,482,61.67,2.2,7.83,7.74,0.1,12,3.29,87,1 slice,23
Bread Caressed Puerto Rican Style,Baked Foods,273,4.57,0,527,49.34,1.8,3.65,7.76,0,11,2.87,84,1 slice,25
Bread Caressed Toasted Puerto Rican Style,Baked Foods,300,5.02,0,579,54.22,2,4.01,8.53,0,12,3.15,92,1 slice,23
Naan Indian Flatbread,Baked Foods,311,7.28,1,508,50.23,5.2,3.7,11.09,0,64,1.88,201,"1 piece (1/4 of 10"" dia)",44
Bread Italian Grecian Armenian,Baked Foods,271,3.5,0,550,50.1,3.2,3.17,8.8,0,78,2.94,110,1 small or thin/very thin slice,24
Bread Italian Grecian Armenian Toasted,Baked Foods,298,3.85,0,604,55.06,3.5,3.48,9.67,0,86,3.23,121,1 small or thin/very thin slice,22
Bread Pita Toasted,Baked Foods,302,1.32,0,589,61.21,2.4,1.43,10,0,95,2.88,132,NULL,NULL
Bread Pita With Fruit,Baked Foods,279,1.09,0,458,59.19,2.4,9.9,8.2,0,80,2.51,202,NULL,NULL
Bread Pita With Fruit Toasted,Baked Foods,306,1.2,0,503,65.04,2.7,10.87,9.02,0,88,2.76,222,NULL,NULL
Bread Cheese Toasted,Baked Foods,448,22.89,11,824,49.26,2.3,2.29,11.45,0.1,99,2.74,92,1 small or thin/very thin slice,22
Bread Cornmeal And Molasses,Baked Foods,283,3.81,7,317,55.21,1.6,15.23,6.7,0,51,3.37,359,NULL,NULL
Bread Cornmeal And Molasses Toasted,Baked Foods,311,4.19,8,349,60.67,1.8,16.73,7.37,0,56,3.7,395,NULL,NULL
Bread Egg Challah Toasted,Baked Foods,315,6.59,56,418,52.53,2.5,1.96,10.44,0.4,102,3.34,126,1 small or thin/very thin slice,18
Garlic Bread Nfs,Baked Foods,349,16.58,0,620,41.64,2.5,3.68,8.34,0.2,27,3.04,103,1 small slice,39
Garlic Bread From Fast Food / Restaurant,Baked Foods,349,16.58,0,620,41.64,2.5,3.68,8.34,0.2,27,3.04,103,1 small slice,37
Garlic Bread With Parmesan Cheese From Fast Food / Restaurant,Baked Foods,351,16.8,2,643,41.09,2.4,3.61,8.74,0.2,43,3,104,1 small slice,39
Garlic Bread With Parmesan Cheese From Frozen,Baked Foods,351,16.83,2,569,41.18,2.5,3.62,8.75,0.2,43,3,105,1 small slice,39
Garlic Bread With Melted Cheese From Fast Food / Restaurant,Baked Foods,338,17.22,13,629,34.44,2,3.33,11.42,0.2,161,2.48,120,1 small slice,44
Garlic Bread With Melted Cheese From Frozen,Baked Foods,343,17.02,8,560,37.01,2.2,3.46,10.37,0.2,114,2.68,114,1 small slice,44
Bread Onion,Baked Foods,236,2.93,3,484,44.17,1.7,3.36,7.52,0.2,33,2.49,107,1 small or thin/very thin slice,24
Bread Onion Toasted,Baked Foods,260,3.22,4,532,48.54,1.9,3.69,8.26,0.2,36,2.73,117,1 small or thin/very thin slice,18
Bread White Special Formula Added Fiber Toasted,Baked Foods,262,2.36,0,525,48.25,10.1,5.5,11.71,0,752,5.37,140,NULL,NULL
Bread High Protein Toasted,Baked Foods,269,2.42,0,444,48.13,3.3,1.58,13.3,0,136,4.56,354,NULL,NULL
Bread Potato Toasted,Baked Foods,292,3.44,0,412,51.72,6.9,10.31,13.74,0.1,207,2.47,789,1 small or thin/very thin slice,24
Bread Raisin,Baked Foods,269,3.04,0,442,52.4,2.8,11.02,8.27,0,135,3.44,188,NULL,NULL
Bread Raisin Toasted,Baked Foods,296,3.34,0,486,57.58,3.1,12.11,9.09,0,148,3.78,207,NULL,NULL
Bread White Low Sodium Or No Salt Toasted,Baked Foods,293,3.96,1,327,54.5,2.5,4.74,9.01,0,119,3.33,131,NULL,NULL
Bread Sweet Potato,Baked Foods,239,2.85,3,477,45.24,1.7,3.55,7.4,0.2,32,2.54,141,NULL,NULL
Bread Sweet Potato Toasted,Baked Foods,263,3.13,3,524,49.72,1.9,3.9,8.13,0.2,35,2.79,155,1 small or thin/very thin slice,22
Bread Vegetable,Baked Foods,259,3.19,4,523,48.64,2,4.31,8.28,0.2,39,2.79,175,1 slice,44
Bread Vegetable Toasted,Baked Foods,285,3.5,4,575,53.44,2.2,4.73,9.1,0.2,43,3.06,193,1 slice,40
Bruschetta,Fast Foods,173,7.7,0,238,22.18,2,2.74,4.03,0,39,1.38,182,1 slice,43
Bread Dough Fried,Baked Foods,382,18.81,3,178,44.83,1.5,3.62,8.02,0.4,49,2.57,112,1 slice or roll,26
Roll Cheese,Baked Foods,315,7.81,9,476,49.59,1.9,5.3,11.46,0,205,3.54,136,1 roll,41
Roll Garlic,Baked Foods,309,6.44,4,465,51.95,2,5.53,10.84,0,178,3.71,140,NULL,NULL
Roll Sweet With Fruit Frosted,Baked Foods,379,16.37,56,285,53.56,2,36.63,5.23,0,61,1.38,99,1 small,54
Roll Sweet Frosted,Baked Foods,400,20.06,52,266,50.92,2.5,34.47,5.49,0,62,1.45,120,1 small,54
Pan Dulce With Sugar Topping,Baked Foods,373,12.68,28,234,56.31,2.1,15.67,8.72,0.1,84,2.68,102,NULL,NULL
Pan Dulce With Raisins And Icing,Baked Foods,368,11.4,26,213,58.56,2.2,19.29,8.28,0,77,2.58,127,1 roll,93
Croissant Chocolate,Baked Foods,421,22.79,54,376,49.4,3.3,19.87,7.4,0,36,2.25,167,NULL,NULL
Croissant Fruit,Baked Foods,396,19.78,63,445,46.99,3,13.98,7.77,0,36,1.99,135,NULL,NULL
Brioche,Baked Foods,419,26.82,158,442,35.86,1.5,3.04,8.74,0.7,44,2.46,117,1 piece,77
Bread Spanish Coffee,Baked Foods,344,8.68,33,16,58.27,1.9,12.12,7.6,0.2,15,3.09,98,1 piece,85
Bagel,Baked Foods,264,1.32,0,422,52.38,1.6,8.43,10.56,0,105,3.57,107,NULL,NULL
Bagel With Raisins,Baked Foods,268,1.23,0,381,55.06,1.8,13.51,9.81,0,100,3.4,171,NULL,NULL
Bagel With Fruit Other Than Raisins,Baked Foods,243,1.25,0,380,48.36,1.7,8.43,9.55,0,95,3.23,101,NULL,NULL
Bread Stuffing,Prepared Meals,177,8.6,0,472,21.69,0.9,2.35,3.14,0.2,30,1.09,72,NULL,NULL
Bread Stuffing Made With Egg,Prepared Meals,192,11.9,22,459,17.75,0.8,1.94,3.32,0.1,32,1,71,1 cup,170
Breadsticks Nfs,Baked Foods,342,12.85,7,615,44.39,2.4,1.11,12.18,0,87,4.64,132,1 small stick,28
Breadsticks Hard Reduced Sodium,Snacks,431,10.63,0,2,71.63,2.5,1.32,10.64,0,14,4.31,104,1 snack size stick,2
Breadsticks Soft Nfs,Baked Foods,342,12.85,7,615,44.39,2.4,1.11,12.18,0,87,4.64,132,1 small stick,28
Breadsticks Soft From Fast Food / Restaurant,Baked Foods,342,12.85,7,615,44.39,2.4,1.11,12.18,0,87,4.64,132,1 small stick,26
Breadsticks Soft From Frozen,Baked Foods,312,9.06,4,519,46.46,2.5,2.93,10.86,0,110,4.23,130,1 small stick,26
Breadsticks Soft With Parmesan Cheese From Fast Food / Restaurant,Baked Foods,344,13.15,9,639,43.8,2.3,1.09,12.49,0,102,4.56,133,1 small stick,28
Breadsticks Soft With Parmesan Cheese From Frozen,Baked Foods,312,9.06,4,519,46.46,2.5,2.93,10.86,0,110,4.23,130,NULL,NULL
Breadsticks Soft Topped With Melted Cheese,Baked Foods,333,14.24,18,625,36.64,1.9,1.27,14.49,0.1,209,3.76,143,NULL,NULL
Breadsticks Soft Stuffed With Melted Cheese,Baked Foods,333,14.24,18,625,36.64,1.9,1.27,14.49,0.1,209,3.76,143,NULL,NULL
Muffin English With Raisins,Baked Foods,234,1.57,0,384,47.67,3.5,9.1,8.29,0,152,3.79,173,1 muffin,58
Muffin English Cheese,Baked Foods,236,3.27,5,436,42.12,3.3,3.38,9.57,0,190,3.81,107,1 muffin,58
Muffin English With Fruit Other Than Raisins,Baked Foods,243,1.8,0,442,47.63,3.9,4.82,9.31,0,170,4.19,121,1 muffin,58
Pannetone,Baked Foods,321,8.24,59,333,53.79,2.3,17.63,8.61,0.6,50,2.34,147,1 slice,27
Bread Whole Grain White Toasted,Baked Foods,262,2.36,0,525,48.25,10.1,5.5,11.71,0,752,5.37,140,NULL,NULL
Bagel Whole Grain White,Baked Foods,250,1.53,0,439,48.89,4.1,6.12,10.2,0,105,2.76,165,1 miniature,26
Bread Whole Wheat Toasted,Baked Foods,277,3.85,0,500,46.93,6.6,4.77,13.68,0,177,2.71,279,1 small or thin/very thin slice,22
Bread Whole Wheat Made From Home Recipe Or Purchased At Bakery,Baked Foods,248,4.09,4,610,47.44,6.8,3.41,9.21,0.3,47,2.23,262,1 small or thin/very thin slice,33
Bread Whole Wheat Made From Home Recipe Or Purchased At Bakery Toasted,Baked Foods,272,4.5,5,670,52.13,7.5,3.75,10.12,0.3,51,2.45,288,1 small or thin/very thin slice,30
Bread Puri Wheat,Baked Foods,396,24.55,0,170,39.25,3.5,0.18,6.21,0,14,2.23,123,"1 puri (approx 4-4/5"" dia)",36
Bread Whole Wheat With Raisins,Baked Foods,273,4.07,5,488,56.31,6.5,17.93,7.74,0.2,54,2.12,309,NULL,NULL
Bread Whole Wheat With Raisins Toasted,Baked Foods,301,4.47,6,536,61.88,7.1,19.7,8.51,0.2,60,2.33,339,NULL,NULL
Bread Sprouted Wheat Toasted,Baked Foods,207,0,0,521,37.23,5.8,2.89,14.46,0,0,2.08,218,1 slice,24
Bread Wheat Or Cracked Wheat Toasted,Baked Foods,301,4.98,0,520,52.24,4.4,6.3,11.72,0,137,3.96,155,NULL,NULL
Bread Wheat Or Cracked Wheat Made From Home Recipe Or Purchased At Bakery,Baked Foods,263,3.65,4,579,49.23,3.4,3.22,8.93,0.2,38,2.67,153,NULL,NULL
Bread Wheat Or Cracked Wheat Made From Home Recipe Or Purchased At Bakery Toasted,Baked Foods,289,4.01,4,636,54.1,3.8,3.54,9.81,0.3,42,2.94,168,NULL,NULL
Bread Wheat Or Cracked Wheat With Raisins,Baked Foods,285,3.72,5,468,57.38,3.8,17.19,7.58,0.2,47,2.47,220,NULL,NULL
Bread Wheat Or Cracked Wheat With Raisins Toasted,Baked Foods,313,4.09,6,515,63.06,4.1,18.89,8.33,0.2,52,2.72,242,NULL,NULL
Bread French Or Vienna Whole Wheat Toasted,Baked Foods,263,1.14,0,412,53.96,4.6,0,9.15,0,46,0.82,179,NULL,NULL
Bread Pita Whole Wheat Toasted,Baked Foods,288,1.88,0,579,61.42,6.7,3.15,10.77,0,16,3.36,187,NULL,NULL
Bread Pita Wheat Or Cracked Wheat Toasted,Baked Foods,288,1.88,0,579,61.42,6.7,3.15,10.77,0,16,3.36,187,NULL,NULL
Bagel Wheat,Baked Foods,250,1.53,0,439,48.89,4.1,6.12,10.2,0,105,2.76,165,NULL,NULL
Bagel Whole Wheat,Baked Foods,250,1.53,0,439,48.89,4.1,6.12,10.2,0,105,2.76,165,1 miniature,26
Bagel Wheat With Raisins,Baked Foods,255,1.42,0,396,51.92,4.1,11.43,9.49,0,99,2.67,216,1 miniature,26
Bagel Whole Wheat With Raisins,Baked Foods,255,1.42,0,396,51.92,4.1,11.43,9.49,0,99,2.67,216,1 miniature,26
Bagel Wheat With Fruit And Nuts,Baked Foods,261,2.69,0,389,50.82,4.3,11.44,9.53,0,98,2.64,214,NULL,NULL
Bagel Wheat Bran,Baked Foods,250,1.53,0,439,48.89,4.1,6.12,10.2,0,105,2.76,165,1 miniature,26
Muffin English Wheat Bran With Raisins,Baked Foods,231,1.85,0,319,48.24,4.5,7.32,8.14,0,165,2.77,235,1 muffin,58
Muffin English Wheat Or Cracked Wheat With Raisins,Baked Foods,230,1.86,0,322,47.92,4.5,6.8,8.19,0,166,2.78,230,1 muffin,58
Muffin English Whole Wheat With Raisins,Baked Foods,230,1.86,0,322,47.92,4.5,6.8,8.19,0,166,2.78,230,1 muffin,58
Breadsticks Hard Whole Wheat,Snacks,411,10.87,0,577,68.15,7.2,3.29,13.23,0,28,4.03,250,1 snack size stick,2
Bread Marble Rye And Pumpernickel Toasted,Baked Foods,285,3.63,0,663,53.08,6.4,4.23,9.34,0,80,3.11,182,NULL,NULL
Bread Pumpernickel Toasted,Baked Foods,275,3.41,0,655,52.2,7.1,0.58,9.56,0,75,3.15,229,NULL,NULL
Bagel Pumpernickel,Baked Foods,250,1.53,0,439,48.89,4.1,6.12,10.2,0,105,2.76,165,1 miniature,26
Bread Black Toasted,Baked Foods,275,3.41,0,655,52.2,7.1,0.58,9.56,0,75,3.15,229,NULL,NULL
Bagel Oat Bran,Baked Foods,250,1.53,0,439,48.89,4.1,6.12,10.2,0,105,2.76,165,1 miniature,26
Muffin English Oat Bran With Raisins,Baked Foods,272,4.01,0,403,51.57,4,13.24,7.87,0,64,2.62,203,1 muffin,58
Bread Multigrain Toasted,Baked Foods,291,4.65,0,419,47.63,8.1,7.02,14.68,0,113,2.75,253,NULL,NULL
Bread Multigrain With Raisins,Baked Foods,268,3.85,0,344,46.92,7,11.67,12.33,0,98,2.44,282,NULL,NULL
Bread Multigrain With Raisins Toasted,Baked Foods,295,4.23,0,378,51.56,7.7,12.82,13.55,0,107,2.68,310,NULL,NULL
Bagel Multigrain,Baked Foods,250,1.53,0,439,48.89,4.1,6.12,10.2,0,105,2.76,165,1 miniature,26
Bagel Multigrain With Raisins,Baked Foods,255,1.42,0,396,51.92,4.1,11.43,9.49,0,99,2.67,216,1 miniature,26
Bread Barley Toasted,Baked Foods,301,4.98,0,520,52.24,4.4,6.3,11.72,0,137,3.96,155,1 small or thin/very thin slice,22
Bread Soy,Baked Foods,258,3.45,4,595,42.01,4.4,6.04,15.4,0.2,74,3.62,496,NULL,NULL
Bread Soy Toasted,Baked Foods,284,3.8,4,654,46.16,4.8,6.64,16.92,0.3,81,3.98,545,NULL,NULL
Bread Sunflower Meal,Baked Foods,304,8.39,3,515,47.41,2.4,3.12,9.94,0.2,39,3.15,154,NULL,NULL
Bread Sunflower Meal Toasted,Baked Foods,334,9.22,4,566,52.1,2.7,3.42,10.92,0.2,43,3.46,170,NULL,NULL
Bread Rice Toasted,Baked Foods,273,5.76,0,491,50.31,4.7,3.88,4.74,0,152,2.89,82,NULL,NULL
Injera Ethiopian Bread,Baked Foods,88,0.83,0,229,18.31,2.7,1.05,3.48,0,13,1.03,152,1 cup pieces,68
Bread Gluten Free Toasted,Baked Foods,273,5.76,0,491,50.31,4.7,3.88,4.74,0,152,2.89,82,1 small or thin/very thin slice,22
Biscuit Dough Fried,Baked Foods,350,17.43,0,810,42.72,2,7.02,6.55,0,26,2.09,155,1 piece,43
Crumpet,Baked Foods,193,5.55,49,481,28.42,1.7,2.83,7.21,0.6,53,1.79,128,"1 small (2-1/2"" dia)",20
Crumpet Toasted,Baked Foods,217,6.24,55,541,31.93,1.9,3.18,8.1,0.7,59,2.01,144,"1 small (2-1/2"" dia)",18
Biscuit Baking Powder Or Buttermilk Type Made From Mix,Baked Foods,324,11.77,5,916,46.78,1.5,10.59,7.16,0.6,182,1.96,181,"1 small (1-1/2"" dia)",14
Biscuit Baking Powder Or Buttermilk Type Made From Home Recipe,Baked Foods,354,16.34,3,578,44.64,1.5,2.19,6.98,0.5,234,2.9,116,"1 small (1-1/2"" dia)",14
Biscuit Whole Wheat,Baked Foods,312,11.97,3,903,45.93,6.4,2.56,9.37,0.6,243,2.49,281,"1 small (1-1/2"" dia)",14
Biscuit Cheese,Baked Foods,346,13.61,12,909,48,1.2,3.13,8.13,0.1,125,2.94,207,"1 biscuit (2"" dia)",30
Biscuit Cinnamon-Raisin,Baked Foods,345,12.5,1,823,53.43,1.8,19.74,5.77,0,59,2.18,180,"1 biscuit (3"" dia)",64
Scone,Baked Foods,353,14.86,102,677,45.17,1.4,3.98,9.15,0.9,188,3.19,120,1 scone,42
Scone With Fruit,Baked Foods,352,13.39,91,607,49.86,1.7,10.64,8.55,0.8,174,3.08,188,1 scone,42
Cornbread Made From Home Recipe,Baked Foods,283,9.42,36,489,42.74,1.5,6.96,6.42,0.7,200,2.5,129,1 surface inch,11
Cornbread Muffin Stick Round Made From Home Recipe,Baked Foods,303,10.1,38,524,45.79,1.6,7.46,6.88,0.7,214,2.67,139,1 small,66
Corn Flour Patty Or Tart Fried,Baked Foods,216,4.55,0,484,41.23,3,5.91,3.98,0,67,2.35,124,1 patty,10
Corn Pone Baked,Baked Foods,214,4.31,0,437,39.68,1.9,0.79,3.5,0,113,2.36,71,"1 pone (8"" dia x 3/4"")",377
Corn Pone Fried,Baked Foods,254,9.78,0,417,37.79,1.8,0.76,3.34,0,107,2.25,68,1 piece,61
Gordita/sope Shell Plain No Filling,Baked Foods,303,16.19,0,330,36.65,2.7,0.66,4.18,0,111,2.46,112,NULL,NULL
Johnnycake,Baked Foods,275,7.22,64,952,43.78,1.8,8.67,7.89,0.3,103,2.3,207,1 piece,49
Spoonbread,Baked Foods,164,6.88,78,390,18.52,0.7,5.06,6.65,1.6,121,1.12,182,1 cup,187
Tortilla Nfs,Baked Foods,262,5.42,0,390,47.01,4.9,2.3,6.95,0,114,2.43,156,NULL,NULL
Taco Shell Flour,Baked Foods,511,29.07,0,794,53.2,3.8,4,8.83,0,157,3.92,135,NULL,NULL
Arepa Dominicana,Baked Foods,267,13.96,48,403,30.49,2.4,3.34,5.64,0.7,79,2.33,197,"1 piece (4"" x 2"" x 1-3/4"")",115
Muffin Chocolate Chip,Baked Foods,397,18.55,41,309,55.29,1.8,33.08,5.64,0.5,144,2.26,164,NULL,NULL
Muffin Chocolate,Baked Foods,390,18.2,46,344,50.81,1.9,26.13,6.39,0.6,161,3.05,166,NULL,NULL
Muffin Whole Wheat,Baked Foods,355,17.86,54,398,44.46,3.5,20.25,7.2,0.7,171,1.69,187,NULL,NULL
Muffin Wheat,Baked Foods,360,17.4,53,394,45.76,1.8,20.06,6.61,0.7,166,1.94,131,NULL,NULL
Muffin Whole Grain,Baked Foods,360,17.4,53,394,45.76,1.8,20.06,6.61,0.7,166,1.94,131,1 miniature,25
Muffin Wheat Bran,Baked Foods,215,5.83,28,215,39.09,2.4,14.94,6.22,0.6,90,2.4,361,NULL,NULL
Muffin Oatmeal,Baked Foods,362,18.29,55,409,43.96,1.5,20.82,6.33,0.7,172,1.9,124,NULL,NULL
Muffin Plain,Baked Foods,368,15.62,48,363,51.88,0.8,27.65,5.77,0.6,163,2.01,118,NULL,NULL
Muffin Cheese,Baked Foods,360,22.28,69,496,30.32,1,2,9.5,0.8,260,2.2,118,NULL,NULL
Muffin Pumpkin,Baked Foods,300,12.45,38,289,43.08,1.4,22.71,4.84,0.5,136,1.93,143,NULL,NULL
Muffin Zucchini,Baked Foods,300,12.66,39,294,42.51,0.9,22.84,4.92,0.5,135,1.7,154,NULL,NULL
Muffin Carrot,Baked Foods,307,12.71,39,309,44.14,1.3,23.44,4.88,0.5,140,1.69,166,NULL,NULL
Popover,Baked Foods,265,8.78,136,298,34.8,1.1,4.23,10.82,1.6,119,2.46,199,1 popover,31
Bread Nut,Baked Foods,392,19.24,46,341,49.72,1.3,26.17,6.49,0.6,160,2.09,141,1 slice,49
Bread Pumpkin,Baked Foods,300,12.45,38,289,43.08,1.4,22.71,4.84,0.5,136,1.93,143,1 slice,60
Bread Fruit,Baked Foods,362,17.33,41,307,47.37,1.4,24.96,5.96,0.5,145,1.91,165,1 slice,41
Bread Zucchini,Baked Foods,300,12.66,39,294,42.51,0.9,22.84,4.92,0.5,135,1.7,154,1 slice,40
Bread Irish Soda,Baked Foods,297,8.93,51,489,49.88,2,19.18,6.27,0.2,102,2.35,256,NULL,NULL
Cake Batter Raw Chocolate,Baked Foods,290,13.48,60,411,40.55,1.2,20,4.35,0.3,77,1.77,192,1 tablespoon,14
Cake Batter Raw Not Chocolate,Baked Foods,281,11.14,60,391,41.44,0.6,21.89,3.9,0.3,116,1.34,46,1 tablespoon,15
Cake Angel Food With Icing Or Filling,Baked Foods,333,6.99,18,392,65.27,0.1,46.14,4.1,0,58,0.17,92,NULL,NULL
Cake Angel Food With Fruit And Icing Or Filling,Baked Foods,209,3.02,9,315,42.52,0.7,23.8,4.35,0,69,0.28,149,NULL,NULL
Cake Or Cupcake Applesauce Without Icing Or Filling,Baked Foods,408,24.24,43,205,44.82,1.7,27.87,4.93,0.2,24,1.48,100,NULL,NULL
Cake Or Cupcake Applesauce With Icing Or Filling,Baked Foods,424,25.86,56,218,46.5,1.1,35.26,3.86,0.1,28,0.96,80,1 regular cupcake,75
Cake Or Cupcake Banana Without Icing Or Filling,Baked Foods,424,25.06,45,211,47.08,2.1,27.59,5.33,0.2,25,1.56,169,1 regular cupcake,50
Cake Or Cupcake Banana With Icing Or Filling,Baked Foods,435,26.42,57,222,47.98,1.3,35.26,4.1,0.1,29,1,123,1 regular cupcake,75
Cake Or Cupcake Carrot Without Icing Or Filling,Baked Foods,413,25.17,45,231,43.69,2.1,25.68,5.31,0.2,32,1.58,168,1 regular cupcake,50
Cake Or Cupcake Carrot With Icing Or Filling,Baked Foods,428,26.5,58,234,45.88,1.3,34.1,4.08,0.2,33,1.01,122,1 regular cupcake,75
Cheesecake With Fruit,Baked Foods,209,13.92,34,269,18.62,1,15.27,3.63,0.3,37,0.55,114,"1 cake or pie (9"" dia approx 1-1/2"" high)",1704
Cheesecake Chocolate,Baked Foods,374,25.82,55,440,32.55,1,27.81,5.97,0.5,55,0.97,130,"1 cake or pie (9"" dia approx 1-1/2"" high)",1533
Cake Or Cupcake Chocolate Devil's Food Or Fudge Without Icing Or Filling,Baked Foods,326,15.14,68,462,45.56,1.3,22.47,4.89,0.4,86,1.99,216,1 regular cupcake,50
Cake Or Cupcake German Chocolate With Icing Or Filling,Baked Foods,401,21.92,20,334,51.49,2.7,38.57,3.85,0,31,2.96,280,1 regular cupcake,75
Cake Cream Without Icing Or Topping,Baked Foods,370,18.72,76,501,45.94,0.4,25.54,4.87,0.4,88,1.2,80,"1 cake (8"" dia)",510
Cake Dobos Torte,Baked Foods,390,17.87,47,428,55.58,0.6,39.3,3.59,0.3,56,1.39,116,"1 cake (8-1/2"" dia)",1472
Cake Or Cupcake Gingerbread,Baked Foods,308,10.15,31,459,50.68,1.2,31.66,4.02,0.2,70,3.33,243,1 regular cupcake,50
Cake Ice Cream And Cake Roll Chocolate,Baked Foods,313,16.28,31,236,40.67,1.6,32.16,3.49,0.1,71,1.81,240,1 ice cream roll (12 oz),340
Cake Ice Cream And Cake Roll Not Chocolate,Baked Foods,314,15.03,62,190,42.63,0.5,33.23,3.2,0.3,89,0.66,114,1 ice cream roll (12 oz),340
Cake Jelly Roll,Baked Foods,366,13.92,58,452,56.3,0.6,33.69,4.02,0.3,71,1.18,72,1 jelly roll,506
Cake Or Cupcake Lemon Without Icing Or Filling,Baked Foods,344,16.08,68,514,45.47,0.4,25.12,4.55,0.4,76,1.22,61,1 regular cupcake,50
Cake Or Cupcake Lemon With Icing Or Filling,Baked Foods,386,17.39,65,426,55,0.3,39.46,3.44,0.3,59,0.92,47,1 regular cupcake,75
Cake Or Cupcake Marble Without Icing Or Filling,Baked Foods,335,15.62,68,488,45.51,0.8,23.8,4.72,0.4,81,1.6,138,1 regular cupcake,50
Cake Or Cupcake Marble With Icing Or Filling,Baked Foods,390,18.98,48,308,54.52,1.2,40.88,3.24,0.2,46,2.06,162,1 regular cupcake,75
Cake Or Cupcake Nut Without Icing Or Filling,Baked Foods,425,24.7,66,500,46.11,1.3,24.79,6.54,0.4,88,1.59,120,1 regular cupcake,50
Cake Or Cupcake Nut With Icing Or Filling,Baked Foods,404,20.18,45,409,53.77,0.9,37.68,4.16,0.2,58,1.47,132,1 regular cupcake,75
Cake Or Cupcake Oatmeal,Baked Foods,370,12.63,17,263,63.26,1.4,44.93,3.22,0.2,19,1.3,128,1 regular cupcake,50
Cake Or Cupcake Peanut Butter,Baked Foods,413,21.08,40,416,53.7,1,38.38,5.15,0.2,53,1.44,163,1 regular cupcake,50
Cake Pound With Icing Or Filling,Baked Foods,403,15.82,47,336,62.78,0.4,46.52,3.59,0.6,35,1.12,119,"1 loaf (9-1/4"" x 5-1/4"" x 3-1/8"")",1228
Cake Pound Chocolate,Baked Foods,414,18.29,62,355,61.38,1.6,40.73,5.42,0.8,50,1.93,203,"1 loaf (9"" x 5"" x 3"")",909
Cake Pound Puerto Rican Style,Baked Foods,465,29.01,196,252,45.26,0.6,27.84,6.96,0.7,31,1.68,80,"1 slice (3-1/2"" x 3-1/2"" x 1"")",90
Cake Or Cupcake Pumpkin Without Icing Or Filling,Baked Foods,387,23.57,42,200,41.07,2.2,23.9,5.09,0.2,30,1.84,143,1 regular cupcake,50
Cake Or Cupcake Pumpkin With Icing Or Filling,Baked Foods,411,25.38,55,215,44.05,1.4,32.57,3.98,0.1,32,1.2,108,1 regular cupcake,75
Cake Or Cupcake Raisin-Nut,Baked Foods,411,21.15,56,429,52.25,1.7,30.8,6.08,0.3,83,1.66,213,1 regular cupcake,50
Cake Ravani,Baked Foods,274,7.46,38,250,48.98,0.7,33.58,3.82,0.5,150,3.95,62,1 cake,564
Cake Rice Flour Without Icing Or Filling,Baked Foods,262,8.02,0,304,44.15,1.3,14.56,4.51,0,186,2.24,214,NULL,NULL
Cake Or Cupcake Spice Without Icing Or Filling,Baked Foods,408,24.24,43,205,44.82,1.7,27.87,4.93,0.2,24,1.48,100,1 regular cupcake,50
Cake Or Cupcake Spice With Icing Or Filling,Baked Foods,424,25.86,56,218,46.5,1.1,35.26,3.86,0.1,28,0.96,81,1 regular cupcake,75
Cake Sponge With Icing Or Filling,Baked Foods,362,8.21,70,498,68.29,0.3,49.79,3.69,0.1,49,1.92,81,"1 tube cake (10-1/2"" dia 4-1/4"" high)",1109
Cake Sponge Chocolate,Baked Foods,354,8.75,70,497,66.45,0.7,47.67,4.12,0.1,51,2.42,144,"1 tube cake (10"" dia 4"" high)",790
Cake Torte,Baked Foods,283,13.57,55,362,37.14,0.8,21.73,3.68,0.3,68,0.97,96,1 torte,912
Cake Tres Leche,Baked Foods,267,8.67,75,160,41.92,0.3,33.15,6.35,0.9,183,0.94,194,1 cake,1448
Cake Pineapple Upside Down,Baked Foods,331,16.45,72,172,44.18,0.9,34.13,3.5,0.2,68,1.03,116,NULL,NULL
Cake Or Cupcake White Without Icing Or Filling,Baked Foods,329,12.97,0,430,49.64,0.4,30.07,3.8,0,49,0.86,65,1 regular cupcake,50
Cake Or Cupcake Yellow Without Icing Or Filling,Baked Foods,344,16.08,68,514,45.47,0.4,25.12,4.55,0.4,76,1.22,61,1 regular cupcake,50
Cake Shortcake Biscuit Type With Whipped Cream And Fruit,Baked Foods,219,10.43,30,364,27.84,1.4,6.8,4.02,0.3,143,1.5,132,"1 biscuit (2"" dia) with fruit and whipped cream",74
Cake Shortcake Biscuit Type With Fruit,Baked Foods,217,8.73,23,430,30.95,1.6,6.75,4.24,0.3,153,1.76,133,"1 biscuit (2"" dia) with fruit",65
Cake Shortcake Sponge Type With Whipped Cream And Fruit,Baked Foods,242,4.24,78,428,47.32,0.9,29.42,4.21,0.2,63,1.98,124,"1 cake (3"" dia) with fruit and whipped cream",118
Cake Shortcake Sponge Type With Fruit,Baked Foods,247,2.21,80,489,52.65,1,32.71,4.44,0.2,60,2.26,124,"1 cake (3"" dia) with fruit",102
Cake Shortcake With Whipped Topping And Fruit Diet,Baked Foods,217,4.74,66,338,40.51,1,25.7,3.62,0.2,58,1.63,130,1 individual cake,94
Cake Or Cupcake Zucchini,Baked Foods,437,27.26,59,230,46.16,1.1,34.67,4.25,0.2,31,1.05,117,"1 1-layer cake (8"" or 9"" dia 1-1/2"" high)",579
Cookie Batter Or Dough Raw,Baked Foods,431,22.18,42,535,54.19,0.9,29.26,4.8,0.2,53,1.86,72,1 cup,250
Cookie Biscotti,Baked Foods,366,7.84,42,264,66.57,1.4,28.51,7.39,0.2,111,2.68,83,1 cookie,32
Cookie Brownie With Icing Or Filling,Baked Foods,401,16.95,8,234,63.55,1.5,47.22,2.94,0,18,1.83,173,1 small,40
Cookie Chocolate Chip Made From Home Recipe Or Purchased At A Bakery,Baked Foods,490,28.18,58,281,59.31,2.7,41.06,5.8,0.1,42,2.19,191,1 miniature/bite size,5
Cookie Graham Cracker With Chocolate And Marshmallow,Baked Foods,465,18.57,12,202,68.97,2.8,43.87,6.36,0,122,2.46,245,1 suddenly s'mores cookie,19
Cookie Lemon Bar,Baked Foods,432,18.62,68,226,62.49,0.8,42.1,5.01,0.7,42,1.6,65,NULL,NULL
Cookie Marshmallow With Rice Cereal No Bake,Baked Foods,414,9,0,351,80.5,0,19.36,3.4,0,3,2.2,39,NULL,NULL
Cookie Marshmallow And Peanut Butter With Oat Cereal No Bake,Baked Foods,414,9,0,351,80.5,0,19.36,3.4,0,3,2.2,39,NULL,NULL
Cookie Meringue,Baked Foods,339,0.09,0,243,80.75,0,80.35,5.75,0,5,0.1,153,NULL,NULL
Cookie Oatmeal With Chocolate Chips,Baked Foods,457,20.92,0,295,67.56,3.5,31.74,5.72,0,36,2.71,195,1 miniature/bite size,5
Cookie Peanut Butter With Chocolate,Baked Foods,475,25.29,21,356,59.51,3,34.73,7.8,0,39,2.35,241,1 miniature/bite size,5
Cookie Peanut Butter With Rice Cereal No Bake,Baked Foods,414,9,0,351,80.5,0,19.36,3.4,0,3,2.2,39,NULL,NULL
Cookie Shortbread With Icing Or Filling,Baked Foods,515,28.31,0,283,62.6,2.1,27.34,5.05,0,16,2.95,138,1 miniature/bite size,7
Cookie Butter Or Sugar With Fruit And/or Nuts,Baked Foods,466,20.96,94,228,65.08,1.6,22.87,6.59,0.3,37,2.24,201,1 miniature/bite size,5
Cookie Butter Or Sugar With Icing Or Filling Other Than Chocolate,Baked Foods,430,14.62,63,204,72.59,0.4,45.85,3.37,0.5,21,1.21,66,1 miniature/bite size,7
Cookies Puerto Rican Style,Baked Foods,508,24,22,267,66.49,1.5,22.98,5.91,0.6,9,2.67,62,NULL,NULL
Pie Apple One Crust,Baked Foods,242,9.27,0,197,39.01,1.1,24.15,1.8,0,6,0.81,56,"1 pie (9"" dia)",1203
Pie Apple Diet,Baked Foods,227,5.33,0,288,44.71,2.1,26.64,2.13,0,6,1,71,1 individual serving,85
Pie Apricot Two Crust,Baked Foods,278,12.53,0,222,39.13,1.7,18.35,3.16,0,10,1.32,145,"1 pie (9"" dia)",1203
Pie Blackberry Two Crust,Baked Foods,262,12.53,0,209,35.72,3.1,16.29,2.83,0,17,1.29,95,"1 pie (10"" dia)",1521
Pie Blackberry Individual Size Or Tart,Baked Foods,284,14.19,0,284,36.93,3,15.17,3.13,0,17,1.43,94,1 tart,117
Pie Berry Not Blackberry Blueberry Boysenberry Huckleberry Raspberry Or Strawberry; Two Crust,Baked Foods,289,13.78,0,233,39.62,2.1,17.32,2.6,0,8,1.2,57,"1 pie (9"" dia)",1203
Pie Berry Not Blackberry Blueberry Boysenberry Huckleberry Raspberry Or Strawberry; One Crust,Baked Foods,249,10.31,0,177,38.73,2.5,21.59,1.76,0,7,0.83,60,"1 pie (9"" dia)",1096
Pie Berry Not Blackberry Blueberry Boysenberry Huckleberry Raspberry Or Strawberry Individual Size Or Tart,Baked Foods,310,15.52,0,315,40.66,2.1,16,2.96,0,8,1.36,59,1 tart,117
Pie Blueberry One Crust,Baked Foods,213,8.72,0,154,32.59,1.8,17.01,2.22,0,7,1.04,49,"1 pie (9"" dia)",1096
Pie Blueberry Individual Size Or Tart,Baked Foods,287,13.96,0,281,38.84,1.8,17.36,2.82,0,7,1.26,60,1 tart,117
Pie Cherry One Crust,Baked Foods,228,8.56,0,186,36.73,1.2,22.08,2.08,0,10,1.65,77,"1 pie (9"" dia)",1096
Pie Lemon Not Cream Or Meringue,Baked Foods,384,15.52,67,254,57.19,0.9,36.21,5.06,0.4,17,1.59,68,"1 pie (9"" dia)",791
Pie Lemon Not Cream Or Meringue Individual Size Or Tart,Baked Foods,395,16.76,61,277,56.8,1,32.92,5.25,0.3,16,1.74,68,1 tart,117
Pie Mince Individual Size Or Tart,Baked Foods,306,14.44,1,439,42.01,1.6,17.54,3.33,0,24,1.73,142,1 tart,117
Pie Peach One Crust,Baked Foods,232,8.27,0,146,38.49,1.4,23.47,2.22,0,7,0.92,132,"1 pie (9"" dia)",1203
Pie Peach Individual Size Or Tart,Baked Foods,293,14.2,0,303,39.07,1.4,16.36,3.21,0,7,1.4,109,1 tart,117
Pie Pear Two Crust,Baked Foods,267,12.12,0,236,37.99,2,17.7,2.47,0,8,1.14,70,"1 pie (9"" dia)",1203
Pie Pear Individual Size Or Tart,Baked Foods,290,14.08,0,310,39.06,2,16.38,2.82,0,8,1.29,70,1 tart,117
Pie Pineapple Two Crust,Baked Foods,263,12.07,0,219,36.9,1,17.72,2.53,0,10,1.25,63,"1 pie (9"" dia)",1203
Pie Plum Two Crust,Baked Foods,292,13.61,0,233,40.73,1.2,19.4,2.78,0,8,1.26,89,"1 pie (9"" dia)",1203
Pie Prune One Crust,Baked Foods,301,9.64,0,239,51.25,1.4,36.3,3.75,0,10,1,125,"1 pie (9"" dia)",1203
Pie Raisin Two Crust,Baked Foods,251,10.96,0,223,36.93,1.1,17.37,2.62,0,12,1.27,126,"1 pie (9"" dia)",1203
Pie Raisin Individual Size Or Tart,Baked Foods,290,13.54,0,221,40.46,1.3,17.19,3.13,0,13,1.5,130,1 tart,117
Pie Raspberry One Crust,Baked Foods,240,9.62,0,150,37.87,4,21.23,2.13,0,16,1.06,94,"1 pie (9"" dia)",1096
Pie Raspberry Two Crust,Baked Foods,281,13.42,0,223,38.48,3.5,16.84,2.84,0,15,1.36,86,"1 pie (9"" dia)",1203
Pie Rhubarb Two Crust,Baked Foods,296,15.34,0,275,36.8,1.5,10.76,3.25,0,79,1.5,71,"1 pie (9"" dia)",1203
Pie Rhubarb One Crust,Baked Foods,245,10.69,0,192,35.58,1.6,14.88,2.42,0,107,1.14,76,"1 pie (9"" dia)",1096
Pie Rhubarb Individual Size Or Tart,Baked Foods,318,17.09,0,367,37.79,1.5,9.61,3.58,0,72,1.64,70,1 tart,117
Pie Strawberry One Crust,Baked Foods,230,9.58,0,169,34.6,1.8,17.5,2.29,0,13,1.11,108,"1 pie (9"" dia)",1343
Pie Strawberry-Rhubarb Two Crust,Baked Foods,281,14.31,0,255,35.64,1.6,11.81,3.1,0,43,1.45,86,"1 pie (10"" dia)",1521
Pie Strawberry Individual Size Or Tart,Baked Foods,265,12.5,0,222,36.31,1.7,15.34,2.82,0,13,1.34,103,1 tart,117
Pie Apple-Sour Cream,Baked Foods,205,9.22,7,159,29.98,1.3,17.17,1.84,0,27,0.75,99,"1 pie (9"" dia)",1274
Pie Cherry Made With Cream Cheese And Sour Cream,Baked Foods,283,12.95,47,80,39.96,0.6,31.72,3.13,0.1,38,1.02,87,"1 pie (9"" dia)",1274
Pie Banana Cream Individual Size Or Tart,Baked Foods,237,10.82,37,193,31.04,1.1,14,4.49,0.7,56,1.05,158,1 tart,117
Pie Buttermilk,Baked Foods,380,18.08,56,182,51.63,0.4,40.44,4.14,0.3,39,0.98,73,"1 pie (9"" dia)",1154
Pie Chess,Baked Foods,409,20.04,128,235,53.44,0.9,41.48,5.31,0.7,25,1.23,65,"1 pie (9"" dia)",714
Pie Chocolate Cream Individual Size Or Tart,Baked Foods,289,13.83,38,259,36.19,1.5,17.79,5.3,0.2,74,2.14,152,1 tart,117
Pie Coconut Cream Individual Size Or Tart,Baked Foods,225,11.31,52,229,25.46,0.8,11.13,5.45,0.3,79,1.14,135,1 tart,117
Pie Custard Individual Size Or Tart,Baked Foods,172,4.66,55,381,26.5,0.5,11.68,5.74,0.3,86,1.12,136,1 tart,117
Mixed Fruit Tart Filled With Custard Or Cream Cheese,Baked Foods,173,8.8,46,117,21.02,1.4,11.15,3.5,0.5,53,0.68,166,"1 tart (9"" dia)",1265
Dessert Pizza,Baked Foods,209,8.96,9,122,30.94,1.6,15.31,1.92,0.1,23,0.86,144,1 piece,108
Pie Lemon Cream,Baked Foods,267,10.82,54,236,38.65,0.4,27.84,4.61,0.3,68,0.85,114,"1 pie (9"" dia)",1154
Pie Lemon Cream Individual Size Or Tart,Baked Foods,283,12.48,48,261,38.72,0.5,24.99,4.68,0.3,62,1.01,108,1 tart,117
Pie Peanut Butter Cream,Baked Foods,293,14.63,40,314,34.08,1.1,18.63,7.65,0.9,83,1.25,183,"1 pie (9"" dia)",1154
Pie Pineapple Cream,Baked Foods,201,7.65,37,137,29.86,0.5,18.64,3.73,0.6,47,0.93,88,"1 pie (9"" dia)",1154
Pie Raspberry Cream,Baked Foods,198,11.31,20,95,23.12,2.4,13.89,2.46,0.3,21,0.74,89,"1 pie (9"" dia)",1154
Pie Sour Cream Raisin,Baked Foods,354,22.68,58,256,34.55,1.4,13.02,5.05,0.2,60,1.61,220,"1 pie (9"" dia)",1154
Pie Squash,Baked Foods,189,8,38,170,25.88,1.3,15.57,4.16,0.7,58,0.89,153,"1 pie (9"" dia)",1235
Pie Strawberry Cream,Baked Foods,204,10.71,19,82,26.31,1.1,16.98,1.65,0.3,20,0.61,88,"1 pie (10"" dia)",1449
Pie Strawberry Cream Individual Size Or Tart,Baked Foods,240,13.31,16,77,28.73,1.1,14.81,2.23,0.2,18,0.89,84,1 tart,117
Pie Sweet Potato,Baked Foods,260,15.06,59,191,29.03,1.9,16.59,3.26,0.6,44,0.98,169,"1 pie (10"" dia)",1530
Pie Yogurt Frozen,Baked Foods,247,14.22,2,148,27.37,0.6,19.43,3.28,0.7,85,0.6,134,"1 pie (9"" dia)",1154
Pie Chiffon Not Chocolate,Baked Foods,290,11.74,122,203,40.19,0.5,26.71,6.66,0.7,23,1.38,75,"1 pie (9"" dia)",792
Pie Chiffon Chocolate,Baked Foods,325,15,95,203,41.43,1.4,24,6.39,0.5,24,2.17,98,"1 pie (9"" dia)",792
Pie Black Bottom,Baked Foods,308,15.54,68,202,37.47,1.2,21.11,5.45,1,79,2.56,206,"1 pie (9"" dia)",792
Pie Chocolate-Marshmallow,Baked Foods,390,20.64,9,179,47.28,1.6,35.34,4.6,0.3,103,1.36,186,"1 pie (8"" dia)",819
Pie Oatmeal,Baked Foods,390,15.65,67,241,60.17,1.4,42.22,5.08,0.5,23,1.41,76,"1 pie (9"" dia)",915
Pie Pudding Flavors Other Than Chocolate,Baked Foods,224,11.1,7,276,27.12,0.5,12.73,3.85,0.8,76,0.83,107,"1 pie (8"" dia)",885
Pie Pudding Flavors Other Than Chocolate Individual Size Or Tart,Baked Foods,334,17.27,4,330,39.8,1.9,9.9,4.87,0.5,55,1.58,116,1 small tart,117
Pie Pudding Chocolate With Chocolate Coating Individual Size,Baked Foods,389,22.2,1,280,42.96,2,15.87,4.3,0,29,1.79,133,1 individual pie,142
Pie Pudding Flavors Other Than Chocolate With Chocolate Coating Individual Size,Baked Foods,384,21.89,1,277,42.81,2,15.8,4.06,0,28,1.35,89,1 individual pie,142
Pie Toll House Chocolate Chip,Baked Foods,535,39.21,38,310,44.71,2.3,26.98,5.86,0.2,33,2.03,165,"1 pie (9"" dia)",915
Pie Shoo-Fly,Baked Foods,354,11.04,28,210,60.73,0.9,38.76,3.91,0.2,79,2.79,432,"1 pie (9"" dia)",915
Pie Tofu With Fruit,Baked Foods,209,12.03,19,163,22.64,0.8,17.34,4.74,0.3,70,1.05,122,"1 pie (9"" dia)",1154
Blintz Cheese-Filled,Fast Foods,186,7.63,85,452,20.12,0.4,9.51,9.06,0.4,114,1.02,117,1 blintz,70
Blintz Fruit-Filled,Fast Foods,175,6.2,66,198,24.78,0.7,16.43,5.56,0.7,53,1.24,112,1 blintz,70
Cobbler Apple,Baked Foods,195,4.87,0,198,36.47,0.9,23.13,2.31,0,77,0.81,82,1 cup,217
Cobbler Apricot,Baked Foods,188,4.39,1,141,35.77,1.8,22.44,2.63,0.1,64,0.97,191,1 cup,217
Cobbler Berry,Baked Foods,230,5.8,0,201,43.03,1.8,23.68,2.78,0,83,1.15,81,1 cup,217
Cobbler Cherry,Baked Foods,194,5.12,0,201,35.69,1.1,21.37,2.36,0,69,1.68,90,1 cup,217
Cobbler Peach,Baked Foods,199,4.67,0,161,38.15,1.4,23.63,2.48,0,67,0.96,142,1 cup,217
Cobbler Pear,Baked Foods,215,4.88,1,164,42.13,2.4,24.7,2.14,0.1,70,0.93,98,1 cup,217
Cobbler Pineapple,Baked Foods,191,4.6,1,159,36.75,0.8,23.69,1.99,0.1,69,0.96,78,1 cup,217
Cobbler Plum,Baked Foods,200,4.73,1,155,38.35,1.3,24.11,2.28,0.1,65,0.88,123,1 cup,217
Cobbler Rhubarb,Baked Foods,251,6.58,1,224,46.86,1.3,33.13,2.36,0.2,97,0.93,161,1 cup,217
Crisp Apple Apple Dessert,Baked Foods,157,3.45,0,169,30.77,1.6,19.97,1.97,0.1,35,0.8,83,1 cup,246
Fritter Apple,Baked Foods,381,24.45,79,45,34.78,1.3,14.07,6.44,0.8,57,1.61,139,"1 fritter (2-1/2"" long x 1-5/8"" wide)",17
Fritter Banana,Baked Foods,342,21.33,54,47,34.43,2.1,14.29,5.03,0.6,41,1.25,275,"1 fritter (2"" long)",34
Fritter Berry,Baked Foods,342,22.05,65,56,31.44,1.8,12.93,5.62,0.7,49,1.45,121,"1 fritter (1-1/4"" dia)",24
Crisp Blueberry,Baked Foods,256,10.15,0,155,41.15,1.9,27.89,1.88,0.2,6,0.82,61,1 cup,246
Crisp Cherry,Baked Foods,263,7.83,0,353,47.36,1.2,31.27,1.94,0.1,90,1.66,73,1 cup,246
Crisp Peach,Baked Foods,213,6.87,0,321,37.79,1.3,28.9,1.71,0.1,26,0.82,160,1 cup,246
Crisp Rhubarb,Baked Foods,225,6.5,0,325,42.84,1.6,34.28,1.2,0.1,112,0.66,96,1 cup,246
Cream Puff Eclair Custard Or Cream Filled Ns As To Icing,Baked Foods,276,24.36,131,137,10.48,0.3,2.36,4.5,1,41,0.84,76,"1 eclair (5"" x 2"" x 1-3/4"")",102
Cream Puff Eclair Custard Or Cream Filled Not Iced,Baked Foods,260,21.35,135,165,12.47,0.4,2.22,4.92,0.8,35,1.03,71,"1 eclair (5"" x 2"" x 1-3/4"")",90
Cream Puff Eclair Custard Or Cream Filled Iced Reduced Fat,Baked Foods,237,7.03,45,263,41.85,0.8,33.44,3.43,0.2,49,1.02,85,1 eclair frozen,60
Air Filled Fritter Or Fried Puff Without Syrup Puerto Rican Style,Baked Foods,436,23.64,126,588,50.34,0.6,33.95,6.46,1,24,1.61,74,1 turnover,57
Wheat Flour Fritter Without Syrup,Baked Foods,478,41.23,149,230,19.5,0.7,0.22,7.64,1.2,28,1.88,86,1 fritter,22
Sopaipilla Without Syrup Or Honey,Baked Foods,366,19.91,0,899,40.93,1.4,0.14,5.49,0,96,2.64,58,"1 sopaipilla (1 1/2"" x 1 1/2"")",10
Sopaipilla With Syrup Or Honey,Baked Foods,360,15.84,0,662,51.85,1.1,21.82,4.11,0,72,2.06,56,"1 sopaipilla (1 1/2"" x 1 1/2"")",12
Crepe Ns As To Filling,Fast Foods,184,6.96,67,182,26.45,1.2,16.32,4.55,0.8,48,0.94,107,1 crepe with filling any size,80
Crepe Chocolate Filled,Fast Foods,156,5.52,62,191,20.82,0.7,9.26,5.46,1.3,101,0.9,153,1 crepe with filling any size,80
Crepe Fruit Filled,Fast Foods,184,6.96,67,182,26.46,1.2,16.33,4.55,0.8,48,0.94,107,1 crepe with filling any size,80
Tamale Sweet,Baked Foods,257,12.52,0,265,35.67,2.3,15.44,2.22,0,49,1.4,73,1 tamale,34
Tamale Sweet With Fruit,Baked Foods,200,8.48,0,179,31.23,2.1,15.43,1.78,0,36,1.06,127,1 tamale,49
Strudel Berry,Baked Foods,249,6.24,15,151,46.4,2.5,27.06,3.48,0.1,26,1.33,82,"1 piece (approx 2"" - 2-1/2"" square)",64
Strudel Cherry,Baked Foods,280,10.1,12,134,45.06,2.1,28.16,4.36,0.1,33,1.38,156,"1 piece (approx 2"" - 2-1/2"" square)",64
Strudel Cheese,Baked Foods,305,12.83,62,179,37.65,0.7,21.12,10.1,0.3,142,1.33,103,"1 piece (approx 2"" - 2-1/2"" square)",64
Strudel Peach,Baked Foods,204,5.16,13,124,37.67,1.9,23.2,3.14,0.2,22,1.13,153,"1 piece (approx 2"" - 2-1/2"" square)",64
Strudel Pineapple,Baked Foods,249,5.6,14,127,48.19,1.3,33.68,2.8,0.2,18,1.22,91,"1 piece (approx 2"" - 2-1/2"" square)",64
Strudel Cheese And Fruit,Baked Foods,220,8.47,41,118,29.8,0.9,18.46,6.89,0.2,102,1.12,138,"1 piece (approx 2"" - 2-1/2"" square)",64
Baklava,Baked Foods,428,29.13,45,337,37.53,2.6,12.67,6.64,0,40,1.98,167,"1 piece (2"" x 2"" x 1-1/2"")",78
Basbousa,Baked Foods,308,10.4,3,87,50.13,0.8,35.5,4.99,0.2,124,1.08,147,"1 piece (about 3 x 2-1/2"")",82
Turnover Or Dumpling Apple,Baked Foods,348,18.04,0,325,43.6,1.3,15.81,3.64,0,8,1.64,62,1 turnover,82
Turnover Or Dumpling Berry,Baked Foods,353,17.73,0,316,45.55,1.9,16.2,3.79,0,8,1.71,65,1 turnover,78
Turnover Or Dumpling Cherry,Baked Foods,306,15.07,0,279,40.01,1.3,16.45,3.27,0,10,2.01,75,1 turnover,78
Turnover Or Dumpling Lemon,Baked Foods,301,15.63,51,284,37.05,0.7,14.11,3.47,0.3,12,1.38,40,1 turnover,78
Turnover Or Dumpling Peach,Baked Foods,335,16.57,0,331,43.15,1.6,14.94,3.95,0,8,1.73,110,1 turnover,78
Turnover Guava,Baked Foods,307,16.25,0,136,37.48,3.3,14.86,3.98,0,16,1.37,210,1 turnover,78
Turnover Pumpkin,Baked Foods,251,14.34,39,140,25.51,1.6,8.35,5.56,0.8,98,1.69,201,1 turnover,78
Pastry Fruit-Filled,Baked Foods,339,19.24,17,8,39.84,2.7,20.6,4.07,0.1,20,1.52,185,1 pastry,78
Pastry Made With Bean Or Lotus Seed Paste Filling Baked,Baked Foods,333,4.03,45,88,67.89,2.7,36.53,6.81,0.2,19,2.22,116,1 small square moon cake,51
Pastry Made With Bean Paste And Salted Egg Yolk Filling Baked,Baked Foods,333,7.88,222,548,57.24,2.2,30.57,8.38,1.1,38,2.32,115,1 large square moon cake,204
Pastry Chinese Made With Rice Flour,Baked Foods,243,5.92,0,8,45.21,1.1,19.11,2.47,0,20,0.39,55,1 oz,28
Pastry Cookie Type Fried,Baked Foods,390,25.24,102,80,35.44,1,12.92,5.76,1,70,1.56,112,1 pastry,46
Pastry Italian With Cheese,Baked Foods,276,12.03,40,54,32.51,0.8,13.08,9.51,0.2,135,1.4,107,1 pastry,85
Pastry Puff Custard Or Cream Filled Iced Or Not Iced,Baked Foods,409,29.79,39,167,29.87,0.8,4.74,5.84,0.6,44,1.55,87,1 cream horn,57
Cheese Pastry Puffs,Baked Foods,264,19.26,111,557,13.13,0.4,0.27,9.21,0.8,123,1.24,81,"1 puff or cheese straw (5"" long)",6
Pastry Mainly Flour And Water Fried,Baked Foods,430,18.07,0,693,59.3,3.7,15.68,7.75,0,145,3.49,121,NULL,NULL
Empanada Mexican Turnover Fruit-Filled,Baked Foods,316,15.34,7,418,40.04,2,5.46,4.65,0,59,2.24,74,1 cup,142
Empanada  Mexican Turnover Pumpkin,Baked Foods,288,11.63,0,401,41.7,2.1,8.78,4.57,0,67,2.49,119,1 cup,132
Doughnut Cake Type Chocolate Covered Dipped In Peanuts,Baked Foods,418,23,8,371,47.72,2.1,24.54,5.74,0,43,2.48,164,"1 doughnut (3-1/4"" dia)",53
Churros,Baked Foods,481,30.58,7,160,49.8,0.8,27.25,3.02,0,7,1.38,33,1 churro,26
Doughnut Chocolate Raised Or Yeast With Chocolate Icing,Baked Foods,405,19.66,21,232,54,3.6,32.52,5.9,0.1,85,3.19,233,"1 doughnut (approx 3"" dia)",71
Doughnut Chocolate Raised Or Yeast,Baked Foods,412,22.27,29,303,48.39,3.3,21.81,6.68,0.1,101,2.97,210,"1 doughnut (approx 3"" dia)",50
Doughnut Raised Or Yeast Chocolate Covered,Baked Foods,405,19.42,22,238,52.61,2.3,33.43,5.38,0.1,89,2.51,128,"1 doughnut (approx 3"" dia)",71
Doughnut Chocolate Cream-Filled,Baked Foods,354,18.36,25,268,41.66,1.8,20.36,5.48,0.3,102,1.93,113,1 doughnut,65
Doughnut Custard-Filled With Icing,Baked Foods,361,13.95,19,214,55.52,1.3,40.24,4.11,0.2,77,1.43,81,1 doughnut,70
Coffee Cake Crumb Or Quick-Bread Type,Baked Foods,382,17.71,57,338,51.24,1.5,26.56,6.36,0.5,133,2,121,"1 cake (9"" square)",692
Coffee Cake Crumb Or Quick-Bread Type With Fruit,Baked Foods,311,11.3,36,215,50.2,1.3,33.78,4.12,0.3,86,1.29,99,"1 cake (9"" square)",785
Coffee Cake Crumb Or Quick-Bread Type Cheese-Filled,Baked Foods,355,17.25,57,303,44.43,1.3,22.82,7.24,0.4,147,1.77,121,"1 cake (8"" square)",568
Cereal Or Granola Bar With Rice Cereal,Snacks,414,9,0,351,80.5,0,19.36,3.4,0,3,2.2,39,1 bar,28
Breakfast Bar Nfs,Snacks,377,7.5,0,297,72.9,2.1,35.1,4.4,0,41,4.86,197,1 bar,43
Breakfast Bar Cereal Crust With Fruit Filling Lowfat,Snacks,377,7.5,0,297,72.9,2.1,35.1,4.4,0,41,4.86,197,1 bar,37
Nutrition Bar (Clif Kids Organic Zbar),Snacks,409,9.72,0,375,74.72,8.3,30.56,5.55,0,444,2.7,333,1 bar,36
Nutrition Bar (Tiger's Milk),Snacks,422,14.29,2,168,56.46,2.3,36.4,16.8,0,429,10.28,294,1 bar,35
Nutrition Bar (Zone Perfect Classic Crunch),Snacks,422,14,8,520,45,2,27,30,0,200,3.6,250,1 bar,50
Nutrition Bar Or Meal Replacement Bar Nfs,Snacks,422,14,8,520,45,2,27,30,0,200,3.6,250,1 bar,34
Cookie Teething Baby,Baby Foods,392,4.2,7,285,76.4,1.4,12.65,10.7,0.5,263,3.55,323,"1 medium cookie (3"" x 1"")",11
Crackers Breakfast Biscuit,Snacks,427,15.06,0,397,71.01,7.3,22.83,7.12,0,46,3.94,276,1 biscuit nfs,15
Crackers Saltine Reduced Sodium,Snacks,416,8.75,0,646,73.48,2.9,2.19,9.39,0,118,5.07,716,1 cracker,3
Crackers Flatbread,Snacks,412,8.25,0,632,75.23,10.2,2.92,9.85,0,24,3.51,224,1 flatbread,10
Crackers Rice And Nuts,Snacks,429,8.85,0,360,77.41,0.8,0.37,10.78,0,21,0.29,278,1 cracker,3
Rice Paper,Snacks,329,1.21,0,310,72.54,2.1,0.27,5.07,0,10,0.38,65,"1 small paper (6-3/8"" dia)",5
Crackers Sandwich Peanut Butter Filled (Ritz),Snacks,482,25,0,575,57.14,2.5,10,7.5,0,0,2.7,110,1 sandwich,7
Crackers Sandwich Cheese Filled (Ritz),Snacks,479,25.09,1,595,56.05,2.5,9.92,7.66,0,11,2.65,112,1 sandwich,7
Crackers Woven Wheat,Snacks,441,15.26,0,702,70.14,8.6,8.34,8.94,0,64,2.99,314,1 cracker,5
Crackers Woven Wheat Plain (Triscuit),Snacks,441,15.26,0,702,70.14,8.6,8.34,8.94,0,64,2.99,314,1 cracker,5
Crackers Woven Wheat Flavored (Triscuit),Snacks,441,15.26,0,702,70.14,8.6,8.34,8.94,0,64,2.99,314,1 cracker,5
Crackers Wheat,Snacks,441,15.26,0,702,70.14,8.6,8.34,8.94,0,64,2.99,314,1 cracker,3
Crackers Wheat Plain (Wheat Thins),Snacks,441,15.26,0,702,70.14,8.6,8.34,8.94,0,64,2.99,314,1 cracker,3
Crackers Wheat Flavored (Wheat Thins),Snacks,441,15.26,0,702,70.14,8.6,8.34,8.94,0,64,2.99,314,1 cracker,3
Finger Foods Puffs Baby Food,Baby Foods,389,2.3,0,13,85.79,3.8,17.84,6.19,0,535,24.74,196,10 pieces,1
Corn Chips Plain,Snacks,534,33.1,0,818,56.45,4,0.27,6.12,0,137,1.19,143,1 chip,1
Corn Chips Flavored,Snacks,542,34.02,0,509,56.34,4,0.27,6.11,0,137,1.19,143,1 chip,1
Corn Chips Plain (Fritos),Snacks,538,33.36,0,514,56.9,4,0.27,6.17,0,138,1.2,144,1 chip,1
Corn Chips Flavored (Fritos),Snacks,535,33.19,0,704,56.62,4,0.27,6.14,0,137,1.2,143,1 chip,1
Cheese Flavored Corn Snacks,Snacks,560,36.01,7,942,53.53,1.4,3.19,5.85,0.1,56,2.53,182,1 piece,2
Cheese Flavored Corn Snacks (Cheetos),Snacks,560,36.01,7,942,53.53,1.4,3.19,5.85,0.1,56,2.53,182,1 piece,2
Corn Chips Reduced Sodium,Snacks,548,33.63,0,295,56.54,3.9,0.41,6.84,0,126,1.16,164,1 chip,1
Tortilla Chips Popped,Snacks,438,11.19,0,587,74.18,4.9,0.79,10.19,0,148,1.49,252,1 chip,2
Tortilla Chips Cool Ranch Flavor (Doritos),Snacks,470,20.58,0,519,67.44,5.4,0.78,7.06,0,106,1.51,181,1 chip,3
Tortilla Chips Reduced Fat Plain,Snacks,411,5.63,0,512,79.07,5.2,0.84,10.86,0,157,1.58,269,1 chip,2
Tortilla Chips Reduced Fat Flavored,Snacks,411,5.63,0,512,79.07,5.2,0.84,10.86,0,157,1.58,269,1 chip,2
Tortilla Chips Reduced Sodium,Snacks,489,19.84,0,13,68.08,4.5,0.72,9.35,0,135,1.36,231,1 chip,2
Snack Mix,Snacks,501,25.61,2,757,62.68,3.3,1.77,7,0,81,2.37,181,1 cup,60
Popcorn Nfs,Snacks,538,31.07,0,763,55.99,10.1,0.3,8.69,0,23,2,431,1 regular microwave bag,85
Popcorn Movie Theater With Added Butter,Snacks,656,58.78,52,757,31.65,5.4,0.29,4.96,0,7,1.56,124,1 kids size order,84
Popcorn Movie Theater Unbuttered,Snacks,603,48.7,0,763,39.87,6.9,0.37,6.18,0,8,1.96,155,1 kids size order,66
Popcorn Air-Popped Unbuttered,Snacks,385,4.52,0,162,77.47,14.4,0.87,12.89,0,7,3.18,328,1 cup popped,8
Popcorn Air-Popped With Added Butter Or Margarine,Snacks,425,14.87,20,238,65.75,12.2,0.74,11.02,0.2,9,2.7,282,1 cup popped,11
Popcorn Popped In Oil Unbuttered,Snacks,498,27.99,0,157,57.87,10,0.54,8.96,0,10,2.77,224,1 cup popped,11
Popcorn Popped In Oil With Added Butter Or Margarine,Snacks,520,34.77,20,233,49.13,8.4,0.46,7.69,0.2,12,2.35,194,1 cup popped,14
Popcorn Microwave Nfs,Snacks,538,31.07,0,763,55.99,10.1,0.3,8.69,0,23,2,431,1 regular microwave bag,85
Popcorn Microwave Plain,Snacks,538,31.07,0,763,55.99,10.1,0.3,8.69,0,23,2,431,1 regular microwave bag,85
Popcorn Microwave Plain Light,Snacks,421,9.43,0,806,71.5,14.1,0.91,12.51,0,11,2.27,239,1 regular microwave bag,85
Popcorn Microwave Low Sodium,Snacks,496,27.88,0,311,57.64,9.9,0.54,8.93,0,10,2.76,223,1 regular microwave bag,85
Popcorn Microwave Unsalted,Snacks,496,27.88,0,311,57.64,9.9,0.54,8.93,0,10,2.76,223,1 regular microwave bag,85
Popcorn Microwave Butter Flavored,Snacks,538,31.07,0,763,55.99,10.1,0.3,8.69,0,23,2,431,1 regular microwave bag,85
Popcorn Microwave Butter Flavored Light,Snacks,421,9.43,0,806,71.5,14.1,0.91,12.51,0,11,2.27,239,1 regular microwave bag,85
Popcorn Microwave Cheese Flavored,Snacks,536,30.95,0,914,55.77,10.1,0.3,8.65,0,23,1.99,429,1 regular microwave bag,85
Popcorn Microwave Kettle Corn,Snacks,516,27.06,0,424,58.26,11.1,2.3,9.88,0,9,1.79,189,1 regular microwave bag,85
Popcorn Microwave Kettle Corn Light,Snacks,422,9.31,0,529,72.38,13.9,2.48,12.35,0,11,2.24,236,1 regular microwave bag,85
Popcorn Microwave Other Flavored,Snacks,536,30.95,0,914,55.77,10.1,0.3,8.65,0,23,1.99,429,1 regular microwave bag,85
Popcorn Ready-To-Eat Packaged Nfs,Snacks,530,32.53,0,765,53.38,10,0.6,8.88,0,5,2.2,226,1 cup,14
Popcorn Ready-To-Eat Packaged Plain,Snacks,482,23.26,0,617,61.24,11.4,0.68,10.19,0,6,2.52,259,1 cup,11
Popcorn Ready-To-Eat Packaged Plain Light,Snacks,437,14.92,0,601,68.08,12.7,0.76,11.33,0,6,2.8,288,1 cup,8
Popcorn Ready-To-Eat Packaged Low Sodium,Snacks,486,23.44,0,314,61.73,11.5,0.69,10.27,0,6,2.53,261,1 cup,11
Popcorn Ready-To-Eat Packaged Unsalted,Snacks,486,23.44,0,314,61.73,11.5,0.69,10.27,0,6,2.53,261,1 cup,11
Popcorn Ready-To-Eat Packaged Butter Flavored,Snacks,530,32.53,0,765,53.38,10,0.6,8.88,0,5,2.2,226,1 cup,14
Popcorn Ready-To-Eat Packaged Butter Flavored Light,Snacks,435,14.85,0,767,67.78,12.6,0.76,11.28,0,7,2.79,287,1 cup,8
Popcorn Ready-To-Eat Packaged Cheese Flavored Light,Snacks,435,14.85,0,767,67.78,12.6,0.76,11.28,0,7,2.79,287,1 cup,8
Popcorn Ready-To-Eat-Packaged Kettle Corn,Snacks,527,30.13,0,496,61.11,6.1,28.52,5.48,0,4,1.37,140,1 cup,14
Popcorn Ready-To-Eat Packaged Kettle Corn Light,Snacks,433,13.01,0,503,73.49,10,20.3,8.94,0,5,2.22,228,1 cup,8
Popcorn Caramel Coated,Snacks,428,12.7,0,512,78.47,5.2,52.77,3.77,0,43,1.73,108,1 cup,35
Popcorn Caramel Coated With Nuts,Snacks,397,7.74,0,483,80.06,3.8,45,6.35,0,66,3.88,352,1 cup,42
Popcorn Chips Plain,Snacks,438,11.19,0,587,74.18,4.9,0.79,10.19,0,148,1.49,252,1 chip,1
Popcorn Chips Other Flavors,Snacks,438,11.19,0,587,74.18,4.9,0.79,10.19,0,148,1.49,252,1 chip,1
Popcorn Chips Sweet Flavors,Snacks,454,13.48,0,243,74.63,4.2,11.59,8.75,0,127,1.28,217,1 chip,1
Pretzels Hard Plain Lightly Salted,Snacks,382,3.22,0,745,79.8,3.1,2.21,9.57,0,32,4.45,184,1 miniature/bite size,2
Pretzels Hard Flavored,Snacks,388,3.88,0,1302,79.44,3.4,2.18,9.92,0,27,4.53,220,1 miniature/bite size,2
Pretzels Hard Multigrain,Snacks,381,2.96,0,1216,80.08,4.2,2.17,10.15,0,28,4.7,242,1 miniature/bite size,2
Pretzels Hard Flavored Gluten Free,Snacks,393,7.58,0,1625,77.69,3.3,4.17,3.48,0,0,0.46,68,1 pretzel stick,1
Pretzel Chips Hard Plain,Snacks,375,2.86,0,2155,78.43,3.3,2.16,9.8,0,27,4.48,218,1 pretzel chip/crisp/thin,3
Pretzel Chips Hard Flavored,Snacks,370,2.82,0,2579,77.52,3.3,2.13,9.68,0,27,4.43,215,1 pretzel chip/crisp/thin,3
Pretzel Chips Hard Gluten Free,Snacks,380,6.51,0,2474,76.7,3.2,4.12,3.43,0,1,0.46,68,1 pretzel chip/crisp/thin,3
Pretzels Hard White Chocolate Coated,Snacks,442,14.12,8,443,74.77,1.2,44.09,5.94,0,94,1.82,172,1 miniature/bite size,4
Pretzels Hard Yogurt Coated,Snacks,435,12.1,0,442,76.64,1.1,45.42,5.94,0,96,1.78,173,1 miniature/bite size,4
Pretzels Hard Coated Gluten Free,Snacks,449,15.5,8,663,75.14,1.4,45.25,3.76,0,80,0.29,142,1 miniature/bite size,4
Pretzels Hard Peanut Butter Filled,Snacks,454,19,0,1119,60.79,3.9,4.95,14.04,0,34,3.62,333,1 miniature/bite size,3
Pretzels Soft Nfs,Snacks,341,4.03,3,803,68.23,1.7,0.25,8.07,0,23,3.86,87,1 bite size/nugget,14
Pretzels Soft Ready-To-Eat Nfs,Snacks,341,4.03,3,803,68.23,1.7,0.25,8.07,0,23,3.86,87,1 bite size/nugget,14
Pretzels Soft Ready-To-Eat Salted Buttered,Snacks,341,4.03,3,803,68.23,1.7,0.25,8.07,0,23,3.86,87,1 bite size/nugget,14
Pretzels Soft Ready-To-Eat Unsalted Buttered,Snacks,350,4.05,3,250,70.34,1.7,0.25,8.12,0,23,3.88,87,1 bite size/nugget,14
Pretzels Soft Ready-To-Eat Salted No Butter,Snacks,336,3.08,0,811,68.91,1.7,0.25,8.14,0,23,3.9,87,1 bite size/nugget,14
Pretzels Soft Ready-To-Eat Cinnamon Sugar Coated,Snacks,371,6.08,10,248,74.07,2.1,19.74,6.22,0,32,3.08,73,1 bite size/nugget,14
Pretzels Soft Ready-To-Eat Coated Or Flavored,Snacks,365,7.75,13,898,66.03,1.6,0.23,7.88,0,30,3.65,84,1 bite size/nugget,14
Pretzels Soft Ready-To-Eat Topped With Meat,Snacks,351,9.94,19,433,53.65,1.3,0.53,11.56,0.2,97,3.13,129,1 bite size/nugget,14
Pretzels Soft Ready-To-Eat Topped With Cheese,Snacks,338,5.28,8,306,62.5,1.5,0.46,10.23,0.1,111,3.44,101,1 bite size/nugget,14
Pretzels Soft From Frozen Nfs,Snacks,341,4.03,3,803,68.23,1.7,0.25,8.07,0,23,3.86,87,1 medium/regular,71
Pretzels Soft From Frozen Salted,Snacks,336,3.08,0,811,68.91,1.7,0.25,8.14,0,23,3.9,87,1 medium/regular,71
Pretzels Soft From Frozen Cinnamon Sugar Coated,Snacks,371,6.08,10,248,74.07,2.1,19.74,6.22,0,32,3.08,73,1 medium/regular,71
Pretzels Soft From Frozen Coated Or Flavored,Snacks,365,7.75,13,898,66.03,1.6,0.23,7.88,0,30,3.65,84,1 medium/regular,71
Pretzels Soft From Frozen Topped With Meat,Snacks,351,9.94,19,433,53.65,1.3,0.53,11.56,0.2,97,3.13,129,1 medium/regular,71
Pretzels Soft From Frozen Topped With Cheese,Snacks,338,5.28,8,306,62.5,1.5,0.46,10.23,0.1,111,3.44,101,1 medium/regular,71
Pretzels Soft Filled With Cheese,Snacks,338,5.28,8,306,62.5,1.5,0.46,10.23,0.1,111,3.44,101,1 medium/regular,99
Pretzels Soft From School Lunch,Snacks,339,3.16,0,240,70.73,3.7,0.26,8.55,0,25,4.24,140,1 medium/regular,71
Pretzels Soft Multigrain,Snacks,332,3.16,0,519,69.16,3.7,0.26,8.55,0,25,4.24,140,1 small,62
Pretzels Soft Gluten Free,Snacks,297,5.74,0,839,57.27,4,3.77,4.03,0,90,1.87,73,1 medium/regular,95
Pretzels Soft Gluten Free Cinnamon Sugar Coated,Snacks,336,8.07,10,631,63.83,3.8,22.41,3.1,0,83,1.54,62,1 medium/regular,95
Pretzels Soft Gluten Free Coated Or Flavored,Snacks,326,10.37,13,809,54.16,3.7,3.56,4.09,0,93,1.77,71,1 medium/regular,95
Snack Mix Plain (Chex Mix),Snacks,428,10,4,696,75.69,5.8,7.35,8.83,0,50,4.4,209,1 cup,60
Pancakes Nfs,Fast Foods,278,11.87,60,652,35.31,2.1,7.17,7.4,1,204,1.48,167,1 miniature/bite size pancake,10
Pancakes Plain Reduced Fat From Fozen,Fast Foods,262,9.54,61,667,36.09,2.2,7.33,7.56,1,208,1.51,171,1 miniature/bite size pancake,10
Pancakes With Fruit From Frozen,Fast Foods,224,6.52,17,438,36.47,1.1,8.33,4.99,0,74,5.4,88,1 miniature/bite size pancake,10
Pancakes With Chocolate From Frozen,Fast Foods,248,7.97,18,442,38.83,1.1,10.48,5.35,0,84,5.5,104,1 miniature/bite size pancake,10
Pancakes Whole Grain From Frozen,Fast Foods,232,6.75,17,447,38.55,2.3,8.08,5.54,0,78,5.82,123,1 miniature/bite size pancake,10
Pancakes Whole Grain Reduced Fat From Frozen,Fast Foods,232,6.75,17,447,38.55,2.3,8.08,5.54,0,78,5.82,123,1 miniature/bite size pancake,10
Pancakes Plain From Fast Food / Restaurant,Fast Foods,303,15.29,58,683,34.13,2.1,6.93,7.15,0.9,197,1.44,162,1 miniature/bite size pancake,10
Pancakes With Fruit From Fast Food / Restaurant,Fast Foods,250,12.12,45,535,29.82,2.3,7.58,5.7,0.7,156,1.17,139,1 miniature/bite size pancake,10
Pancakes With Chocolate From Fast Food / Restaurant,Fast Foods,357,18.52,53,586,40.01,2.4,15.76,7.45,0.8,201,1.65,207,1 miniature/bite size pancake,10
Pancakes Whole Grain From Fast Food / Restaurant,Fast Foods,296,15.61,60,758,31.73,3.1,6.77,7.58,1,131,3.08,236,1 miniature/bite size pancake,10
Pancakes Whole Grain And Nuts From Fast Food / Restaurant,Fast Foods,351,22.98,53,677,30.09,4,6.55,7.92,0.8,126,3.06,262,1 miniature/bite size pancake,10
Pancakes From School Nfs,Fast Foods,231,6.57,16,415,40.43,5.2,7.53,6.26,0,78,6.16,199,1 miniature/bite size pancake,10
Pancakes Plain,Fast Foods,278,11.87,60,652,35.31,2.1,7.17,7.4,1,204,1.48,167,1 miniature/bite size pancake,10
Pancakes With Fruit,Fast Foods,230,9.39,47,507,30.62,2.4,7.79,5.85,0.7,160,1.2,143,1 miniature/bite size pancake,10
Pancakes Pumpkin,Fast Foods,238,9.92,50,543,30.94,2.3,6.61,6.36,0.8,175,1.5,180,1 miniature/bite size pancake,10
Pancakes With Chocolate,Fast Foods,338,15.77,54,557,41.17,2.4,16.21,7.67,0.8,207,1.7,213,1 miniature/bite size pancake,10
Pancakes Buckwheat,Fast Foods,267,12.66,62,342,31.73,3.5,5.66,8,1,265,2.21,223,1 miniature/bite size pancake,10
Pancakes Cornmeal,Fast Foods,202,5.91,35,655,32,1.3,3.8,4.76,0.5,132,1.95,91,1 miniature/bite size pancake,10
Pancakes Whole Grain,Fast Foods,271,12.1,62,729,32.87,3.2,7.01,7.85,1,135,3.18,245,1 miniature/bite size pancake,10
Pancakes Whole Grain Reduced Fat,Fast Foods,253,9.69,63,745,33.62,3.3,7.17,8.03,1,139,3.25,250,1 miniature/bite size pancake,10
Waffle Plain Reduced Fat From Frozen,Fast Foods,289,6.96,43,511,46.19,1.5,3.84,9.37,1.1,99,2.8,175,1 miniature/bite size waffle,10
Waffle Fruit From Frozen,Fast Foods,296,9.05,12,504,46.58,2.6,4.61,7.07,0,284,6.27,134,1 miniature/bite size waffle,10
Waffle Chocolate From Frozen,Fast Foods,320,10.5,14,507,48.94,2.6,6.76,7.43,0,294,6.38,150,1 miniature/bite size waffle,10
Waffle Whole Grain From Frozen,Fast Foods,288,8.39,0,529,46.7,4.1,4.08,6.78,0,136,6.12,156,1 miniature/bite size waffle,10
Waffle Whole Grain Fruit From Frozen,Fast Foods,277,8.02,0,504,45.06,4,4.28,6.48,0,130,5.83,151,1 miniature/bite size waffle,10
Waffle Plain From Fast Food / Restaurant,Fast Foods,422,26.14,66,779,38.91,2.4,7.9,8.15,1.1,225,1.65,184,1 miniature/bite size waffle,10
Waffle Chocolate From Fast Food / Restaurant,Fast Foods,476,28.67,61,675,46.09,2.7,18.15,8.59,0.9,232,1.92,238,1 miniature/bite size waffle,10
Waffle Fruit From Fast Food / Restaurant,Fast Foods,350,20.92,52,618,34.46,2.7,8.76,6.59,0.8,180,1.36,160,1 miniature/bite size waffle,10
Waffle Whole Grain From Fast Food / Restaurant,Fast Foods,416,26.73,68,863,36.12,3.5,7.7,8.63,1.1,149,3.52,269,1 miniature/bite size waffle,10
Waffle Plain,Fast Foods,368,18.59,70,766,41.49,2.5,8.42,8.69,1.1,240,1.74,196,1 miniature/bite size waffle,10
Waffle Fruit,Fast Foods,304,14.74,55,600,36.24,2.8,9.22,6.93,0.9,190,1.42,169,1 miniature/bite size waffle,10
Waffle Chocolate,Fast Foods,433,22.5,64,659,48.63,2.9,19.15,9.06,0.9,245,2.01,252,1 miniature/bite size waffle,10
Waffle Cinnamon,Fast Foods,368,18.55,70,764,41.66,2.7,8.41,8.68,1.1,242,1.77,197,1 miniature/bite size waffle,10
Waffle Cornmeal,Fast Foods,264,11.38,52,480,33.04,1.2,5.71,6.84,0.3,158,1.98,161,1 miniature/bite size waffle,10
Waffle Whole Grain,Fast Foods,360,18.98,73,855,38.58,3.8,8.23,9.21,1.2,159,3.74,287,1 miniature/bite size waffle,10
Waffle Plain Reduced Fat,Fast Foods,338,14.41,73,792,42.88,2.6,8.7,8.98,1.2,248,1.8,203,1 miniature/bite size waffle,10
Waffle Whole Grain Reduced Fat,Fast Foods,329,14.69,75,885,39.92,3.9,8.52,9.53,1.2,164,3.86,297,1 miniature/bite size waffle,10
French Toast Nfs,Fast Foods,270,10.95,160,330,32.37,1.4,10.33,10.12,1,112,2.55,140,1 slice any size,65
French Toast Plain From Frozen,Fast Foods,181,3.58,61,266,29.98,1.3,9.25,6.98,0.6,106,2,116,1 bite size,10
French Toast Whole Grain From Frozen,Fast Foods,180,3.88,61,254,28.02,2.6,9.01,8.21,0.6,114,1.76,146,1 bite size,10
French Toast Gluten Free From Frozen,Fast Foods,173,4.49,61,245,28.25,2,8.23,4.83,0.6,104,1.53,92,1 bite size,10
French Toast Plain From Fast Food / Restaurant,Fast Foods,306,13.74,132,391,35.78,1.6,10.32,9.54,0.9,116,2.66,134,1 slice any size,85
French Toast Whole Grain From Fast Food / Restaurant,Fast Foods,304,14.11,132,376,33.39,3.1,10.03,11.05,0.9,125,2.38,171,1 slice any size,85
French Toast From School Nfs,Fast Foods,160,3.69,69,261,22.37,2.9,3.52,9.25,0.7,121,1.54,188,1 bite size,10
French Toast Plain,Fast Foods,270,10.95,160,330,32.37,1.4,10.33,10.12,1,112,2.55,140,1 slice any size,65
French Toast Plain Reduced Fat,Fast Foods,237,6.22,164,327,34.05,1.4,10.87,10.64,1.1,117,2.68,147,1 slice any size,65
French Toast Whole Grain,Fast Foods,269,11.26,160,317,30.3,2.7,10.09,11.43,1,120,2.31,172,1 slice any size,65
French Toast Whole Grain Reduced Fat,Fast Foods,236,6.55,164,313,31.88,2.8,10.61,12.01,1.1,126,2.42,181,1 slice any size,65
French Toast Gluten Free,Fast Foods,261,11.9,160,308,30.55,2.2,9.26,7.85,1,109,2.06,115,1 slice any size,65
French Toast Sticks Nfs,Fast Foods,283,9.6,18,494,41.92,2,11.96,7.06,0.4,85,1.98,115,1 stick,25
French Toast Sticks Plain From Frozen,Fast Foods,283,9.6,18,494,41.92,2,11.96,7.06,0.4,85,1.98,115,1 stick,45
French Toast Sticks Plain From Fast Food / Restaurant,Fast Foods,400,20.87,0,471,48.48,1.6,11.64,7.06,0,62,2.26,131,1 stick,25
French Toast Sticks From School Nfs,Fast Foods,160,3.69,69,261,22.37,2.9,3.52,9.25,0.7,121,1.54,188,1 stick,25
French Toast Sticks Whole Grain,Fast Foods,269,11.26,160,317,30.3,2.7,10.09,11.43,1,120,2.31,172,1 stick,45
Fried Bread Puerto Rican Style,Fast Foods,257,8.19,56,277,41.83,0.5,31.33,5.01,0.6,51,1.2,90,"2 fritters with syrup (4"" x 2-1/2"" x 3-1/4"")",110
Crepe Nfs,Fast Foods,223,10.95,138,287,21.72,0.6,4.66,8.74,1.4,93,1.69,156,1 crepe any size,80
Crepe Plain,Fast Foods,223,10.95,138,287,21.72,0.6,4.66,8.74,1.4,93,1.69,156,1 crepe any size,65
Chinese Pancake,Fast Foods,207,0.38,0,5,45.38,0.7,0.07,4.05,0,17,2.32,62,1 pancake,28
Flour And Water Gravy,Soups and Sauces,80,0.22,0,106,16.72,0.6,0.06,2.26,0,6,1.02,23,1 cup,240
Dumpling Fried Puerto Rican Style,Prepared Meals,371,23.52,1,578,34.41,1.1,2.1,5.66,0.4,145,2.15,110,1 small dumpling,16
Dumpling Plain,Baked Foods,124,3.22,2,429,20.25,0.7,1.27,3.3,0.3,139,1.34,60,1 small,18
Cake Made With Glutinous Rice,Prepared Meals,276,6.45,0,35,53.78,1.2,31.12,2.22,0,24,0.55,85,1 oz,28
Cake Or Pancake Made With Rice Flour And/or Dried Beans,Prepared Meals,128,0.35,0,252,24.98,5.8,1.85,6.36,0,10,0.89,233,"1 idli (2-1/4"" dia)",38
Dosa (Indian) Plain,Fast Foods,209,3.96,0,309,37.08,1.8,0.3,5.7,0,16,2.2,104,1 small,35
Cake Made With Glutinous Rice And Dried Beans,Prepared Meals,187,0.34,0,974,37.34,3.2,1.58,8.29,0,29,1.14,238,1 piece,16
Funnel Cake With Sugar,Baked Foods,349,16.26,58,284,43.12,1,16.04,7.65,1.1,133,2,154,"1 cake (6"" dia)",90
Funnel Cake With Sugar And Fruit,Baked Foods,377,15.48,42,216,54.91,0.9,21.38,5.68,0.8,100,1.57,131,"1 cake (6"" dia)",135
Pasta Vegetable Cooked,Grains and Pasta,128,0.11,0,99,26.55,4.3,1.15,4.52,0,11,0.49,31,1 cup cooked,140
Noodles Cooked,Grains and Pasta,137,2.06,29,236,25.01,1.2,0.4,4.51,0.1,12,1.46,38,1 cup cooked,160
Noodles Whole Grain Cooked,Grains and Pasta,148,1.7,0,211,29.91,3.9,0.75,5.96,0,13,1.71,96,1 cup cooked,160
Noodles Vegetable Cooked,Grains and Pasta,131,1.56,33,243,24.1,2.3,0.71,5.01,0.1,19,1.08,37,1 cup cooked,160
Long Rice Noodles Made From Mung Beans Cooked,Grains and Pasta,84,0.01,0,5,20.66,0.1,0,0.04,0,7,0.44,2,1 cup cooked,190
Pasta Cooked,Grains and Pasta,157,0.92,0,232,30.68,1.8,0.56,5.76,0,7,1.27,44,1 cup cooked,140
Pasta Whole Grain Cooked,Grains and Pasta,148,1.7,0,235,29.89,3.9,0.75,5.95,0,13,1.71,95,1 cup cooked,140
Cereal Cooked Nfs,Breakfast Cereals,64,1.09,0,70,11.36,1.7,0.17,2.21,0,12,0.68,58,1 cup cooked,240
Barley Ns As To Fat Added In Cooking,Grains and Pasta,122,0.44,0,187,28.09,3.8,0.28,2.25,0,11,1.32,93,1 cup cooked,170
Barley Fat Not Added In Cooking,Grains and Pasta,122,0.44,0,187,28.09,3.8,0.28,2.25,0,11,1.32,93,1 cup cooked,170
Barley Fat Added In Cooking,Grains and Pasta,138,2.66,4,202,27.24,3.7,0.27,2.2,0,11,1.28,91,1 cup cooked,170
Buckwheat Groats Ns As To Fat Added In Cooking,Grains and Pasta,92,0.62,0,150,19.86,2.7,0.9,3.37,0,7,0.8,88,1 cup cooked,170
Buckwheat Groats Fat Not Added In Cooking,Grains and Pasta,92,0.62,0,150,19.86,2.7,0.9,3.37,0,7,0.8,88,1 cup cooked,170
Buckwheat Groats Fat Added In Cooking,Grains and Pasta,112,3.33,0,173,18.99,2.6,0.86,3.22,0.1,8,0.76,85,1 cup cooked,170
Grits Ns As To Regular Quick Or Instant Ns As To Fat Added In Cooking,Breakfast Cereals,70,1.78,3,82,12.2,0.7,0.09,1.19,0,4,0.45,21,1 cup cooked,240
Grits Ns As To Regular Quick Or Instant Fat Not Added In Cooking,Breakfast Cereals,58,0.28,0,70,12.41,0.7,0.09,1.2,0,4,0.46,21,1 cup cooked,240
Grits Ns As To Regular Quick Or Instant Fat Added In Cooking,Breakfast Cereals,70,1.78,3,82,12.2,0.7,0.09,1.19,0,4,0.45,21,1 cup cooked,240
Grits Regular Or Quick Made With Water Ns As To Fat Added In Cooking,Breakfast Cereals,70,1.78,3,82,12.2,0.7,0.09,1.19,0,4,0.45,21,1 cup cooked,240
Grits Regular Or Quick Made With Water Fat Not Added In Cooking,Breakfast Cereals,58,0.28,0,70,12.41,0.7,0.09,1.2,0,4,0.46,21,1 cup cooked,240
Grits Regular Or Quick Made With Water Fat Added In Cooking,Breakfast Cereals,70,1.78,3,82,12.2,0.7,0.09,1.19,0,4,0.45,21,1 cup cooked,240
Grits Regular Or Quick Made With Milk Ns As To Fat Added In Cooking,Breakfast Cereals,121,3.82,10,123,17.05,0.7,5.17,4.46,1.3,120,0.47,162,1 cup cooked,240
Grits Regular Or Quick Made With Milk Fat Not Added In Cooking,Breakfast Cereals,110,2.36,8,111,17.35,0.7,5.26,4.53,1.3,121,0.48,164,1 cup cooked,240
Grits Regular Or Quick Made With Milk Fat Added In Cooking,Breakfast Cereals,121,3.82,10,123,17.05,0.7,5.17,4.46,1.3,120,0.47,162,1 cup cooked,240
Grits Regular Or Quick Made With Non-Dairy Milk Ns As To Fat Added In Cooking,Breakfast Cereals,102,3.03,3,137,16.14,0.9,3.33,2.31,1.1,172,0.8,96,1 cup cooked,240
Grits Regular Or Quick Made With Non-Dairy Milk Fat Not Added In Cooking,Breakfast Cereals,90,1.55,0,125,16.43,0.9,3.39,2.34,1,175,0.81,98,1 cup cooked,240
Grits Regular Or Quick Made With Non-Dairy Milk Fat Added In Cooking,Breakfast Cereals,102,3.03,3,137,16.14,0.9,3.33,2.31,1.1,172,0.8,96,1 cup cooked,240
Grits With Cheese Ns As To Fat Added In Cooking,Breakfast Cereals,107,5.16,13,144,11.43,0.6,0.13,3.51,0.1,79,0.42,27,1 cup cooked,240
Grits With Cheese Fat Not Added In Cooking,Breakfast Cereals,96,3.84,11,134,11.61,0.7,0.13,3.56,0.1,80,0.43,27,1 cup cooked,240
Grits With Cheese Fat Added In Cooking,Breakfast Cereals,107,5.16,13,144,11.43,0.6,0.13,3.51,0.1,79,0.42,27,1 cup cooked,240
Grits Instant Made With Water Fat Not Added In Cooking,Breakfast Cereals,65,0.4,0,215,14.84,0.8,0.29,1.38,0,74,7.33,26,1 cup cooked,240
Grits Instant Made With Water Fat Added In Cooking,Breakfast Cereals,84,2.76,4,230,14.36,0.8,0.28,1.36,0.1,72,7.09,26,1 cup cooked,240
Grits Instant Made With Water Ns As To Fat Added In Cooking,Breakfast Cereals,84,2.76,4,230,14.36,0.8,0.28,1.36,0.1,72,7.09,26,1 cup cooked,240
Grits Instant Made With Milk Fat Added In Cooking,Breakfast Cereals,124,4.37,10,262,18.17,0.8,4.26,3.92,1,163,7.11,136,1 cup cooked,240
Grits Instant Made With Milk Fat Not Added In Cooking,Breakfast Cereals,106,2.06,6,248,18.77,0.8,4.41,4.03,1,168,7.35,140,1 cup cooked,240
Grits Instant Made With Milk Ns As To Fat Added In Cooking,Breakfast Cereals,124,4.37,10,262,18.17,0.8,4.26,3.92,1,163,7.11,136,1 cup cooked,240
Grits Instant Made With Non-Dairy Milk Ns As To Fat Added In Cooking,Breakfast Cereals,109,3.74,4,272,17.46,0.9,2.82,2.23,0.9,204,7.37,85,1 cup cooked,240
Instant Grits (Made with Vegetable Fat),Breakfast Cereals,91,1.42,0,259,18.04,0.9,2.92,2.29,0.8,210,7.62,86,1 cup cooked,240
Grits Instant Made With Non-Dairy Milk Fat Added In Cooking,Breakfast Cereals,109,3.74,4,272,17.46,0.9,2.82,2.23,0.9,204,7.37,85,1 cup cooked,240
Cornmeal Mush Ns As To Fat Added In Cooking,Breakfast Cereals,70,1.78,3,83,12.25,0.6,0.25,1.11,0,4,0.64,21,1 cup cooked,240
Cornmeal Mush Fat Not Added In Cooking,Breakfast Cereals,58,0.28,0,71,12.47,0.6,0.25,1.12,0,4,0.65,21,1 cup cooked,240
Cornmeal Mush Fat Added In Cooking,Breakfast Cereals,70,1.78,3,83,12.25,0.6,0.25,1.11,0,4,0.64,21,1 cup cooked,240
Cornmeal Puerto Rican Style,Breakfast Cereals,148,2.17,7,157,28.15,0.5,17.93,4.05,1.2,113,0.62,152,1 cup cooked,240
Cornmeal Dumpling,Baked Foods,167,4.68,68,352,25.38,1.1,1.59,5.31,0.7,86,1.75,97,1 cup cooked,240
Masa Harina Cooked,Breakfast Cereals,97,0.99,0,283,20.5,1.7,0.43,2.26,0,44,1.34,70,1 cup cooked,240
Millet Ns As To Fat Added In Cooking,Grains and Pasta,118,1,0,168,23.57,1.3,0.13,3.5,0,3,0.63,62,1 cup cooked,170
Millet Fat Not Added In Cooking,Grains and Pasta,118,1,0,168,23.57,1.3,0.13,3.5,0,3,0.63,62,1 cup cooked,170
Millet Fat Added In Cooking,Grains and Pasta,140,4.04,0,193,22.39,1.2,0.12,3.32,0.1,4,0.6,60,1 cup cooked,170
Oatmeal From Fast Food Plain,Breakfast Cereals,79,2.4,4,93,11.95,1.7,0.69,2.6,0,25,0.68,74,1 cup cooked,240
Oatmeal From Fast Food Maple Flavored,Breakfast Cereals,109,2.2,4,163,20.39,1.6,9.95,2.4,0,31,0.7,81,1 cup cooked,240
Oatmeal From Fast Food Fruit Flavored,Breakfast Cereals,122,2.04,4,147,24.61,1.8,14.02,2.28,0,30,0.71,106,1 cup cooked,240
Oatmeal From Fast Food Other Flavors,Breakfast Cereals,109,2.2,4,163,20.39,1.6,9.95,2.4,0,31,0.7,81,1 cup cooked,240
Oatmeal Ns As To Regular Quick Or Instant Ns As To Fat Added In Cooking,Breakfast Cereals,76,2.57,3,82,11.17,1.7,0.16,2.18,0,12,0.67,57,1 cup cooked,240
Oatmeal Ns As To Regular Quick Or Instant Fat Not Added In Cooking,Breakfast Cereals,64,1.09,0,70,11.36,1.7,0.17,2.21,0,12,0.68,58,1 cup cooked,240
Oatmeal Ns As To Regular Quick Or Instant Fat Added In Cooking,Breakfast Cereals,76,2.57,3,82,11.17,1.7,0.16,2.18,0,12,0.67,57,1 cup cooked,240
Oatmeal Regular Or Quick Made With Water Ns As To Fat Added In Cooking,Breakfast Cereals,76,2.57,3,82,11.17,1.7,0.16,2.18,0,12,0.67,57,1 cup cooked,240
Oatmeal Regular Or Quick Made With Water Fat Not Added In Cooking,Breakfast Cereals,64,1.09,0,70,11.36,1.7,0.17,2.21,0,12,0.68,58,1 cup cooked,240
Oatmeal Regular Or Quick Made With Water Fat Added In Cooking,Breakfast Cereals,76,2.57,3,82,11.17,1.7,0.16,2.18,0,12,0.67,57,1 cup cooked,240
Oatmeal Regular Or Quick Made With Milk Ns As To Fat Added In Cooking,Breakfast Cereals,126,4.59,10,123,15.97,1.7,5.19,5.41,1.3,126,0.69,196,1 cup cooked,240
Oatmeal Regular Or Quick Made With Milk Fat Not Added In Cooking,Breakfast Cereals,115,3.15,8,111,16.25,1.7,5.29,5.5,1.2,128,0.7,199,1 cup cooked,240
Oatmeal Regular Or Quick Made With Milk Fat Added In Cooking,Breakfast Cereals,126,4.59,10,123,15.97,1.7,5.19,5.41,1.3,126,0.69,196,1 cup cooked,240
Oatmeal Regular Or Quick Made With Non-Dairy Milk Ns As To Fat Added In Cooking,Breakfast Cereals,107,3.81,3,136,15.08,1.9,3.37,3.28,1.1,179,1.01,132,1 cup cooked,240
Oatmeal Regular Or Quick Made With Non-Dairy Milk Fat Not Added In Cooking,Breakfast Cereals,96,2.35,0,125,15.34,1.9,3.43,3.33,1,181,1.03,133,1 cup cooked,240
Oatmeal Regular Or Quick Made With Non-Dairy Milk Fat Added In Cooking,Breakfast Cereals,107,3.81,3,136,15.08,1.9,3.37,3.28,1.1,179,1.01,132,1 cup cooked,240
Oatmeal Instant Plain Made With Water Ns As To Fat Added In Cooking,Breakfast Cereals,87,3.64,4,65,12.74,1.8,0.28,2.2,0.1,67,4.52,68,1 cup cooked,240
Oatmeal Instant Plain Made With Water Fat Not Added In Cooking,Breakfast Cereals,68,1.3,0,45,13.15,1.9,0.28,2.26,0,69,4.68,69,1 cup cooked,240
Oatmeal Instant Plain Made With Water Fat Added In Cooking,Breakfast Cereals,87,3.64,4,65,12.74,1.8,0.28,2.2,0.1,67,4.52,68,1 cup cooked,240
Oatmeal Instant Plain Made With Milk Ns As To Fat Added In Cooking,Breakfast Cereals,127,5.24,10,97,16.54,1.8,4.26,4.76,1,158,4.54,178,1 cup cooked,240
Oatmeal Instant Plain Made With Milk Fat Not Added In Cooking,Breakfast Cereals,110,2.96,6,78,17.08,1.9,4.41,4.9,1,163,4.7,183,1 cup cooked,240
Oatmeal  Instant Plain Made With Milk Fat Added In Cooking,Breakfast Cereals,127,5.24,10,97,16.54,1.8,4.26,4.76,1,158,4.54,178,1 cup cooked,240
Oatmeal Instant Plain Made With Non-Dairy Milk Ns As To Fat Added In Cooking,Breakfast Cereals,112,4.62,4,107,15.83,2,2.82,3.08,0.9,199,4.8,127,1 cup cooked,240
Oatmeal Instant Plain Made With Non-Dairy Milk Fat Not Added In Cooking,Breakfast Cereals,94,2.32,0,89,16.35,2,2.92,3.16,0.8,205,4.96,130,1 cup cooked,240
Oatmeal Instant Plain Made With Non-Dairy Milk Fat Added In Cooking,Breakfast Cereals,112,4.62,4,107,15.83,2,2.82,3.08,0.9,199,4.8,127,1 cup cooked,240
Oatmeal Instant Maple Flavored Ns As To Fat Added In Cooking,Breakfast Cereals,113,3.37,4,152,19.64,1.8,7.75,2.38,0,69,2.65,93,1 cup cooked,240
Oatmeal Instant Maple Flavored Fat Not Added In Cooking,Breakfast Cereals,97,1.25,0,136,20.23,1.9,7.99,2.44,0,70,2.73,95,1 cup cooked,240
Oatmeal Instant Maple Flavored Fat Added In Cooking,Breakfast Cereals,113,3.37,4,152,19.64,1.8,7.75,2.38,0,69,2.65,93,1 cup cooked,240
Oatmeal Instant Fruit Flavored Ns As To Fat Added In Cooking,Breakfast Cereals,112,3.32,4,147,19.51,1.9,8.07,2.29,0,66,2.54,94,1 cup cooked,240
Oatmeal Instant Fruit Flavored Fat Not Added In Cooking,Breakfast Cereals,96,1.19,0,131,20.09,1.9,8.32,2.34,0,67,2.62,96,1 cup cooked,240
Oatmeal Instant Fruit Flavored Fat Added In Cooking,Breakfast Cereals,112,3.32,4,147,19.51,1.9,8.07,2.29,0,66,2.54,94,1 cup cooked,240
Oatmeal Instant Other Flavors Ns As To Fat Added In Cooking,Breakfast Cereals,113,3.37,4,152,19.64,1.8,7.75,2.38,0,69,2.65,93,1 cup cooked,240
Oatmeal Instant Other Flavors Fat Not Added In Cooking,Breakfast Cereals,97,1.25,0,136,20.23,1.9,7.99,2.44,0,70,2.73,95,1 cup cooked,240
Oatmeal Instant Other Flavors Fat Added In Cooking,Breakfast Cereals,113,3.37,4,152,19.64,1.8,7.75,2.38,0,69,2.65,93,1 cup cooked,240
Oatmeal Reduced Sugar Plain Ns As To Fat Added In Cooking,Breakfast Cereals,100,3.51,4,107,16.11,1.8,3.93,2.29,0,68,3.61,80,1 cup cooked,240
Oatmeal Reduced Sugar Plain Fat Not Added In Cooking,Breakfast Cereals,83,1.28,0,90,16.62,1.9,4.05,2.35,0,70,3.73,82,1 cup cooked,240
Oatmeal Reduced Sugar Plain Fat Added In Cooking,Breakfast Cereals,100,3.51,4,107,16.11,1.8,3.93,2.29,0,68,3.61,80,1 cup cooked,240
Oatmeal Made With Milk And Sugar Puerto Rican Style,Breakfast Cereals,145,2.62,6,238,26.36,1.4,17.25,4.57,1,107,0.59,166,1 cup cooked,240
Oatmeal Reduced Sugar Flavored Ns As To Fat Added In Cooking,Breakfast Cereals,100,3.51,4,107,16.11,1.8,3.93,2.29,0,68,3.61,80,1 cup cooked,240
Oatmeal Reduced Sugar Flavored Fat Not Added In Cooking,Breakfast Cereals,83,1.28,0,90,16.62,1.9,4.05,2.35,0,70,3.73,82,1 cup cooked,240
Oatmeal Reduced Sugar Flavored Fat Added In Cooking,Breakfast Cereals,100,3.51,4,107,16.11,1.8,3.93,2.29,0,68,3.61,80,1 cup cooked,240
Oatmeal Multigrain Ns As To Fat Added In Cooking,Breakfast Cereals,68,1.95,3,83,11.98,2,0.41,2.1,0,9,0.45,51,1 cup cooked,240
Oatmeal Multigrain Fat Not Added In Cooking,Breakfast Cereals,56,0.46,0,70,12.19,2,0.41,2.12,0,9,0.46,51,1 cup cooked,240
Oatmeal Multigrain Fat Added In Cooking,Breakfast Cereals,68,1.95,3,83,11.98,2,0.41,2.1,0,9,0.45,51,1 cup cooked,240
Quinoa Ns As To Fat Added In Cooking,Grains and Pasta,140,4.74,0,187,20.22,2.7,0.82,4.18,0.1,17,1.41,164,1 cup cooked,170
Quinoa Fat Not Added In Cooking,Grains and Pasta,120,1.91,0,163,21.21,2.8,0.87,4.38,0,17,1.48,171,1 cup cooked,170
Quinoa Fat Added In Cooking,Grains and Pasta,140,4.74,0,187,20.22,2.7,0.82,4.18,0.1,17,1.41,164,1 cup cooked,170
Rice Cooked Nfs,Grains and Pasta,129,0.28,0,245,27.99,0.4,0.05,2.67,0,10,1.2,35,1 cup cooked,158
Rice White Cooked Ns As To Fat Added In Cooking,Grains and Pasta,129,0.28,0,245,27.99,0.4,0.05,2.67,0,10,1.2,35,1 cup cooked,163
Rice White Cooked Fat Added In Cooking Made With Oil,Grains and Pasta,150,3.05,0,238,27.22,0.4,0.05,2.6,0,10,1.17,34,1 cup cooked,163
Rice White Cooked Fat Added In Cooking Made With Butter,Grains and Pasta,146,2.61,6,257,27.19,0.4,0.05,2.62,0,10,1.16,35,1 cup cooked,163
Rice White Cooked Fat Added In Cooking Made With Margarine,Grains and Pasta,141,2.01,0,258,27.2,0.4,0.05,2.6,0.1,10,1.16,35,1 cup cooked,163
Rice White Cooked Fat Added In Cooking Ns As To Type Of Fat,Grains and Pasta,147,2.73,2,247,27.2,0.4,0.05,2.6,0,10,1.16,34,1 cup cooked,163
Rice White Cooked Fat Not Added In Cooking,Grains and Pasta,129,0.28,0,245,27.99,0.4,0.05,2.67,0,10,1.2,35,1 cup cooked,158
Rice Brown Cooked Ns As To Fat Added In Cooking,Grains and Pasta,122,0.96,0,202,25.45,1.6,0.24,2.73,0,3,0.56,86,1 cup cooked,196
Rice Brown Cooked Fat Added In Cooking Made With Oil,Grains and Pasta,140,3.21,0,198,24.87,1.6,0.23,2.66,0,3,0.55,84,1 cup cooked,196
Rice Brown Cooked Fat Added In Cooking Made With Butter,Grains and Pasta,136,2.85,5,213,24.85,1.6,0.24,2.68,0,4,0.55,84,1 cup cooked,196
Rice Brown Cooked Fat Added In Cooking Made With Margarine,Grains and Pasta,132,2.36,0,213,24.86,1.6,0.23,2.66,0.1,4,0.55,84,1 cup cooked,196
Rice Brown Cooked Fat Added In Cooking Ns As To Type Of Fat,Grains and Pasta,137,2.95,2,205,24.86,1.6,0.23,2.67,0,3,0.55,84,1 cup cooked,196
Rice Brown Cooked Fat Not Added In Cooking,Grains and Pasta,122,0.96,0,202,25.45,1.6,0.24,2.73,0,3,0.56,86,NULL,NULL
Rice Cream Of Cooked Fat Not Added In Cooking,Breakfast Cereals,69,0.09,0,69,15.28,0.1,0.06,1.17,0,4,5.01,25,1 cup cooked,240
Rice Cooked With Milk,Grains and Pasta,143,2.21,8,363,25.03,0.3,5.11,5.06,1.2,126,1.06,168,1 cup cooked,200
Rice Sweet Cooked With Honey,Grains and Pasta,140,0.26,0,343,31.3,0.4,5.16,2.52,0,10,1.14,36,1 cup cooked,175
Rice Creamed Made With Milk And Sugar Puerto Rican Style,Breakfast Cereals,88,0.96,3,125,17.47,0.1,8.85,2.19,0.5,56,0.46,73,1 cup cooked,245
Rice Cream Of Cooked Fat Added In Cooking,Breakfast Cereals,80,1.56,3,81,15.03,0.1,0.06,1.16,0,4,4.93,25,1 cup cooked,240
Rice Cream Of Cooked Ns As To Fat Added In Cooking,Breakfast Cereals,80,1.56,3,81,15.03,0.1,0.06,1.16,0,4,4.93,25,1 cup cooked,240
Rice Cream Of Cooked Made With Milk,Breakfast Cereals,130,3.55,10,121,19.74,0.1,5,4.34,1.2,117,4.95,162,1 cup cooked,240
Congee,Grains and Pasta,33,0.07,0,253,7.16,0.1,0.01,0.68,0,5,0.31,9,1 cup,249
Yellow Rice Cooked Ns As To Fat Added In Cooking,Grains and Pasta,88,0.45,0,340,19.1,0.5,0.45,1.8,0,12,0.62,195,1 cup cooked,158
Yellow Rice Cooked Fat Not Added In Cooking,Grains and Pasta,88,0.45,0,340,19.1,0.5,0.45,1.8,0,12,0.62,195,1 cup cooked,158
Yellow Rice Cooked Fat Added In Cooking,Grains and Pasta,104,2.46,0,351,18.69,0.4,0.44,1.76,0,11,0.6,191,1 cup cooked,163
Rice White Cooked Glutinous,Grains and Pasta,96,0.19,0,227,20.97,1,0.05,2.01,0,2,0.14,10,1 cup cooked,174
Rice Frozen Dessert Nondairy Flavors Other Than Chocolate,Dairy and Egg Products ,151,6.05,0,42,23.07,1.2,5.57,1.82,0,6,0.42,79,1 cup,172
Rice Wild 100% Cooked Ns As To Fat Added In Cooking,Grains and Pasta,121,3.01,0,232,20.64,1.7,0.71,3.86,0,3,0.59,98,1 cup cooked,164
Rice Wild 100% Cooked Fat Not Added In Cooking,Grains and Pasta,100,0.34,0,238,21.21,1.8,0.73,3.97,0,3,0.6,100,1 cup cooked,164
Rice Wild 100% Cooked Fat Added In Cooking,Grains and Pasta,121,3.01,0,232,20.64,1.7,0.71,3.86,0,3,0.59,98,1 cup cooked,164
Rice Dessert Bar Frozen Flavors Other Than Chocolate Nondairy Carob Covered,Dairy and Egg Products ,220,13.69,0,83,24.72,3.7,3.3,2.34,0,25,0.62,117,1 bar (4 oz),113
Rice Dessert Bar Frozen Chocolate Nondairy Chocolate Covered,Dairy and Egg Products ,237,14.82,0,83,25.06,4,0.35,4.07,0,15,2.41,266,1 bar (4 oz),113
Rice White And Wild Cooked Fat Not Added In Cooking,Grains and Pasta,121,0.3,0,372,25.99,0.6,0.6,3.59,0,36,1.46,97,NULL,NULL
Rice Brown And Wild Cooked Fat Not Added In Cooking,Grains and Pasta,120,0.88,0,207,24.9,1.6,0.3,2.89,0,3,0.56,88,1 cup cooked,151
Rice White And Wild Cooked Fat Added In Cooking,Grains and Pasta,112,2.16,0,511,20.61,0.5,0.13,2.17,0,10,0.98,41,NULL,NULL
Rice White And Wild Cooked Ns As To Fat Added In Cooking,Grains and Pasta,112,2.16,0,511,20.61,0.5,0.13,2.17,0,10,0.98,41,NULL,NULL
Rice Brown And Wild Cooked Fat Added In Cooking,Grains and Pasta,137,3.18,0,202,24.32,1.6,0.3,2.82,0,3,0.56,85,1 cup cooked,155
Rice Brown And Wild Cooked Ns As To Fat Added In Cooking,Grains and Pasta,113,2.72,0,511,19.8,1,0.25,2.26,0,6,0.35,69,1 cup cooked,150
Rice White Cooked With Fat Puerto Rican Style,Grains and Pasta,198,6.15,0,507,31.94,0.5,0.05,2.85,0,14,1.65,44,1 cup cooked,155
Cream Of Wheat Ns As To Regular Quick Or Instant Ns As To Fat Added In Cooking,Breakfast Cereals,64,1.74,3,85,10.39,0.5,0.03,1.44,0,86,3.69,16,1 cup cooked,240
Cream Of Wheat Ns As To Regular Quick Or Instant Fat Not Added In Cooking,Breakfast Cereals,51,0.21,0,72,10.57,0.5,0.03,1.45,0,87,3.76,16,1 cup cooked,240
Cream Of Wheat Ns As To Regular Quick Or Instant Fat Added In Cooking,Breakfast Cereals,64,1.74,3,85,10.39,0.5,0.03,1.44,0,86,3.69,16,1 cup cooked,240
Cream Of Wheat Regular Or Quick Made With Water Ns As To Fat Added In Cooking,Breakfast Cereals,64,1.74,3,85,10.39,0.5,0.03,1.44,0,86,3.69,16,1 cup cooked,240
Cream Of Wheat Regular Or Quick Made With Water Fat Not Added In Cooking,Breakfast Cereals,51,0.21,0,72,10.57,0.5,0.03,1.45,0,87,3.76,16,1 cup cooked,240
Cream Of Wheat Regular Or Quick Made With Water Fat Added In Cooking,Breakfast Cereals,64,1.74,3,85,10.39,0.5,0.03,1.44,0,86,3.69,16,1 cup cooked,240
Cream Of Wheat Regular Or Quick Made With Milk Ns As To Fat Added In Cooking,Breakfast Cereals,115,3.82,10,126,15.33,0.5,5.2,4.76,1.3,204,3.72,159,1 cup cooked,240
Cream Of Wheat Regular Or Quick Made With Milk Fat Not Added In Cooking,Breakfast Cereals,104,2.33,8,114,15.6,0.5,5.3,4.84,1.3,207,3.78,162,1 cup cooked,240
Cream Of Wheat Regular Or Quick Made With Milk Fat Added In Cooking,Breakfast Cereals,115,3.82,10,126,15.33,0.5,5.2,4.76,1.3,204,3.72,159,1 cup cooked,240
Cream Of Wheat Regular Or Quick Made With Non-Dairy Milk Ns As To Fat Added In Cooking,Breakfast Cereals,96,3.02,3,140,14.41,0.7,3.33,2.57,1.1,257,4.05,93,1 cup cooked,240
Cream Of Wheat Regular Or Quick Made With Non-Dairy Milk Fat Not Added In Cooking,Breakfast Cereals,84,1.5,0,128,14.66,0.7,3.39,2.61,1.1,261,4.12,94,1 cup cooked,240
Cream Of Wheat Regular Or Quick Made With Non-Dairy Milk Fat Added In Cooking,Breakfast Cereals,96,3.02,3,140,14.41,0.7,3.33,2.57,1.1,257,4.05,93,1 cup cooked,240
Cream Of Wheat Instant Made With Water Fat Not Added In Cooking,Breakfast Cereals,66,0.2,0,85,14.43,0.5,3.64,1.52,0,54,4.11,17,1 cup cooked,240
Wheat Cream Of Cooked Made With Milk And Sugar Puerto Rican Style,Breakfast Cereals,109,1.95,7,145,18.84,0.4,11.24,3.95,1.1,166,2.8,136,1 cup cooked,245
Cream Of Wheat Instant Made With Water Fat Added In Cooking,Breakfast Cereals,81,2.01,3,100,14.08,0.5,3.55,1.5,0,53,4.01,17,1 cup cooked,240
Cream Of Wheat Instant Made With Water Ns As To Fat Added In Cooking,Breakfast Cereals,81,2.01,3,100,14.08,0.5,3.55,1.5,0,53,4.01,17,1 cup cooked,240
Cream Of Wheat Instant Made With Milk Fat Added In Cooking,Breakfast Cereals,121,3.65,9,132,17.96,0.5,7.62,4.11,1,145,4.03,129,1 cup cooked,240
Cream Of Wheat Instant Made With Milk Fat Not Added In Cooking,Breakfast Cereals,108,1.88,6,119,18.41,0.5,7.81,4.2,1,149,4.13,132,1 cup cooked,240
Cream Of Wheat Instant Made With Milk Ns As To Fat Added In Cooking,Breakfast Cereals,121,3.65,9,132,17.96,0.5,7.62,4.11,1,145,4.03,129,1 cup cooked,240
Cream Of Wheat Instant Made With Non-Dairy Milk Ns As To Fat Added In Cooking,Breakfast Cereals,106,3.01,3,143,17.24,0.6,6.15,2.39,0.9,188,4.29,77,1 cup cooked,240
Cream Of Wheat Instant Made With Non-Dairy Milk Fat Not Added In Cooking,Breakfast Cereals,92,1.23,0,130,17.67,0.6,6.3,2.44,0.8,192,4.4,78,1 cup cooked,240
Cream Of Wheat Instant Made With Non-Dairy Milk Fat Added In Cooking,Breakfast Cereals,106,3.01,3,143,17.24,0.6,6.15,2.39,0.9,188,4.29,77,1 cup cooked,240
Bulgur Fat Not Added In Cooking,Grains and Pasta,83,0.24,0,219,18.48,4.5,0.1,3.06,0,10,0.96,68,1 cup cooked,140
Bulgur Fat Added In Cooking,Grains and Pasta,112,4.15,0,247,17.32,4.2,0.09,2.87,0.1,11,0.89,65,1 cup cooked,140
Bulgur Ns As To Fat Added In Cooking,Grains and Pasta,83,0.24,0,219,18.48,4.5,0.1,3.06,0,10,0.96,68,1 cup cooked,140
Couscous Plain Cooked,Grains and Pasta,111,0.16,0,189,23.11,1.4,0.1,3.77,0,8,0.38,58,1 cup cooked,160
Whole Wheat Cereal Cooked Ns As To Fat Added In Cooking,Breakfast Cereals,60,1.81,3,84,10.21,1.3,0.06,1.53,0,9,0.44,51,1 cup cooked,240
Whole Wheat Cereal Cooked Fat Not Added In Cooking,Breakfast Cereals,47,0.28,0,71,10.39,1.3,0.06,1.55,0,9,0.45,51,1 cup cooked,240
Whole Wheat Cereal Cooked Fat Added In Cooking,Breakfast Cereals,60,1.81,3,84,10.21,1.3,0.06,1.53,0,9,0.44,51,1 cup cooked,240
Wheat Cereal Chocolate Flavored Cooked,Breakfast Cereals,49,0.47,0,338,11.02,1.7,0.08,1.79,0,10,0.68,88,1 cup cooked,240
Cream Of Rye,Breakfast Cereals,41,0.18,0,140,8.86,1.4,0.13,1.28,0,6,0.28,43,1 cup cooked,240
Cereal Nestum,Baby Foods,64,1.09,0,70,11.36,1.7,0.17,2.21,0,12,0.68,58,1 cup cooked,245
Cereal Oat Nfs,Breakfast Cereals,376,6.73,0,497,73.23,9.4,4.36,12.09,3.4,401,33.17,641,1 cup nfs,33
Cereal Ready-To-Eat Nfs,Breakfast Cereals,374,4.86,0,514,79.48,6.8,22.11,8.92,4.1,310,27.15,420,1 cup,40
Cereal (General Mills Cheerios Apple Cinnamon),Breakfast Cereals,386,6.09,0,390,79.9,7.3,34.2,8.3,3.3,333,15,248,1 cup,40
Cereal (General Mills Cheerios Banana Nut),Breakfast Cereals,375,4,0,533,84.69,6.1,33.09,5.5,3.6,357,16.1,255,1 cup,37
Cereal (General Mills Basic 4),Breakfast Cereals,358,4,0,506,79.09,9.1,22.5,6.69,1.8,455,8.19,318,1 cup,55
Cereal (General Mills Kix Berry Berry),Breakfast Cereals,376,4.19,0,517,83.9,5.8,21,6.19,3.2,421,23.7,228,1 cup,33
Cereal (General Mills Cheerios Berry Burst),Breakfast Cereals,378,4.5,0,639,80.5,7.6,27,8.8,3.7,370,16.7,230,1 cup,36
Cereal (General Mills Boo Berry),Breakfast Cereals,386,4.3,0,458,85.4,4.2,27.29,5.5,3,303,13.6,163,1 cup,33
Cereal (General Mills Cheerios),Breakfast Cereals,376,6.73,0,497,73.23,9.4,4.36,12.09,3.4,401,33.17,641,10 cheerios,1
Cereal (General Mills Chex Chocolate),Breakfast Cereals,412,8.39,0,629,81.09,2,26.2,4.8,2.9,286,25.7,186,1 cup,43
Cereal (General Mills Chex Cinnamon),Breakfast Cereals,403,6.59,0,605,82.4,2.4,26.1,5,3.3,333,27,126,1 cup,39
Cereal (General Mills Cheerios Chocolate),Breakfast Cereals,380,5.09,0,556,83.5,6.2,34.09,5.8,3.7,370,16.7,282,1 cup,36
Cereal (General Mills Lucky Charms Chocolate),Breakfast Cereals,381,4.4,0,539,84.4,5.3,36.79,5.59,3.6,357,16.1,249,1 cup,37
Cereal (Kellogg's Cinnabon),Breakfast Cereals,410,7.3,0,385,83.3,3.9,41.59,5.69,4,26,15.69,129,1 cup,30
Cereal (General Mills Cinnamon Toast Crunch),Breakfast Cereals,410,10.25,0,567,77.99,6.8,30.3,5.45,5.3,444,20.48,201,1 cup,40
Cereal (General Mills Honey Nut Clusters),Breakfast Cereals,374,2,0,515,85.2,6.3,24.8,7.7,0,34,7.9,184,1 cup,55
Cereal (Kellogg's Cocoa Krispies),Breakfast Cereals,389,2.7,0,424,87.9,1.4,38.6,4.6,4.8,127,14.5,197,1 cup,41
Cereal (General Mills Cocoa Puffs),Breakfast Cereals,383,5.2,0,564,83.7,5.7,37.2,5.6,3.7,370,16.7,272,1 cup,36
Cereal (General Mills 25% Less Sugar Cocoa Puffs),Breakfast Cereals,380,5.19,0,528,82.69,6.7,25.79,6.5,3.3,333,15,328,1 cup,32
Cereal (General Mills Cookie Crisp),Breakfast Cereals,380,4.4,0,457,84.5,5.1,34.8,5.2,3.8,385,17.3,231,1 cup,35
Cereal (General Mills Chex Corn),Breakfast Cereals,370,2.4,0,719,85,4.7,11.1,6.4,3.2,323,26.1,197,1 piece,0
Cereal Corn Flakes,Breakfast Cereals,357,0.4,0,729,84.1,3.3,9.5,7.5,3.6,5,28.9,168,1 cup,25
Cereal (Kellogg's Corn Flakes),Breakfast Cereals,357,0.4,0,729,84.1,3.3,9.5,7.5,3.6,5,28.9,168,1 cup,28
Cereal (General Mills Count Chocula),Breakfast Cereals,383,4.69,0,488,84.5,5,33.09,5.4,3.7,370,16.7,228,1 cup,36
Cereal (Kellogg's Crispix),Breakfast Cereals,378,0.8,0,660,87.19,1,12.8,6.59,3.5,9,28,71,1 cup,29
Cereal Crispy Brown Rice,Breakfast Cereals,394,1.26,0,545,86.22,0.7,12.12,6.69,7.6,5,32.73,106,1 cup,32
Cereal (General Mills Frankenberry),Breakfast Cereals,386,4.3,0,458,85.4,4.2,27.29,5.5,3,303,13.6,163,1 cup,33
Cereal (Kellogg's Froot Loops Marshmallow),Breakfast Cereals,376,2.79,0,393,89.3,7.4,49.9,4.59,3.5,9,15.5,95,1 cup,29
Cereal (General Mills Cheerios Frosted),Breakfast Cereals,376,4.69,0,553,79.8,7.5,32,9,3.7,370,16.7,254,1 cup,37
Cereal Frosted Rice,Breakfast Cereals,384,0.4,0,371,91.3,0.5,40.2,4.3,5,6,18,59,1 cup,45
Cereal (Kellogg's Frosted Krispies),Breakfast Cereals,384,0.4,0,371,91.3,0.5,40.2,4.3,5,6,18,59,1 cup,40
Cereal (General Mills Cheerios Fruity),Breakfast Cereals,381,4.59,0,501,84.19,5.9,32.2,5.8,3.7,370,16.7,214,1 cup,36
Cereal (General Mills Golden Grahams),Breakfast Cereals,374,3.2,0,772,85.1,5.6,35,5.3,3.2,323,14.5,206,1 cup,40
Cereal Granola,Breakfast Cereals,381,5.2,0,249,80.1,7.4,27.9,9,1.8,36,3.3,204,1 cup,111
Cereal (Kellogg's Low Fat Granola),Breakfast Cereals,389,5.7,0,257,80.9,7,28.3,8.7,2.1,33,3.7,215,1 cup,98
Cereal (Kellogg's Low Fat Granola With Raisins),Breakfast Cereals,381,5.2,0,249,80.1,7.4,27.9,9,1.8,36,3.3,204,1 cup,90
Cereal (Kellogg's Honey Crunch Corn Flakes),Breakfast Cereals,385,1.9,0,700,87,3.4,33,6.8,3.5,22,6.2,102,1 cup,40
Cereal (General Mills Chex Honey Nut),Breakfast Cereals,375,2,0,600,86.67,3.9,28.1,6.3,3.1,313,14.1,219,1 piece,0
Cereal (General Mills Cheerios Honey Nut),Breakfast Cereals,376,5,0,566,79.69,7.1,32.89,8.85,4.6,425,20.58,412,1 cup,37
Cereal (Kellogg's Honey Smacks),Breakfast Cereals,380,2.2,0,142,88.5,5,56.2,5.7,3.7,14,1.5,183,1 cup,36
Cereal (Kashi Heart To Heart Oat Flakes And Blueberry Clusters),Breakfast Cereals,376,3.79,0,244,80.3,7.4,22.7,10.39,0,43,3.2,213,1 cup,55
Cereal (General Mills Lucky Charms),Breakfast Cereals,380,5.02,0,648,80.89,5,36.13,7.67,3.9,434,22.27,222,1 cup,36
Cereal (Malt-O-Meal Blueberry Muffin Tops),Breakfast Cereals,374,3.2,0,772,85.1,5.6,35,5.3,3.2,323,14.5,206,1 cup,40
Cereal (Malt-O-Meal Crispy Rice),Breakfast Cereals,381,2.05,0,527,85.05,0.4,9.87,6.75,6.2,5,30.42,125,1 cup,28
Cereal (Malt-O-Meal Honey Graham Squares),Breakfast Cereals,374,3.2,0,772,85.1,5.6,35,5.3,3.2,323,14.5,206,1 cup,40
Cereal (Malt-O-Meal Honey Nut Toasty O's),Breakfast Cereals,376,5,0,566,79.69,7.1,32.89,8.85,4.6,425,20.58,412,1 cup,38
Cereal (Malt-O-Meal Golden Puffs),Breakfast Cereals,380,2.2,0,142,88.5,5,56.2,5.7,3.7,14,1.5,183,1 cup,32
Cereal (Malt-O-Meal Toasted Oat Cereal),Breakfast Cereals,376,6.73,0,497,73.23,9.4,4.36,12.09,3.4,401,33.17,641,1 cup,22
Cereal Muesli,Breakfast Cereals,355,5.4,0,239,74.9,7.7,25.1,8.6,0.7,36,8.19,324,1 cup,85
Cereal (General Mills Cheerios Multigrain),Breakfast Cereals,370,4.09,0,401,81.4,8.7,21.2,8.3,3.4,345,27.89,483,1 cup,30
Cereal (Nature Valley Granola),Breakfast Cereals,381,4.69,0,497,79.4,5,31.89,7.9,0,36,2,253,1 cup,82
Cereal (General Mills Cheerios Oat Cluster Crunch),Breakfast Cereals,378,4.6,0,489,80.7,7,27.9,8.5,3.7,296,16.7,285,1 cup,36
Cereal (General Mills Cheerios Protein),Breakfast Cereals,378,5.08,0,477,76.19,7.1,29.43,12.26,3.2,343,22.35,487,1 cup,28
Cereal (General Mills Oatmeal Crisp With Almonds),Breakfast Cereals,390,6.69,0,212,78.09,8.2,22.89,9.89,0,33,15,336,1 cup,60
Cereal (General Mills Oatmeal Crisp With Raisins),Breakfast Cereals,372,3.79,0,195,80.8,7.5,27.29,8.5,0,32,14.5,355,1 cup,62
Cereal (Kellogg's Product 19),Breakfast Cereals,374,1.3,0,727,84.3,2.8,12.5,8.5,3.3,16,60,179,1 cup,30
Cereal (General Mills Reese's Puffs),Breakfast Cereals,413,11.1,0,555,75.6,4.7,35.3,6.8,3.4,345,15.5,244,1 cup,40
Cereal (General Mills Chex Rice),Breakfast Cereals,375,1.89,0,809,85.09,2,8,6.4,3.7,370,33.29,188,1 cup,27
Cereal Rice Flakes,Breakfast Cereals,394,1.26,0,545,86.22,0.7,12.12,6.69,7.6,5,32.73,106,1 cup,27
Cereal (Kellogg's Rice Krispies),Breakfast Cereals,381,2.05,0,527,85.05,0.4,9.87,6.75,6.2,5,30.42,125,1 cup,26
Cereal (Kellogg's Rice Krispies Treats Cereal),Breakfast Cereals,395,4.19,1,567,85.59,0.4,29.6,4.3,3.3,10,6,51,1 cup,40
Cereal (Kellogg's Smart Start Strong),Breakfast Cereals,371,1.5,0,398,86.8,5.4,27.79,7.5,2,29,36,182,1 cup,50
Cereal (Kellogg's Special K),Breakfast Cereals,377,1.79,0,667,73.4,1.4,12.69,17.79,3.3,23,28,53,1 cup,31
Cereal (Kellogg's Special K Blueberry),Breakfast Cereals,363,1.5,0,481,86.3,8.6,26.7,6.9,3.3,18,27,204,1 cup,40
Cereal (Kellogg's Special K Low Fat Granola),Breakfast Cereals,389,5.7,0,257,80.9,7,28.3,8.7,2.1,33,3.7,215,1 cup,104
Cereal (Kellogg's Corn Pops),Breakfast Cereals,387,1.3,0,357,89.7,8.4,31.3,4.8,3.3,7,6,113,1 cup,29
Cereal Frosted Corn Flakes,Breakfast Cereals,369,1.68,0,468,89.2,2.2,35.43,3.96,4.7,3,26.7,76,1 cup,40
Cereal (Kellogg's Frosted Flakes),Breakfast Cereals,369,1.68,0,468,89.2,2.2,35.43,3.96,4.7,3,26.7,76,1 cup,41
Cereal (Kellogg's Frosted Flakes Reduced Sugar),Breakfast Cereals,357,0.4,0,528,87.3,10.1,23.89,5.59,3.3,5,15,126,1 cup,31
Cereal (General Mills Trix),Breakfast Cereals,384,3.79,0,500,86.19,3.9,32,4.9,3.1,313,16.89,162,1 cup,32
Cereal (General Mills 25% Less Sugar Trix),Breakfast Cereals,383,4,0,497,85.5,4.3,25,5.4,2.9,357,19.29,177,1 cup,30
Cereal Puffed Wheat Sweetened,Breakfast Cereals,380,2.2,0,142,88.5,5,56.2,5.7,3.7,14,1.5,183,1 cup,38
Cereal (General Mills Cheerios Yogurt Burst),Breakfast Cereals,400,5.23,0,567,81.75,6.7,30,6.67,3.3,333,15,200,1 cup,40
Cereal Baby Food Jarred Nfs,Baby Foods,76,0.89,0,4,15.82,0.9,8.85,0.89,0,6,7.5,97,1 tablespoon,16
Mixed Cereal With Applesauce And Bananas Baby Food Jarred,Baby Foods,83,0.51,0,5,18.58,1,11.1,0.71,0,91,6.81,111,1 tablespoon,16
Oatmeal With Applesauce And Bananas Baby Food Jarred,Baby Foods,76,0.89,0,4,15.82,0.9,8.85,0.89,0,6,7.5,97,1 tablespoon,16
Burrito Taco Or Quesadilla With Egg,Fast Foods,229,11.84,153,548,19.69,1.4,2.48,10.27,1,148,2.12,145,1 small,110
Burrito Taco Or Quesadilla With Egg And Potato,Fast Foods,235,12.66,129,551,21.15,1.6,2.18,9.04,0.8,127,1.88,179,1 small,127
Burrito Taco Or Quesadilla With Egg And Breakfast Meat,Fast Foods,242,13.92,144,584,17.22,1.3,2.3,11.38,1,129,2,172,1 small,123
Burrito Taco Or Quesadilla With Egg Potato And Breakfast Meat,Fast Foods,246,14.36,124,582,18.86,1.5,2.05,10.14,0.9,113,1.8,198,1 small,144
Burrito Taco Or Quesadilla With Egg Potato And Breakfast Meat From Fast Food,Fast Foods,242,13.94,141,596,17.76,1.3,2.19,11.15,0.6,136,2.05,201,1 small,144
Burrito Taco Or Quesadilla With Egg Beans And Breakfast Meat,Fast Foods,224,12.47,119,539,17.32,2,2.02,10.46,0.9,112,1.92,202,1 small,150
Burrito With Meat,Prepared Meals,242,14.48,41,497,14.44,1.2,1.71,13.03,0.2,206,1.84,181,1 small burrito,161
Burrito With Meat And Beans,Prepared Meals,229,12.46,29,511,17.83,2.4,1.75,11.36,0.1,205,1.81,206,1 small burrito,166
Burrito With Meat And Sour Cream,Prepared Meals,236,15.15,43,432,13.09,1.1,1.95,11.57,0.1,192,1.59,173,1 small burrito,187
Burrito With Meat Beans And Sour Cream,Prepared Meals,225,13.39,33,446,16.06,2.1,1.97,10.16,0.1,191,1.58,195,1 small burrito,192
Burrito With Meat Beans And Sour Cream From Fast Food,Prepared Meals,209,7.86,16,513,26.78,3.6,1.7,8.56,0.1,114,2.22,255,1 small burrito,192
Burrito With Meat Beans And Rice,Prepared Meals,223,11.66,27,477,18.52,2.3,1.64,10.79,0.1,192,1.77,195,1 small burrito,177
Burrito With Meat Beans Rice And Sour Cream,Prepared Meals,219,12.63,31,420,16.76,2,1.86,9.73,0.1,180,1.56,186,1 small burrito,203
Burrito With Chicken,Prepared Meals,242,12.01,56,582,16.57,1.4,1.84,16.9,0.2,241,1.6,180,1 small burrito,142
Burrito With Chicken And Beans,Prepared Meals,228,11.2,35,550,19.06,2.5,1.81,12.93,0.1,220,1.7,208,1 small burrito,153
Burrito With Chicken And Sour Cream,Prepared Meals,235,13.19,56,494,14.66,1.1,2.09,14.59,0.1,219,1.35,172,1 small burrito,162
Burrito With Chicken Beans And Sour Cream,Prepared Meals,224,12.38,38,475,16.98,2.2,2.04,11.42,0.1,203,1.47,196,1 small burrito,179
Burrito With Chicken Beans And Rice,Prepared Meals,221,10.42,32,510,19.72,2.4,1.68,12.2,0.1,205,1.67,196,1 small burrito,165
Burrito With Chicken Beans Rice And Sour Cream,Prepared Meals,218,11.63,36,445,17.67,2.1,1.92,10.88,0.1,191,1.45,186,1 small burrito,191
Burrito With Beans And Rice Meatless,Prepared Meals,211,9.89,17,490,21.5,3.3,1.68,9.32,0.1,191,1.75,218,1 small burrito,182
Burrito With Beans Meatless,Prepared Meals,217,10.56,18,524,21.04,3.5,1.79,9.78,0.1,203,1.79,230,1 small burrito,170
Burrito With Beans Rice And Sour Cream Meatless,Prepared Meals,210,11.06,22,433,19.41,2.9,1.89,8.47,0.1,180,1.54,206,1 small burrito,208
Chilaquiles Tortilla Casserole With Salsa Cheese And Egg,Prepared Meals,292,17.84,88,408,24.71,2.7,2.98,8.57,0.5,159,1.24,212,1 cup,232
Chilaquiles Tortilla Casserole With Salsa And Cheese No Egg,Prepared Meals,299,17.4,20,384,28.98,3.2,3.43,7.3,0.1,175,1.07,219,1 cup,232
Enchilada With Meat And Beans Red-Chile Or Enchilada Sauce,Prepared Meals,139,6.42,15,332,14.4,2.6,2.57,6.83,0.1,86,1.61,245,1 enchilada any size,132
Enchilada With Meat And Beans Green-Chile Or Enchilada Sauce,Prepared Meals,157,8.16,16,213,14.68,2.8,2.1,7.23,0.1,79,1.17,233,1 enchilada any size,123
Enchilada With Meat Red-Chile Or Enchilada Sauce,Prepared Meals,147,7.15,26,335,12.22,1.8,2.63,9.22,0.1,88,1.8,225,1 enchilada any size,122
Enchilada With Meat Green-Chile Or Enchilada Sauce,Prepared Meals,168,9.08,28,208,12.37,2,2.12,9.83,0.1,80,1.34,211,1 enchilada any size,114
Enchilada With Chicken And Beans Red-Chile Or Enchilada Sauce,Prepared Meals,131,5.81,16,327,14.39,2.6,2.56,6.48,0,87,1.35,246,1 enchilada any size,132
Enchilada With Chicken And Beans Green-Chile Or Enchilada Sauce,Prepared Meals,149,7.5,17,209,14.67,2.8,2.1,6.86,0,79,0.89,235,1 enchilada any size,132
Enchilada With Chicken Red-Chile Or Enchilada Sauce,Prepared Meals,130,5.82,28,326,12.21,1.8,2.62,8.47,0,88,1.23,229,1 enchilada any size,123
Enchilada With Chicken Green-Chile Or Enchilada Sauce,Prepared Meals,150,7.65,30,198,12.35,2,2.12,9.02,0,80,0.73,215,1 enchilada any size,114
Enchilada With Beans Meatless Red-Chile Or Enchilada Sauce,Prepared Meals,131,5.8,5,328,16.28,3.3,2.52,4.75,0,85,1.45,262,1 enchilada any size,141
Enchilada With Beans Green-Chile Or Enchilada Sauce,Prepared Meals,148,7.37,5,218,16.66,3.5,2.08,5,0,78,1.03,252,1 enchilada any size,132
Enchilada Just Cheese Meatless No Beans Red-Chile Or Enchilada Sauce,Prepared Meals,167,10.06,22,372,12.88,1.9,2.78,7.31,0.1,210,1.2,193,1 enchilada any size,119
Enchilada Just Cheese Meatless No Beans Green-Chile Or Enchilada Sauce,Prepared Meals,189,12.28,24,243,13.08,2,2.28,7.8,0.2,211,0.67,176,1 enchilada any size,111
Taco Or Tostada With Meat,Prepared Meals,246,14.31,30,547,19.28,2.7,2.32,10.45,0,102,1.42,275,1 miniature taco,22
Taco Or Tostada With Meat And Sour Cream,Prepared Meals,243,15.25,34,480,17.44,2.3,2.51,9.44,0,103,1.24,257,1 small taco or tostada,109
Soft Taco With Meat,Prepared Meals,221,10.71,26,667,20.42,2.1,3.01,10.68,0,119,2.15,236,1 small taco or tostada,103
Soft Taco With Meat And Sour Cream,Prepared Meals,221,11.97,31,593,18.64,1.9,3.1,9.75,0,118,1.91,225,NULL,NULL
Soft Taco With Meat And Sour Cream From Fast Food,Prepared Meals,200,9.96,26,517,18.78,2.6,1.44,8.68,0.1,121,1.52,158,1 small taco or tostada,117
Soft Taco With Chicken,Prepared Meals,221,9.58,38,658,21.28,2,2.37,12.5,0,128,1.82,198,NULL,NULL
Soft Taco With Chicken And Sour Cream,Prepared Meals,218,10.97,41,569,18.91,1.7,2.52,11.07,0,124,1.57,188,NULL,NULL
Taco Or Tostada With Chicken,Prepared Meals,255,13.78,44,528,20.44,2.6,1.51,12.74,0.1,111,0.94,241,1 small taco or tostada,80
Taco Or Tostada With Chicken And Sour Cream,Prepared Meals,245,14.69,46,447,17.87,2.2,1.82,11.06,0,110,0.8,222,1 small taco or tostada,96
Taco Or Tostada With Fish,Prepared Meals,229,11.91,26,459,20.44,2.6,1.52,10.07,0.2,109,0.77,242,1 miniature taco,20
Soft Taco With Fish,Prepared Meals,199,8.01,23,599,21.28,2,2.38,10.22,0.2,126,1.67,199,1 small taco or tostada,94
Soft Taco With Beans,Prepared Meals,184,7.01,6,493,23.63,4,1.99,6.88,0,103,1.87,254,NULL,NULL
Soft Taco With Beans And Sour Cream,Prepared Meals,185,8.29,11,445,21.66,3.6,2.13,6.42,0,102,1.68,241,NULL,NULL
Soft Taco With Meat And Beans,Prepared Meals,201,8.67,15,571,22.29,3.2,2.44,8.58,0,110,2,247,1 small taco or tostada,117
Soft Taco With Chicken And Beans,Prepared Meals,199,8.07,19,561,22.67,3.2,2.14,9.18,0,113,1.85,231,1 small taco or tostada,112
Soft Taco With Meat Beans And Sour Cream,Prepared Meals,202,9.96,20,512,20.38,2.8,2.57,7.92,0,110,1.79,234,1 small taco or tostada,132
Soft Taco With Chicken Beans And Sour Cream,Prepared Meals,199,9.42,24,497,20.5,2.8,2.3,8.37,0,111,1.63,218,1 small taco or tostada,127
Taco Or Tostada With Beans,Prepared Meals,202,9.51,6,387,23.34,4.6,1.37,6.39,0,89,1.29,289,1 small taco or tostada,125
Taco Or Tostada With Beans And Sour Cream,Prepared Meals,201,10.63,12,346,21.2,4.1,1.6,5.94,0,90,1.15,270,1 small taco or tostada,140
Taco Or Tostada With Meat And Beans,Prepared Meals,222,11.65,17,458,21.65,3.8,1.79,8.19,0,95,1.35,284,1 small taco or tostada,109
Taco Or Tostada With Meat And Beans From Fast Food,Prepared Meals,219,12.06,25,390,19.66,4,0.88,8.61,0.1,84,1.23,221,1 small taco or tostada,109
Taco Or Tostada With Chicken And Beans,Prepared Meals,223,11.21,21,443,22.19,3.8,1.43,8.91,0,98,1.15,270,1 small taco or tostada,103
Taco Or Tostada With Meat Beans And Sour Cream,Prepared Meals,220,12.71,22,407,19.6,3.3,2.01,7.51,0,96,1.2,265,1 small taco or tostada,124
Taco Or Tostada With Chicken Beans And Sour Cream,Prepared Meals,219,12.3,26,388,19.83,3.3,1.69,8.04,0,98,1,250,1 small taco or tostada,118
Ground Beef With Tomato Sauce And Taco Seasonings On A Cornbread Crust,Prepared Meals,194,8.13,37,543,20.49,2.6,7.04,9.56,0.2,52,1.62,213,1 cup,179
Mexican Casserole Made With Ground Beef Beans Tomato Sauce Cheese Taco Seasonings And Corn Chips,Prepared Meals,234,12.65,33,328,17.41,3.1,1.13,13.28,0,100,1.9,308,1 cup,144
Mexican Casserole Made With Ground Beef Tomato Sauce Cheese Taco Seasonings And Corn Chips,Prepared Meals,268,17.08,45,448,14.51,1.6,1.42,14.62,0.1,122,1.7,256,1 cup,144
Taco Or Tostada Salad With Meat,Prepared Meals,178,9.3,15,328,16.44,2.9,1.81,7.47,0,85,1.79,223,1 small taco salad,237
Taco Or Tostada Salad With Chicken,Prepared Meals,166,8,19,322,16.24,2.9,1.79,7.85,0,83,1.57,221,1 small taco salad,240
Taco Or Tostada Salad Meatless,Prepared Meals,161,7.33,4,275,19.25,3.8,1.84,5.29,0,88,1.78,231,1 small taco salad,234
Taco Or Tostada Salad With Meat And Sour Cream,Prepared Meals,180,10.51,20,292,15.02,2.6,2,6.86,0,87,1.58,211,1 small taco salad,264
Taco Or Tostada Salad With Chicken And Sour Cream,Prepared Meals,170,9.35,24,287,14.86,2.5,1.98,7.2,0,85,1.39,209,1 small taco salad,273
Taco Or Tostada Salad Meatless With Sour Cream,Prepared Meals,166,8.8,11,245,17.47,3.3,2.04,4.95,0,90,1.57,218,1 small taco salad,266
Tamale With Chicken,Prepared Meals,221,14.37,40,459,14.94,1.3,0.55,8.6,0.3,51,0.56,133,1 small tamale,84
Tamale Plain Meatless No Sauce Puerto Rican Style Or Carribean Style,Prepared Meals,216,18.82,17,972,11.68,1.6,3.52,1.88,0.4,5,0.24,109,1 tamale,36
Tamale Meatless With Sauce Puerto Rican Or Caribbean Style,Prepared Meals,451,46.07,42,1091,9.25,1.6,2.52,1.46,1.1,16,0.64,79,1 tamale,72
Tamale Casserole With Meat,Prepared Meals,160,8.25,18,359,15.43,1.7,2.02,6.31,0.1,37,0.85,191,1 cup,244
Nachos With Cheese And Sour Cream,Prepared Meals,223,11.84,24,354,21.93,4,1.73,8.4,0.1,174,0.99,252,1 nacho,7
Nachos With Meat And Cheese,Prepared Meals,235,12.41,37,397,17.88,3.3,1.11,13.48,0.1,141,1.47,278,1 nacho,7
Nachos With Chicken And Cheese,Prepared Meals,209,9.59,45,383,17.43,3.2,1.09,14.13,0.1,136,1.01,272,1 nacho,7
Nachos With Chili,Prepared Meals,252,14.07,31,453,23.12,3,1.2,10.05,0.1,207,2.28,260,1 nacho,7
Nachos With Meat Cheese And Sour Cream,Prepared Meals,216,12.63,16,323,20.08,3.4,1.51,6.28,0.1,56,0.92,290,1 nacho,7
Nachos With Chicken Cheese And Sour Cream,Prepared Meals,208,10.44,47,352,16.31,2.9,1.29,13.11,0.1,133,0.93,259,1 nacho,7
Gordita Sope Or Chalupa With Beans,Prepared Meals,209,9.32,5,421,25.58,4.2,1.78,6.52,0,97,1.73,238,1 small,150
Gordita Sope Or Chalupa With Beans And Sour Cream,Prepared Meals,208,10.22,10,386,23.72,3.8,1.93,6.15,0,97,1.59,228,1 small,165
Gordita Sope Or Chalupa With Meat And Sour Cream,Prepared Meals,247,13.89,26,505,22.03,2.5,2.73,9.01,0,111,1.79,216,1 small,132
Gordita Sope Or Chalupa With Meat,Prepared Meals,250,13.06,21,557,23.87,2.7,2.62,9.7,0,111,1.97,224,1 small,115
Gordita Sope Or Chalupa With Chicken And Sour Cream,Prepared Meals,242,12.97,33,469,22.11,2.3,2.18,9.86,0,113,1.47,181,1 small,124
Gordita Sope Or Chalupa With Chicken,Prepared Meals,248,12.14,30,527,24.4,2.6,2.02,10.83,0,114,1.65,188,1 small,115
Chimichanga With Meat,Prepared Meals,260,12.55,13,632,27.83,3.4,2.73,9.15,0,125,2.42,239,1 small chimichanga,105
Chimichanga Meatless,Prepared Meals,225,10.04,4,523,26.92,3.9,2.16,7.11,0,110,2.13,232,1 small chimichanga,128
Chimichanga With Chicken,Prepared Meals,272,12.65,17,650,29.56,3.5,2.58,10.1,0,133,2.39,233,1 small chimichanga,97
Chimichanga With Meat And Sour Cream,Prepared Meals,282,15.3,23,632,27.23,2.3,3.37,9,0,146,2.31,188,1 small chimichanga,92
Chimichanga Meatless With Sour Cream,Prepared Meals,223,10.89,9,478,24.89,3.5,2.28,6.68,0,109,1.94,223,1 small chimichanga,136
Chimichanga With Chicken And Sour Cream,Prepared Meals,266,13.55,22,615,27.02,3.2,2.7,9.33,0,131,2.15,223,1 small chimichanga,108
Quesadilla Just Cheese Meatless,Prepared Meals,343,17.75,32,681,32.76,2.3,2.63,12.63,0.2,322,2.39,111,1 slice or wedge,18
Quesadilla Just Cheese From Fast Food,Prepared Meals,346,18.96,37,669,30.07,2.1,2.48,13.28,0.2,348,2.2,111,1 slice or wedge,18
Quesadilla With Meat,Prepared Meals,326,16.58,37,649,29.28,2,2.35,14.4,0.2,289,2.39,139,1 slice or wedge,20
Quesadilla With Vegetables,Prepared Meals,307,15.74,28,603,29.64,2.2,2.7,11.3,0.2,288,2.18,121,1 slice or wedge,20
Quesadilla With Vegetables And Meat,Prepared Meals,317,16.16,33,626,29.46,2.1,2.52,12.84,0.2,289,2.29,130,1 slice or wedge,20
Quesadilla With Vegetables And Chicken,Prepared Meals,315,16.13,34,624,29.45,2.1,2.52,12.72,0.2,288,2.2,125,1 slice or wedge,20
Taquito Or Flauta With Cheese,Prepared Meals,269,11.18,27,211,33.27,4.6,0.77,10.4,0.2,253,0.93,156,1 small taquito,36
Taquito Or Flauta With Egg,Fast Foods,255,11.39,93,551,27.37,2,2.66,10.06,0.6,182,2.35,130,1 small taquito,36
Taquito Or Flauta With Egg And Breakfast Meat,Fast Foods,267,12.7,93,614,25.94,1.9,2.52,11.38,0.6,172,2.27,151,1 small taquito,36
Fajita With Chicken And Vegetables,Prepared Meals,161,7.13,36,436,14.76,1.6,2.78,9.72,0,56,1.18,201,NULL,NULL
Fajita With Meat And Vegetables,Prepared Meals,165,6.99,27,361,14.76,1.6,2.78,10.41,0,57,1.48,226,NULL,NULL
Fajita With Vegetables,Prepared Meals,161,8.61,15,410,15.89,1.9,3.44,5.47,0.1,129,1.16,190,1 fajita,141
Pupusa Bean-Filled,Prepared Meals,181,4.84,7,194,29.79,3.5,1.07,5.71,0,97,0.92,177,"1 pupusa (about 5"" dia)",126
Pizza Cheese From School Lunch Medium Crust,Baked Foods,250,8.59,16,421,29.7,3.4,6.07,13.67,0,206,2.58,326,1 piece nfs,147
Pizza Extra Cheese Thin Crust,Baked Foods,302,14.28,30,738,29.76,2.4,3.51,13.46,0,311,1.63,198,1 piece nfs,92
Pizza Extra Cheese Thick Crust,Baked Foods,272,10.97,19,600,31.88,2.1,3.27,11.42,0,203,2.37,170,1 piece nfs,141
Pizza Cheese With Vegetables From Frozen Thin Crust,Baked Foods,240,10.81,12,393,26.51,2.1,3.62,9.24,0,159,2.04,154,1 piece nfs,109
Pizza Cheese With Vegetables From Frozen Thick Crust,Baked Foods,245,8.22,15,520,31.31,2.4,5.02,11.64,0,166,1.68,174,1 piece nfs,143
Pizza Cheese With Vegetables From Restaurant Or Fast Food Thin Crust,Baked Foods,265,12.03,24,639,28.02,2.3,3.66,11.22,0,250,1.52,194,1 piece nfs,100
Pizza Cheese With Vegetables From Restaurant Or Fast Food Medium Crust,Baked Foods,242,8.69,15,535,30.71,2.2,3.62,10.31,0,170,2.26,171,1 piece nfs,133
Pizza Cheese With Vegetables From Restaurant Or Fast Food Thick Crust,Baked Foods,245,9.39,15,531,30.43,2.1,3.41,9.74,0,161,2.24,169,1 piece nfs,149
Pizza With Cheese And Extra Vegetables Thin Crust,Baked Foods,233,10.86,20,586,24.46,2.4,3.32,9.63,0,216,1.63,192,1 piece nfs,120
Pizza With Cheese And Extra Vegetables Medium Crust,Baked Foods,220,8.22,13,509,27.64,2.2,3.36,9.21,0,154,2.25,172,1 piece nfs,152
Pizza With Cheese And Extra Vegetables Thick Crust,Baked Foods,240,9.45,15,538,29.46,2.2,3.23,9.46,0,158,2.33,170,1 piece nfs,155
Pizza Cheese With Fruit Thin Crust,Baked Foods,260,11.56,23,614,28.5,2.3,5.45,10.72,0,241,1.46,184,1 piece nfs,104
Pizza Cheese With Fruit Medium Crust,Baked Foods,239,8.43,15,520,31,2.2,4.98,9.96,0,165,2.19,164,1 piece nfs,137
Pizza Cheese With Fruit Thick Crust,Baked Foods,246,9.29,15,526,31.06,2.1,4.65,9.58,0,159,2.22,162,1 piece nfs,150
Pizza With Pepperoni From Frozen Thin Crust,Baked Foods,274,12.71,25,523,27.52,2.9,3.54,12.25,0.1,218,2.1,204,1 piece nfs,97
Pizza With Pepperoni From Frozen Medium Crust,Baked Foods,271,11.38,22,557,29.68,2.6,4.23,12.43,0.1,195,1.93,191,1 piece nfs,102
Pizza With Pepperoni From Frozen Thick Crust,Baked Foods,268,10.05,19,591,31.83,2.4,4.92,12.6,0,172,1.76,178,1 piece nfs,144
Pizza With Pepperoni Stuffed Crust,Baked Foods,296,15.01,37,709,27.19,1.5,2.62,12.92,0.1,217,1.97,233,1 piece nfs,164
Pizza With Pepperoni From School Lunch Medium Crust,Baked Foods,256,9.22,24,484,29.77,4.3,5.82,13.56,0,178,2.64,345,1 piece nfs,147
Pizza With Meat Other Than Pepperoni From Frozen Thin Crust,Baked Foods,269,12.18,23,490,27.13,2.8,3.58,12.4,0.1,214,2.09,208,1 piece nfs,97
Pizza With Meat Other Than Pepperoni From Frozen Medium Crust,Baked Foods,266,10.94,21,527,29.3,2.6,4.26,12.56,0.1,192,1.92,195,1 piece nfs,102
Pizza With Meat Other Than Pepperoni From Frozen Thick Crust,Baked Foods,264,9.71,18,565,31.48,2.4,4.93,12.71,0,169,1.75,181,1 piece nfs,144
Pizza With Meat Other Than Pepperoni Stuffed Crust,Baked Foods,281,13.16,33,627,27.49,1.5,2.8,12.9,0.1,217,1.98,236,1 piece nfs,164
Pizza With Meat Other Than Pepperoni From School Lunch Medium Crust,Baked Foods,254,8.45,26,445,31.41,4,5.62,12.94,0,203,2.15,334,1 piece nfs,147
Pizza With Extra Meat Thin Crust,Baked Foods,306,16.51,43,708,22.86,1.8,2.73,16.04,0.2,213,1.7,230,1 piece nfs,120
Pizza With Extra Meat Medium Crust,Baked Foods,277,12.46,30,603,26.73,1.8,2.94,14.05,0.1,153,2.32,201,1 piece nfs,150
Pizza With Extra Meat Thick Crust,Baked Foods,280,13.08,30,602,26.75,1.8,2.76,13.53,0.1,147,2.32,198,1 piece nfs,166
Pizza With Meat And Vegetables From Restaurant Or Fast Food Thin Crust,Baked Foods,271,13.2,30,617,25.12,2.1,3.34,12.72,0.1,225,1.61,213,1 piece nfs,113
Pizza With Meat And Vegetables From Restaurant Or Fast Food Thick Crust,Baked Foods,260,10.56,19,555,30.16,2,3.24,10.97,0,162,2.35,179,1 piece nfs,149
Pizza With Extra Meat And Extra Vegetables Thin Crust,Baked Foods,248,12.06,30,574,22.4,2.1,2.99,12.53,0.1,201,1.67,212,1 piece nfs,129
Pizza With Extra Meat And Extra Vegetables Thick Crust,Baked Foods,240,10.01,21,513,26.53,2,2.96,11.06,0,143,2.27,185,1 piece nfs,173
Pizza With Extra Meat And Extra Vegetables Medium Crust,Baked Foods,234,9.33,21,507,26.1,2,3.11,11.51,0,147,2.26,189,1 piece nfs,159
Pizza With Meat And Fruit Thin Crust,Baked Foods,254,11.51,28,716,25.6,2,4.5,11.98,0.1,218,1.43,200,1 piece nfs,115
Pizza With Meat And Fruit Medium Crust,Baked Foods,234,8.58,19,606,28.36,2,4.3,10.98,0.1,152,2.1,179,1 piece nfs,150
Pizza With Meat And Fruit Thick Crust,Baked Foods,245,9.52,19,604,29.26,2,3.95,10.58,0,152,2.17,175,1 piece nfs,157
Pizza With Beans And Vegetables Thin Crust,Baked Foods,226,9.48,19,532,25.22,3.3,2.75,10.24,0,200,1.55,235,1 piece nfs,129
Pizza With Beans And Vegetables Thick Crust,Baked Foods,225,8.18,13,483,28.48,2.8,2.8,9.44,0,142,2.19,202,1 piece nfs,173
Pizza No Cheese Thin Crust,Baked Foods,276,13.64,14,553,30.77,2,4.94,7.38,0.2,25,2.2,187,1 piece nfs,75
Pizza No Cheese Thick Crust,Baked Foods,292,12.13,10,515,37.95,2.1,5.4,7.41,0.1,22,2.45,160,1 piece nfs,124
White Pizza Cheese Thin Crust,Baked Foods,294,14.88,29,463,27.48,1.7,1.97,12.18,0.1,206,1.75,98,1 piece nfs,92
White Pizza Cheese Thick Crust,Baked Foods,289,12.53,23,481,32.16,2,2.22,11.48,0.1,180,2,100,1 piece nfs,141
White Pizza Cheese With Vegetables Thin Crust,Baked Foods,248,12.65,23,420,23.53,1.7,2.11,9.95,0.1,173,1.67,101,1 piece nfs,106
White Pizza Cheese With Vegetables Thick Crust,Baked Foods,252,11.07,19,442,28.11,2,2.29,9.76,0.1,157,1.89,102,1 piece nfs,155
White Pizza Cheese With Meat Thin Crust,Baked Foods,314,18.49,37,572,22.95,1.4,1.82,13.48,0.3,172,1.68,134,1 piece nfs,100
White Pizza Cheese With Meat Thick Crust,Baked Foods,307,15.87,30,568,27.69,1.7,2.06,12.67,0.3,155,1.9,130,1 piece nfs,154
White Pizza Cheese With Meat And Vegetables Thin Crust,Baked Foods,281,16.3,32,504,21.21,1.4,2.08,12.01,0.3,153,1.53,138,1 piece nfs,118
White Pizza Cheese With Meat And Vegetables Thick Crust,Baked Foods,279,14.29,27,511,25.75,1.7,2.25,11.51,0.2,141,1.75,134,1 piece nfs,155
Calzone With Cheese Meatless,Baked Foods,385,22.05,58,651,28.83,1.3,0.46,17.41,0.3,401,1.82,123,1 calzone or stromboli,424
Calzone With Meat And Cheese,Baked Foods,348,18.24,43,443,31.16,1.4,0.49,14.28,0.2,176,2.26,160,1 calzone or stromboli,424
Pizza Rolls,Baked Foods,345,10.5,6,631,53.39,1.3,3.94,9.19,0,132,1.9,317,1 cup,119
Pizza Cheese Whole Wheat Thin Crust,Baked Foods,273,13.28,21,495,28.88,4.1,2.57,11.04,0.1,178,2.21,185,1 piece nfs,119
Pizza Cheese Whole Wheat Thick Crust,Baked Foods,272,11.26,17,497,33.54,4.5,2.65,10.69,0.1,157,2.49,187,1 piece nfs,132
Pizza With Meat Whole Wheat Thin Crust,Baked Foods,297,17.22,31,599,24.04,3.3,2.31,12.57,0.3,148,2.06,205,1 piece nfs,124
Pizza With Meat Whole Wheat Thick Crust,Baked Foods,292,14.81,25,582,28.83,3.8,2.42,12,0.2,136,2.32,204,1 piece nfs,139
Pizza Cheese And Vegetables Whole Wheat Thin Crust,Baked Foods,231,11.35,17,445,24.61,3.6,2.58,9.02,0.1,150,2.03,170,1 piece nfs,133
Pizza Cheese And Vegetables Whole Wheat Thick Crust,Baked Foods,237,9.99,14,455,29.23,4.1,2.65,9.08,0.1,137,2.3,175,1 piece nfs,149
Pizza Cheese Gluten-Free Thin Crust,Baked Foods,264,14.16,21,469,25.84,2.5,2.9,8.32,0.1,210,1.64,110,1 piece nfs,119
Pizza Cheese Gluten-Free Thick Crust,Baked Foods,261,12.3,17,465,30,2.9,3.04,7.49,0.1,195,1.85,103,1 piece nfs,132
Pizza With Meat Gluten-Free Thin Crust,Baked Foods,290,17.93,31,578,21.58,2.1,2.58,10.36,0.3,174,1.6,144,1 piece nfs,124
Pizza With Meat Gluten-Free Thick Crust,Baked Foods,283,15.69,25,555,25.84,2.5,2.75,9.3,0.2,168,1.78,132,1 piece nfs,139
Pizza Cheese And Vegetables Gluten-Free Thin Crust,Baked Foods,223,12.05,17,424,22.19,2.4,2.85,6.85,0.1,175,1.58,111,1 piece nfs,133
Pizza Cheese And Vegetables Gluten-Free Thick Crust,Baked Foods,228,10.86,14,428,26.28,2.7,2.97,6.41,0.1,169,1.76,105,1 piece nfs,149
Breakfast Pizza With Egg,Fast Foods,297,15.21,73,563,26.21,1.6,2.11,13.19,0.4,180,1.89,119,1 piece nfs,144
Egg Roll Meatless,Prepared Meals,269,14.14,0,463,30.02,2.3,5.63,5.62,0,47,1.86,210,1 miniature egg roll,13
Egg Roll With Shrimp,Prepared Meals,269,14.14,0,463,30.02,2.3,5.63,5.62,0,47,1.86,210,1 miniature egg roll,13
Egg Roll With Beef And/or Pork,Prepared Meals,277,14.33,13,385,27.87,2,5.03,9.39,0.1,32,1.48,200,1 miniature roll,13
Egg Roll With Chicken Or Turkey,Prepared Meals,253,11.82,13,452,26.96,2.3,5.26,9.86,0,44,1.61,266,1 miniature egg roll,13
Roll With Meat And/or Shrimp Vegetables And Rice Paper Not Fried,Prepared Meals,111,2.63,22,389,17.13,2.1,3.91,5.53,0,35,0.63,219,"1 roll (4-1/4"" x 1-1/2"" dia)",71
Wonton Fried Filled With Meat Poultry Or Seafood,Prepared Meals,191,11.13,18,467,14.05,1.5,2.92,8.76,0.2,30,0.79,301,1 wonton any size,19
Wonton Fried Meatless,Prepared Meals,191,11.13,18,467,14.05,1.5,2.92,8.76,0.2,30,0.79,301,1 wonton any size,19
Wonton Fried Filled With Meat Poultry Or Seafood And Vegetable,Prepared Meals,191,11.13,18,467,14.05,1.5,2.92,8.76,0.2,30,0.79,301,1 wonton any size,19
Puffs Fried Crab Meat And Cream Cheese Filled,Prepared Meals,315,15.22,67,823,35.01,1.2,3.6,9.3,0.1,49,2.04,134,1 puff,23
Dumpling Steamed Filled With Meat Poultry Or Seafood,Prepared Meals,113,4.6,14,368,11.07,1.2,2.3,6.9,0.2,23,0.62,237,NULL,NULL
Tamale Casserole Puerto Rican Style,Prepared Meals,157,9.67,23,275,11.04,1.5,2.1,6.98,0,22,1.42,200,1 cup,237
Tamal In A Leaf Puerto Rican Style,Prepared Meals,153,8.16,52,290,11.78,1.5,5.66,9.42,0.5,25,0.95,317,"1 tamal (6"" x 2"" x 1/2"")",41
Taco With Crab Meat Puerto Rican Style,Prepared Meals,218,11.33,60,719,16.63,1.2,1.19,12.03,0.2,125,1.41,222,"1 taco (4-1/2"" dia)",121
Meat Turnover Puerto Rican Style,Prepared Meals,256,13.34,73,355,21.62,1.1,1.55,11.89,0.5,20,1.72,196,1 turnover,28
Empanada Mexican Turnover Filled With Cheese And Vegetables,Prepared Meals,319,16.58,48,509,34.39,1.6,4.75,8.61,0.3,161,2.09,162,1 small/appetizer,81
Empanada Mexican Turnover Filled With Chicken And Vegetables,Prepared Meals,285,12.77,52,460,33.18,1.5,4.44,9.66,0.2,56,2.1,194,1 small/appetizer,81
Meat Pie Puerto Rican Style,Prepared Meals,475,33.99,67,1151,25.36,1.1,0.52,15.7,0.5,121,2.94,261,"1 pie (9"" dia)",1110
Cheese Turnover Puerto Rican Style,Prepared Meals,420,25.71,35,757,36.79,1.3,0.23,9.68,0.5,260,2.4,67,1 turnover,21
Cornmeal Fritter Puerto Rican Style,Baked Foods,266,17.21,20,564,20.78,1,0.52,6.77,0.1,149,1.29,63,"1 fritter (2-1/2"" x 2-1/2"" x 1/4"")",40
Cornmeal Stick Puerto Rican Style,Baked Foods,410,20.58,10,415,48.5,2.4,1.03,6.94,0.1,80,2.76,100,"1 stick (3"" x 3/4"")",20
Kibby Puerto Rican Style,Meats,168,7.2,24,558,17.99,3.1,0.8,8.76,0,21,1.25,207,"1 fritter (3"" x 3"" x 1/2"")",55
Codfish Fritter Puerto Rican Style,Fish,278,7.45,32,190,36.02,1.3,0.14,15.32,0.3,83,2.41,193,"1 fritter (3-1/2"" x 3-1/2"")",34
Hayacas Puerto Rican Style,Meats,155,10.62,37,176,9.39,1.2,3.22,5.84,0.3,19,0.79,175,"1 hallaca (5-3/4"" x 2-1/2"" x 1/2"")",95
Cornstarch Coconut Dessert Puerto Rican Style,Sweets,279,22.51,0,72,20.87,2.1,13.03,2.18,0,15,1.58,249,1 cup,250
Cornmeal Coconut Dessert Puerto Rican Style,Sweets,292,20.49,0,220,27.72,2.3,16.3,2.82,0,14,1.94,241,1 cup,262
Crepe Filled With Meat Poultry Or Seafood With Sauce,Prepared Meals,184,11.04,69,381,8.01,0.5,1.77,13.1,0.8,108,1.37,167,1 crepe with filling any size,155
Crepe Filled With Meat Poultry Or Seafood No Sauce,Prepared Meals,194,10.58,91,412,11.13,0.8,2.09,13.71,0.5,47,1.01,209,1 crepe with filling any size,125
Dumpling Meat-Filled,Prepared Meals,359,22.81,35,438,25.37,0.9,0.13,12.54,0.1,11,2.37,118,1 dumpling any size,97
Dumpling Vegetable,Prepared Meals,164,3.76,7,468,27.4,1.7,0.93,5.05,0,52,1.58,141,1 dumpling any size,97
Gnocchi Cheese,Prepared Meals,178,11.84,63,270,9.41,0.2,0.16,8.37,0.4,167,0.79,80,1 cup,70
Gnocchi Potato,Prepared Meals,133,6.24,16,289,17.06,1,0.97,2.36,0.2,21,0.7,134,1 cup,188
Kishke Stuffed Derma,Prepared Meals,460,33.02,35,402,35.1,1.6,1.1,4.72,0.2,13,2.06,82,1 cubic inch cooked,18
Knish Potato,Prepared Meals,349,20.32,85,365,33.81,1.5,0.62,7.59,0.8,22,2.25,155,1 knish,61
Knish Cheese,Prepared Meals,342,19.46,83,452,31.11,1.1,1.02,10.16,0.8,45,2.21,107,1 knish,60
Knish Meat,Prepared Meals,349,21.28,95,422,25.65,1.1,0.74,13.12,0.7,26,2.55,171,1 knish,50
Sweet Bread Dough Filled With Meat Steamed,Prepared Meals,272,7.52,22,353,39.34,1.2,5.85,10.92,0.2,138,2.45,150,1 manapua,93
Sweet Bread Dough Filled With Bean Paste Meatless Steamed,Baked Foods,265,2.87,2,268,53.99,3.4,22.25,6.56,0.1,106,2.34,165,1 manapua,103
Pastry Cheese-Filled,Baked Foods,271,19.73,76,497,15.02,0.4,2.93,8.28,0.4,196,1.14,102,1 pastry,28
Pastry Egg And Cheese Filled,Prepared Meals,343,15.18,66,231,43.39,1.6,6.17,8.05,0.5,81,2.37,106,1 kolache,142
Pastry Meat / Poultry-Filled,Prepared Meals,338,18.85,72,408,30.64,1.1,4.63,11.23,0.8,59,2.01,178,1 kolache,85
Spanakopitta,Prepared Meals,206,15.19,77,375,10.53,1.3,0.96,7.51,0.3,163,2.02,300,1 cubic inch,12
Pastry Filled With Potatoes And Peas Fried,Prepared Meals,308,17.87,9,819,32.21,1.7,1.25,4.66,0.1,27,1.75,183,1 miniature samosa,9
Quiche With Meat Poultry Or Fish,Prepared Meals,386,30.7,148,576,11.73,0.7,1.94,15.79,1,235,1.06,179,"1 piece (1/8 of 9"" dia)",192
Spinach Quiche Meatless,Prepared Meals,296,23.48,123,309,11.46,1.2,1.9,10.46,0.9,247,1.65,200,"1 piece (1/8 of 9"" dia)",143
Cheese Quiche Meatless,Prepared Meals,364,29.32,154,367,13.29,0.8,2.25,12.25,1.1,271,1.06,118,"1 piece (1/8 of 9"" dia)",192
Turnover Filled With Ground Beef And Cabbage,Prepared Meals,237,8.24,20,260,29.72,1.7,0.95,10.28,0,26,2.35,176,1 bierock,215
Turnover Meat-Filled No Gravy,Prepared Meals,371,23.6,36,433,26.16,1,0.12,12.87,0.1,11,2.43,119,1 turnover,88
Turnover Meat-Filled With Gravy,Prepared Meals,249,15.47,23,482,17.99,0.7,0.16,9.38,0.1,9,1.77,104,1 turnover,152
Turnover Meat- And Cheese-Filled No Gravy,Prepared Meals,241,9.14,23,504,30.55,1.5,7.6,9.16,0.2,152,2,188,1 turnover,96
Turnover Meat- And Bean-Filled No Gravy,Prepared Meals,347,21.25,32,389,25.91,1.6,0.14,12.48,0.1,13,2.5,150,1 turnover,88
Turnover Meat- And Cheese-Filled Tomato-Based Sauce,Prepared Meals,253,10.47,20,439,30.45,2.2,7.73,9.32,0.2,181,2.08,204,1 turnover,73
Turnover Cheese-Filled Tomato-Based Sauce,Prepared Meals,270,10.86,23,687,31.37,1.8,9.05,11.77,0.1,317,2.13,206,1 hot pockets four cheese pizza,128
Turnover Filled With Meat And Vegetable No Potatoes No Gravy,Prepared Meals,305,18.82,29,348,22.98,1.4,1.01,10.69,0.1,14,2.07,139,1 turnover,88
Turnover Meat- Potato- And Vegetable-Filled No Gravy,Prepared Meals,292,17.73,27,330,22.87,1.2,0.92,9.98,0.1,14,1.9,150,1 turnover,88
Turnover Chicken With Gravy,Prepared Meals,279,17.92,26,440,20.15,0.7,1.96,9.42,0.6,59,1.29,149,1 turnover,112
Vegetables In Pastry,Prepared Meals,307,22.78,6,138,21.19,3.1,2.69,6.53,0.2,80,1.74,244,1 pastry,103
Vegetables And Cheese In Pastry,Prepared Meals,315,23.62,13,179,19.74,2.8,2.51,7.84,0.2,130,1.62,230,1 pastry,103
Croissant Sandwich Filled With Broccoli And Cheese,Fast Foods,268,15.2,41,453,26.04,1.2,4.6,7.05,0.1,135,1.32,105,1 croissant,113
Croissant Sandwich Filled With Ham And Cheese,Fast Foods,299,17.32,57,749,22.52,0.7,3.18,12.84,0.3,145,1.62,206,1 croissant,113
Croissant Sandwich Filled With Chicken Broccoli And Cheese Sauce,Fast Foods,271,14.71,56,463,22.06,0.9,3.78,12.29,0.1,89,1.47,167,1 croissant,128
Croissant Sandwich With Sausage And Egg,Fast Foods,350,23.97,167,520,21.65,1.2,5.45,11.33,0.5,35,1.93,146,1 croissant,142
Croissant Sandwich With Bacon And Egg,Fast Foods,329,20.47,225,480,22.09,1.2,5.87,13.46,0.5,43,2.15,172,1 croissant,113
Croissant Sandwich With Bacon Egg And Cheese,Fast Foods,312,19.97,167,602,20.79,1,4.8,12.58,0.8,117,1.7,156,1 croissant,131
Vegetable Submarine Sandwich With Fat Free Spread,Fast Foods,125,1.95,0,386,23.03,1.5,5.34,3.88,0,67,1.47,136,1 submarine,240
Vegetable Submarine Sandwich With Spread,Fast Foods,186,10.59,5,361,19.02,1.4,3.68,3.78,0,64,1.42,128,1 submarine,167
Biscuit With Gravy,Fast Foods,215,12.3,16,440,20.33,0.4,3.76,5.9,0.2,74,1.18,179,1 biscuit with gravy,221
Chicken Cornbread,Meats,167,8.14,108,460,9.34,0.4,0.27,13.81,0.4,18,1.06,153,"1 piece (2-1/2"" x 2-1/2"" x 1-1/2"")",67
Cornmeal Dressing With Chicken Or Turkey And Vegetables,Prepared Meals,236,14.37,93,562,19.16,1.2,3.51,7.56,0.5,99,2.42,142,1 cup,161
Dressing With Oysters,Prepared Meals,189,10.78,10,515,18.41,1.4,2.72,4.77,0.2,75,2.52,139,1 cup,161
Dressing With Chicken Or Turkey And Vegetables,Prepared Meals,217,11.15,72,524,21.01,1.6,2.84,7.98,0.2,73,2.7,131,1 cup,161
Dressing With Meat And Vegetables,Prepared Meals,261,16.85,19,687,20.52,1.4,2.79,6.73,0.4,68,2.04,134,1 cup,161
Lasagna With Meat,Prepared Meals,139,4.97,16,390,16.17,1.6,3.33,7.45,0,82,0.73,207,"1 piece (1/6 of 8"" square approx 2-1/2"" x 4"")",206
Lasagna With Meat Home Recipe,Prepared Meals,196,9.91,43,395,12.16,1,1.28,14.2,0.2,293,0.94,142,"1 piece (1/6 of 8"" square approx 2-1/2"" x 4"")",206
Lasagna With Meat And Spinach,Prepared Meals,197,9.83,42,394,12.77,1.1,1.84,13.86,0.2,284,1.05,183,"1 piece (1/6 of 8"" square approx 2-1/2"" x 4"")",206
Lasagna With Chicken Or Turkey,Prepared Meals,195,9.4,43,369,12.97,1,1.87,14.3,0.2,287,0.88,173,"1 piece (1/6 of 8"" square approx 2-1/2"" x 4"")",206
Lasagna With Chicken Or Turkey And Spinach,Prepared Meals,191,9.19,42,362,12.77,1.1,1.84,14.04,0.2,284,0.95,182,"1 piece (1/6 of 8"" square approx 2-1/2"" x 4"")",206
Lasagna Meatless With Vegetables,Prepared Meals,177,8.4,34,364,13.46,1.2,2.06,11.71,0.2,290,0.88,176,"1 piece (1/6 of 8"" square approx 2-1/2"" x 4"")",227
Lasagna With Meat Whole Wheat Noodles,Prepared Meals,198,10.29,43,403,12.74,1.6,1.93,14.17,0.2,289,1.1,189,"1 piece (1/6 of 8"" square approx 2-1/2"" x 4"")",206
Lasagna Meatless Whole Wheat Noodles,Prepared Meals,179,8.93,35,387,13.26,1.8,2.09,12.04,0.2,301,1.01,191,"1 piece (1/6 of 8"" square approx 2-1/2"" x 4"")",227
Lasagna With Meat Spinach Noodles,Prepared Meals,194,10.25,52,405,11.06,1.2,1.92,13.89,0.2,291,0.92,172,"1 piece (1/6 of 8"" square approx 2-1/2"" x 4"")",206
Lasagna Meatless Spinach Noodles,Prepared Meals,170,8.58,43,368,11.53,1.4,2.1,11.49,0.2,294,0.83,174,"1 piece (1/6 of 8"" square approx 2-1/2"" x 4"")",227
Ravioli Ns As To Filling No Sauce,Prepared Meals,186,7.06,93,286,19.09,0.7,0.24,10.7,0.4,61,1.87,116,1 piece,15
Ravioli Ns As To Filling With Tomato Sauce,Prepared Meals,139,5.95,59,394,14.1,0.9,1.48,7.18,0.3,44,1.5,160,1 piece,38
Ravioli Ns As To Filling With Cream Sauce,Prepared Meals,170,8.44,66,237,14.63,0.5,1.77,8.37,0.7,79,1.29,125,1 piece,38
Ravioli Meat-Filled No Sauce,Prepared Meals,189,7.23,92,779,17.45,0.6,0.23,12.48,0.4,31,2.1,143,1 piece,15
Ravioli Meat-Filled With Tomato Sauce Or Meat Sauce,Prepared Meals,148,6.12,61,599,14.31,1,1.75,8.67,0.2,27,1.89,214,1 piece,35
Ravioli Meat-Filled With Cream Sauce,Prepared Meals,175,8.67,68,584,13.52,0.4,1.66,10.04,0.6,57,1.5,147,1 piece,35
Ravioli Cheese-Filled No Sauce,Prepared Meals,177,6.65,91,642,20.33,0.7,0.24,8.36,0.5,92,1.55,81,1 piece,15
Ravioli Cheese-Filled With Tomato Sauce,Prepared Meals,98,2.3,10,246,15.22,1.2,3.6,3.98,0.1,69,0.82,205,1 piece,38
Ravioli Cheese-Filled With Meat Sauce,Prepared Meals,139,6.36,58,597,13.5,0.8,1.39,6.93,0.3,60,1.35,149,1 piece,35
Ravioli Cheese-Filled With Cream Sauce,Prepared Meals,163,8.18,64,474,15.26,0.5,1.81,6.68,0.7,101,1.05,101,1 piece,38
Ravioli Cheese And Spinach-Filled No Sauce,Prepared Meals,151,4.51,81,517,20.17,1.1,0.27,6.94,0.4,81,2.09,145,1 piece,15
Ravioli Cheese And Spinach-Filled With Cream Sauce,Prepared Meals,145,6.71,58,392,15.23,0.7,1.82,5.76,0.7,93,1.42,144,1 piece,38
Ravioli Cheese And Spinach Filled With Tomato Sauce,Prepared Meals,117,3.37,59,528,16.35,1.3,1.34,5.43,0.3,63,1.83,201,1 piece,38
Manicotti Cheese-Filled No Sauce,Prepared Meals,212,9.95,76,440,18.79,0.6,0.48,11.35,0.4,185,1.4,104,1 manicotti,127
Manicotti Cheese-Filled With Tomato Sauce Meatless,Prepared Meals,157,7.05,53,433,15.04,0.9,1.62,8.3,0.3,135,1.27,156,1 manicotti,143
Manicotti Cheese-Filled With Meat Sauce,Prepared Meals,164,7.7,55,431,14.03,0.8,1.51,9.45,0.3,128,1.36,166,1 manicotti,143
Manicotti Vegetable- And Cheese-Filled With Tomato Sauce Meatless,Prepared Meals,137,5.5,48,390,15.01,1.1,1.63,7.06,0.3,109,1.4,176,1 manicotti,143
Stuffed Shells Cheese-Filled No Sauce,Prepared Meals,210,9.07,78,425,20.66,0.7,0.51,10.79,0.5,159,1.54,103,1 shell (jumbo),60
Stuffed Shells Cheese-Filled With Tomato Sauce Meatless,Prepared Meals,149,6.14,52,420,15.82,0.9,1.73,7.58,0.3,112,1.35,159,1 shell (jumbo),85
Stuffed Shells Cheese-Filled With Meat Sauce,Prepared Meals,161,6.89,55,300,15.65,1,1.95,8.99,0.3,107,1.65,207,1 shell (jumbo),85
Stuffed Shells Cheese- And Spinach- Filled No Sauce,Prepared Meals,188,6.77,74,428,21.53,1.1,0.3,9.81,0.4,151,2.2,166,1 shell (jumbo),60
Stuffed Shells With Chicken With Tomato Sauce,Prepared Meals,136,3.27,66,280,16.06,1.1,2.07,10.66,0.2,24,1.71,246,1 shell (jumbo),83
Stuffed Shells With Fish And/or Shellfish With Tomato Sauce,Prepared Meals,116,1.85,69,333,15.94,1.1,2.05,8.75,0.4,42,1.88,218,1 shell (jumbo),83
Tortellini Meat-Filled With Tomato Sauce,Prepared Meals,134,4.97,40,620,15.87,1,1.27,6.4,0.2,37,1.19,123,1 cup,210
Tortellini Meat-Filled With Tomato Sauce Canned,Prepared Meals,91,1.89,16,317,15.32,1,1.95,3.5,0.1,25,1.09,138,1 cup,233
Tortellini Cheese-Filled Meatless With Tomato Sauce,Prepared Meals,149,3.71,18,288,22.71,1.6,2.69,6.18,0,71,0.8,161,1 cup,250
Tortellini Cheese-Filled Meatless With Tomato Sauce Canned,Prepared Meals,91,1.48,19,300,15.83,0.8,1.72,3.52,0.1,29,0.67,38,1 cup,247
Tortellini Cheese-Filled Meatless With Vegetables And Vinaigrette Dressing,Prepared Meals,222,15.04,12,277,15.1,1.7,1.22,6.61,0.1,129,0.81,137,1 cup,169
Tortellini Cheese-Filled Meatless With Vinaigrette Dressing,Prepared Meals,197,10.79,76,636,17.57,0.6,0.58,7.04,0.4,78,1.31,73,1 cup,169
Tortellini Meat-Filled No Sauce,Prepared Meals,191,7.52,114,440,17.86,0.6,0.21,11.96,0.6,66,1.64,129,1 cup,190
Tortellini Cheese-Filled With Cream Sauce,Prepared Meals,156,7.39,59,579,15.61,0.5,1.58,6.39,0.6,94,1.07,101,1 cup,250
Tortellini Cheese-Filled No Sauce,Prepared Meals,236,5.56,32,156,36.15,1.5,0.73,10.38,0,111,0.86,21,1 cup,150
Tortellini Spinach-Filled With Tomato Sauce,Prepared Meals,120,4.31,32,593,16.2,1.2,1.3,4.42,0.2,48,1.43,138,1 cup,200
Tortellini Spinach-Filled No Sauce,Prepared Meals,187,7.13,115,202,21.24,0.9,0.28,8.72,0.7,85,2.02,121,1 cup,122
Cannelloni Cheese- And Spinach-Filled No Sauce,Prepared Meals,158,6.71,42,604,17.41,1.2,0.75,6.95,0.2,106,1.88,174,1 cannelloni,74
Chow Fun Noodles With Meat And Vegetables,Prepared Meals,102,2.74,17,162,11.51,0.9,1.1,7.09,0.1,16,0.45,145,1 cup,152
Chow Fun Noodles With Vegetables Meatless,Prepared Meals,74,0.97,0,189,14.46,1.1,1.39,1.56,0,15,0.29,73,1 cup,152
Lo Mein With Shrimp,Prepared Meals,121,2.21,44,363,16.24,1,2.08,8.56,0.1,36,0.91,119,1 cup,200
Lo Mein With Pork,Prepared Meals,138,3.79,16,357,16.18,1,2.11,9.48,0.2,20,1.07,168,1 cup,200
Lo Mein With Beef,Prepared Meals,129,2.77,15,358,16.18,1,2.11,9.73,0.1,20,1.43,160,1 cup,200
Lo Mein With Chicken,Prepared Meals,130,3.15,22,413,16.15,1,2.11,9.15,0.1,20,1,140,1 cup,200
Pad Thai Nfs,Prepared Meals,153,7.39,45,385,14.32,1.2,4.14,8.12,0.1,21,0.65,148,1 cup,200
Pad Thai Meatless,Prepared Meals,164,9.08,26,346,16.31,1.7,4.74,5.77,0.1,64,1.14,121,1 cup,200
Pad Thai With Chicken,Prepared Meals,153,7.39,45,385,14.32,1.2,4.14,8.12,0.1,21,0.65,148,1 cup,200
Pad Thai With Seafood,Prepared Meals,145,6.7,57,350,15.01,1.2,4.28,6.82,0.2,33,0.58,126,1 cup,200
Pad Thai With Meat,Prepared Meals,158,7.81,40,338,14.69,1.2,4.25,8.16,0.2,20,0.92,139,1 cup,200
Adobo With Noodles,Meats,172,7.1,59,428,8.16,0.4,0.03,17.48,0.4,16,1.12,174,1 cup,224
Spaghetti With Corned Beef Puerto Rican Style,Prepared Meals,251,14.28,30,438,17.38,1.1,0.85,12.83,0.1,72,1.35,112,1 cup,215
Macaroni With Tuna Puerto Rican Style,Prepared Meals,147,4.74,9,363,18.09,0.9,2.22,7.76,0.7,51,1.09,118,1 cup,225
Macaroni Or Noodles With Cheese,Prepared Meals,221,10.26,24,364,23.16,1.2,2.52,8.58,0.6,169,1.06,97,1 cup,230
Macaroni Or Noodles With Cheese Made From Packaged Mix,Prepared Meals,177,7.87,14,167,22.14,1,3.44,4.63,0.2,57,0.64,47,1 cup,230
Macaroni Or Noodles With Cheese Easy Mac Type,Prepared Meals,110,1.86,2,259,20.1,0.5,2.33,3.26,0,95,0.67,99,1 cup,230
Macaroni Or Noodles With Cheese Made From Reduced Fat Packaged Mix,Prepared Meals,129,4.73,11,176,17.27,0.6,2.11,4.56,0.2,76,0.44,34,1 cup,230
Macaroni Or Noodles With Cheese And Tuna,Prepared Meals,162,6.66,19,187,18.19,0.8,2.82,7.67,0.4,50,0.85,74,1 cup,230
Macaroni Or Noodles With Cheese And Meat,Prepared Meals,209,11.05,39,248,15.12,0.7,2.35,11.78,0.2,47,1.27,134,1 cup,230
Macaroni Or Noodles With Cheese And Meat Prepared From Hamburger Helper Mix,Prepared Meals,144,7.55,26,286,10.28,0.3,2.4,8.22,0.5,51,0.98,123,1 cup,230
Macaroni Or Noodles With Cheese And Tomato,Prepared Meals,146,6.4,11,136,18.71,1.1,3.34,3.93,0.2,48,0.57,89,1 cup,230
Macaroni Or Noodles With Cheese And Frankfurters Or Hot Dogs,Prepared Meals,212,12.43,24,312,18.74,0.8,3.06,6.28,0.4,50,0.76,112,1 cup,230
Macaroni Or Noodles With Cheese And Egg,Prepared Meals,187,9.62,79,220,18.96,0.8,2.99,6.2,0.6,59,0.86,65,1 cup,230
Macaroni Or Noodles With Cheese And Chicken Or Turkey,Prepared Meals,176,7.5,49,233,14.81,0.7,2.3,12.52,0.2,43,0.69,130,1 cup,230
Pasta With Tomato-Based Sauce Cheese And Meat,Prepared Meals,149,7.28,60,325,12.6,0.8,1.3,8.13,0.2,57,1.42,159,1 cannelloni,86
Pasta With Tomato-Based Sauce And Cheese,Prepared Meals,118,4.83,6,414,14.63,1.7,3.19,3.72,0,49,0.87,213,1 cup,250
Pasta With Vegetables No Sauce Or Dressing,Prepared Meals,143,3.48,0,149,23.22,2.4,1.24,4.44,0,14,1.04,100,1 cup,150
Pasta Meat-Filled With Gravy Canned,Prepared Meals,131,3.08,7,433,20.42,0.8,0.68,4.8,0,17,1.25,77,1 cup,250
Pasta With Sauce Nfs,Prepared Meals,125,2.63,9,207,18.91,1.6,2.21,5.86,0,16,1.17,175,1 cup,250
Pasta With Sauce Meatless School Lunch,Prepared Meals,102,1.6,1,88,19.44,2.9,3.03,3.78,0,20,1.27,203,1 cup,250
Pasta With Tomato-Based Sauce Restaurant,Prepared Meals,159,8.03,1,395,18.14,1.7,2.46,3.4,0,15,0.95,164,1 cup,250
Pasta With Tomato-Based Sauce Home Recipe,Prepared Meals,106,1.26,1,211,19.58,1.8,2.65,3.68,0,16,1.01,177,1 cup,250
Pasta With Tomato-Based Sauce Ready-To-Heat,Prepared Meals,120,3.04,1,347,19.15,1.8,2.6,3.6,0,16,1,173,1 cup,250
Pasta With Tomato-Based Sauce And Added Vegetables Restaurant,Prepared Meals,156,7.89,1,349,17.88,1.6,2.22,3.4,0,14,0.96,157,1 cup,250
Pasta With Tomato-Based Sauce And Added Vegetables Home Recipe,Prepared Meals,103,1.11,1,162,19.3,1.8,2.4,3.68,0,14,1.03,170,1 cup,250
Pasta With Tomato-Based Sauce And Added Vegetables Ready-To-Heat,Prepared Meals,117,2.9,1,299,18.89,1.7,2.35,3.6,0,14,1.01,166,1 cup,250
Pasta With Sauce And Meat From School Lunch,Prepared Meals,117,3.12,10,119,17.5,2.6,2.73,5.95,0,20,1.39,213,1 cup,250
Pasta With Tomato-Based Sauce And Meat Restaurant,Prepared Meals,177,9.3,8,391,17.51,1.5,2.05,5.42,0,15,1.1,162,1 cup,250
Pasta With Tomato-Based Sauce And Meat Home Recipe,Prepared Meals,125,2.63,9,207,18.91,1.6,2.21,5.86,0,16,1.17,175,1 cup,250
Pasta With Tomato-Based Sauce And Meat Ready-To-Heat,Prepared Meals,138,4.38,8,343,18.5,1.6,2.16,5.73,0,16,1.15,171,1 cup,250
Pasta With Tomato-Based Sauce Meat And Added Vegetables Restaurant,Prepared Meals,174,9.19,8,354,17.31,1.5,1.86,5.42,0,14,1.11,157,1 cup,250
Pasta With Tomato-Based Sauce Meat And Added Vegetables Home Recipe,Prepared Meals,123,2.51,8,167,18.68,1.6,2.01,5.86,0,15,1.18,169,1 cup,250
Pasta With Tomato-Based Sauce Meat And Added Vegetables Ready-To-Heat,Prepared Meals,136,4.27,8,304,18.28,1.6,1.96,5.73,0,14,1.16,166,1 cup,250
Pasta With Tomato-Based Sauce And Poultry Restaurant,Prepared Meals,169,8.47,8,389,17.51,1.5,2.05,5.6,0,15,0.98,161,1 cup,250
Pasta With Tomato-Based Sauce And Poultry Home Recipe,Prepared Meals,117,1.74,9,204,18.91,1.6,2.21,6.04,0,16,1.04,174,1 cup,250
Pasta With Tomato-Based Sauce And Poultry Ready-To-Heat,Prepared Meals,131,3.51,9,340,18.5,1.6,2.16,5.91,0,15,1.02,170,1 cup,250
Pasta With Tomato-Based Sauce Poultry And Added Vegetables Restaurant,Prepared Meals,167,8.36,8,352,17.31,1.5,1.86,5.6,0,13,0.98,156,1 cup,250
Pasta With Tomato-Based Sauce Poultry And Added Vegetables Home Recipe,Prepared Meals,115,1.62,9,164,18.68,1.6,2.01,6.04,0,14,1.05,168,1 cup,250
Pasta With Tomato-Based Sauce Poultry And Added Vegetables Ready-To-Heat,Prepared Meals,128,3.4,8,301,18.28,1.6,1.96,5.91,0,14,1.03,164,1 cup,250
Pasta With Tomato-Based Sauce And Seafood Restaurant,Prepared Meals,165,8.02,13,399,17.76,1.5,2.05,5.16,0,22,1.09,167,1 cup,250
Pasta With Tomato-Based Sauce And Seafood Home Recipe,Prepared Meals,112,1.25,14,216,19.17,1.6,2.21,5.57,0,23,1.17,180,1 cup,250
Pasta With Tomato-Based Sauce And Seafood Ready-To-Heat,Prepared Meals,126,3.03,14,352,18.76,1.6,2.16,5.45,0,23,1.14,176,1 cup,250
Pasta With Tomato-Based Sauce Seafood And Added Vegetables Restaurant,Prepared Meals,163,7.91,13,362,17.55,1.5,1.86,5.16,0,20,1.1,161,1 cup,250
Pasta With Tomato-Based Sauce Seafood And Added Vegetables Home Recipe,Prepared Meals,110,1.13,14,176,18.95,1.6,2.01,5.57,0,22,1.18,174,1 cup,250
Pasta With Tomato-Based Sauce Seafood And Added Vegetables Ready-To-Heat,Prepared Meals,124,2.92,14,312,18.54,1.6,1.96,5.44,0,22,1.16,170,1 cup,250
Pasta With Cream Sauce Restaurant,Prepared Meals,202,13.95,20,572,15.21,0.9,0.68,3.97,0.2,40,0.66,36,1 cup,250
Pasta With Cream Sauce Home Recipe,Prepared Meals,153,7.71,22,260,16.48,0.9,0.73,4.3,0.2,43,0.7,39,1 cup,250
Pasta With Cream Sauce Ready-To-Heat,Prepared Meals,166,9.35,21,395,16.12,0.9,0.72,4.2,0.2,42,0.69,38,1 cup,250
Pasta With Cream Sauce And Added Vegetables Restaurant,Prepared Meals,189,12.42,15,516,15.63,1,0.86,3.83,0.2,33,0.74,60,1 cup,250
Pasta With Cream Sauce And Added Vegetables From Home Recipe,Prepared Meals,139,6.05,17,200,16.93,1.1,0.93,4.15,0.2,35,0.79,64,1 cup,250
Pasta With Cream Sauce And Added Vegetables Ready-To-Heat,Prepared Meals,152,7.73,16,336,16.57,1.1,0.91,4.06,0.2,34,0.77,63,1 cup,250
Pasta With Cream Sauce And Meat Restaurant,Prepared Meals,211,14.1,24,560,15.13,0.9,0.6,5.87,0.2,35,0.86,59,1 cup,250
Pasta With Cream Sauce And Meat Home Recipe,Prepared Meals,163,7.87,25,248,16.39,0.9,0.65,6.36,0.2,38,0.92,63,1 cup,250
Pasta With Cream Sauce And Meat Ready-To-Heat,Prepared Meals,176,9.51,25,383,16.03,0.9,0.64,6.22,0.2,37,0.9,62,1 cup,250
Pasta With Cream Sauce Meat And Added Vegetables Restaurant,Prepared Meals,201,12.86,20,514,15.47,1,0.75,5.76,0.1,29,0.92,77,1 cup,250
Pasta With Cream Sauce Meat And Added Vegetables Home Recipe,Prepared Meals,152,6.52,21,198,16.76,1.1,0.81,6.24,0.2,31,0.99,84,1 cup,250
Pasta With Cream Sauce Meat And Added Vegetables Ready-To-Heat,Prepared Meals,164,8.19,21,334,16.39,1,0.8,6.11,0.2,31,0.97,82,1 cup,250
Pasta With Cream Sauce And Poultry Restaurant,Prepared Meals,204,13.28,24,557,15.13,0.9,0.6,6.04,0.2,35,0.74,57,1 cup,250
Pasta With Cream Sauce And Poultry Home Recipe,Prepared Meals,155,6.98,26,245,16.39,0.9,0.65,6.55,0.2,38,0.78,62,1 cup,250
Pasta With Cream Sauce And Poultry Ready-To-Heat,Prepared Meals,168,8.64,25,380,16.03,0.9,0.64,6.4,0.2,37,0.77,61,1 cup,250
Pasta With Cream Sauce Poultry And Added Vegetables Restaurant,Prepared Meals,193,12.04,20,511,15.47,1,0.75,5.93,0.2,29,0.8,76,1 cup,250
Pasta With Cream Sauce Poultry And Added Vegetables Home Recipe,Prepared Meals,144,5.63,22,195,16.76,1.1,0.81,6.43,0.2,31,0.85,83,1 cup,250
Pasta With Cream Sauce Poultry And Added Vegetables Ready-To-Heat,Prepared Meals,157,7.32,21,331,16.39,1,0.8,6.29,0.2,30,0.84,81,1 cup,250
Pasta With Cream Sauce And Seafood Restaurant,Prepared Meals,199,12.83,29,568,15.37,0.9,0.6,5.6,0.2,42,0.86,63,1 cup,250
Pasta With Cream Sauce And Seafood Home Recipe,Prepared Meals,150,6.49,31,256,16.66,0.9,0.65,6.07,0.2,45,0.91,68,1 cup,250
Pasta With Cream Sauce And Seafood Ready-To-Heat,Prepared Meals,163,8.16,31,391,16.29,0.9,0.64,5.94,0.2,44,0.9,67,1 cup,250
Pasta With Cream Sauce Seafood And Added Vegetables Restaurant,Prepared Meals,189,11.58,25,522,15.72,1,0.75,5.49,0.1,36,0.92,82,1 cup,250
Pasta With Cream Sauce Seafood And Added Vegetables Home Recipe,Prepared Meals,139,5.14,27,207,17.02,1.1,0.81,5.95,0.2,39,0.98,89,1 cup,250
Pasta With Cream Sauce Seafood And Added Vegetables Ready-To-Heat,Prepared Meals,152,6.84,27,343,16.66,1,0.8,5.82,0.2,38,0.96,87,1 cup,250
Pasta Whole Grain With Tomato-Based Sauce Restaurant,Prepared Meals,155,8.4,1,396,17.76,2.7,2.55,3.5,0,18,1.16,189,1 cup,250
Pasta Whole Grain With Tomato-Based Sauce Home Recipe,Prepared Meals,101,1.66,1,212,19.17,2.9,2.75,3.78,0,19,1.24,204,1 cup,250
Pasta Whole Grain With Tomato-Based Sauce Ready-To-Heat,Prepared Meals,115,3.44,1,348,18.75,2.8,2.69,3.69,0,19,1.22,199,1 cup,250
Pasta Whole Grain With Tomato-Based Sauce And Added Vegetables Restaurant,Prepared Meals,152,8.27,1,351,17.5,2.6,2.32,3.5,0,16,1.18,182,1 cup,250
Pasta Whole Grain With Tomato-Based Sauce And Added Vegetables Home Recipe,Prepared Meals,98,1.52,1,163,18.9,2.8,2.5,3.77,0,18,1.25,197,1 cup,250
Pasta Whole Grain With Tomato-Based Sauce And Added Vegetables Ready-To-Heat,Prepared Meals,112,3.3,1,300,18.48,2.8,2.45,3.69,0,17,1.23,192,1 cup,250
Pasta Whole Grain With Tomato-Based Sauce And Meat Restaurant,Prepared Meals,172,9.67,8,393,17.13,2.5,2.14,5.52,0,18,1.31,187,1 cup,250
Pasta Whole Grain With Tomato-Based Sauce And Meat Home Recipe,Prepared Meals,120,3.04,9,209,18.5,2.7,2.31,5.96,0,19,1.4,202,1 cup,250
Pasta Whole Grain With Tomato-Based Sauce And Meat Ready-To-Heat,Prepared Meals,134,4.78,8,345,18.1,2.7,2.26,5.83,0,19,1.37,198,1 cup,250
Pasta Whole Grain With Tomato-Based Sauce Meat And Added Vegetables Restaurant,Prepared Meals,170,9.56,8,356,16.93,2.5,1.95,5.52,0,17,1.32,182,1 cup,250
Pasta Whole Grain With Tomato-Based Sauce Meat And Added Vegetables Home Recipe,Prepared Meals,118,2.92,8,169,18.28,2.7,2.1,5.95,0,18,1.41,196,1 cup,250
Pasta Whole Grain With Tomato-Based Sauce Meat And Added Vegetables Ready-To-Heat,Prepared Meals,131,4.66,8,306,17.88,2.6,2.06,5.82,0,17,1.38,192,1 cup,250
Pasta Whole Grain With Tomato-Based Sauce And Poultry Restaurant,Prepared Meals,165,8.85,8,390,17.13,2.5,2.14,5.69,0,18,1.19,186,1 cup,250
Pasta Whole Grain With Tomato-Based Sauce And Poultry Home Recipe,Prepared Meals,112,2.14,9,206,18.5,2.7,2.31,6.14,0,19,1.27,201,1 cup,250
Pasta Whole Grain With Tomato-Based Sauce And Poultry Ready-To-Heat,Prepared Meals,126,3.91,9,342,18.1,2.7,2.26,6.01,0,18,1.24,197,1 cup,250
Pasta Whole Grain With Tomato-Based Sauce Poultry And Added Vegetables Restaurant,Prepared Meals,163,8.74,8,353,16.93,2.5,1.95,5.69,0,16,1.2,181,1 cup,250
Pasta Whole Grain With Tomato-Based Sauce Poultry And Added Vegetables Home Recipe,Prepared Meals,110,2.03,9,166,18.28,2.7,2.1,6.14,0,17,1.28,195,1 cup,250
Pasta Whole Grain With Tomato-Based Sauce Poultry And Added Vegetables Ready-To-Heat,Prepared Meals,124,3.79,8,303,17.88,2.6,2.06,6.01,0,17,1.25,191,1 cup,250
Pasta Whole Grain With Tomato-Based Sauce And Seafood Restaurant,Prepared Meals,161,8.39,13,401,17.38,2.5,2.14,5.25,0,25,1.3,192,1 cup,250
Pasta Whole Grain With Tomato-Based Sauce And Seafood Home Recipe,Prepared Meals,108,1.65,14,217,18.76,2.7,2.31,5.67,0,26,1.4,207,1 cup,250
Pasta Whole Grain With Tomato-Based Sauce And Seafood Ready-To-Heat,Prepared Meals,121,3.43,14,353,18.36,2.7,2.26,5.54,0,26,1.37,202,1 cup,250
Pasta Whole Grain With Tomato-Based Sauce Seafood And Added Vegetables Restaurant,Prepared Meals,158,8.28,13,364,17.17,2.5,1.95,5.25,0,23,1.31,186,1 cup,250
Pasta Whole Grain With Tomato-Based Sauce Seafood And Added Vegetables Home Recipe,Prepared Meals,105,1.53,14,177,18.54,2.7,2.1,5.66,0,25,1.4,201,1 cup,250
Pasta Whole Grain With Tomato-Based Sauce Seafood And Added Vegetables Ready-To-Heat,Prepared Meals,119,3.31,14,314,18.14,2.6,2.06,5.54,0,25,1.38,197,1 cup,250
Pasta Whole Grain With Cream Sauce Restaurant,Prepared Meals,197,14.33,20,573,14.83,1.9,0.77,4.06,0.2,43,0.87,61,1 cup,250
Pasta Whole Grain With Cream Sauce Home Recipe,Prepared Meals,148,8.11,22,262,16.07,2,0.83,4.4,0.2,46,0.93,66,1 cup,250
Pasta Whole Grain With Cream Sauce Ready-To-Heat,Prepared Meals,161,9.75,21,397,15.72,2,0.82,4.3,0.2,45,0.91,65,1 cup,250
Pasta Whole Grain With Cream Sauce And Added Vegetables Restaurant,Prepared Meals,184,12.79,15,517,15.25,2,0.95,3.92,0.2,36,0.95,84,1 cup,250
Pasta Whole Grain With Cream Sauce And Added Vegetables Home Recipe,Prepared Meals,134,6.45,17,201,16.52,2.2,1.03,4.25,0.2,38,1.01,91,1 cup,250
Pasta Whole Grain With Cream Sauce And Added Vegetables Ready-To-Heat,Prepared Meals,147,8.12,16,337,16.16,2.1,1.01,4.16,0.2,38,1,89,1 cup,250
Pasta Whole Grain With Cream Sauce And Meat Restaurant,Prepared Meals,207,14.48,24,561,14.75,1.9,0.69,5.96,0.2,38,1.07,84,1 cup,250
Pasta Whole Grain With Cream Sauce And Meat Home Recipe,Prepared Meals,158,8.28,25,249,15.98,2,0.75,6.46,0.2,41,1.14,90,1 cup,250
Pasta Whole Grain With Cream Sauce And Meat Ready-To-Heat,Prepared Meals,171,9.91,25,384,15.63,2,0.73,6.32,0.2,40,1.12,88,1 cup,250
Pasta Whole Grain With Cream Sauce Meat And Added Vegetables Restaurant,Prepared Meals,196,13.23,20,516,15.09,2,0.84,5.85,0.1,32,1.14,102,1 cup,250
Pasta Whole Grain With Cream Sauce Meat And Added Vegetables Home Recipe,Prepared Meals,147,6.93,21,200,16.35,2.2,0.91,6.34,0.2,34,1.21,111,1 cup,250
Pasta Whole Grain With Cream Sauce Meat And Added Vegetables Ready-To-Heat,Prepared Meals,160,8.59,21,336,15.99,2.1,0.89,6.2,0.2,34,1.19,108,1 cup,250
Pasta Whole Grain With Cream Sauce And Poultry Restaurant,Prepared Meals,199,13.66,24,559,14.75,1.9,0.69,6.13,0.2,38,0.95,82,1 cup,250
Pasta Whole Grain With Cream Sauce And Poultry Home Recipe,Prepared Meals,150,7.39,26,246,15.98,2,0.75,6.64,0.2,41,1.01,89,1 cup,250
Pasta Whole Grain With Cream Sauce And Poultry Ready-To-Heat,Prepared Meals,163,9.04,25,381,15.63,2,0.73,6.5,0.2,40,0.99,87,1 cup,250
Pasta Whole Grain With Cream Sauce Poultry And Added Vegetables Restaurant,Prepared Meals,189,12.41,20,513,15.09,2,0.84,6.02,0.2,32,1.01,101,1 cup,250
Pasta Whole Grain With Cream Sauce Poultry And Added Vegetables Home Recipe,Prepared Meals,139,6.04,22,197,16.35,2.2,0.91,6.52,0.2,34,1.08,110,1 cup,250
Pasta Whole Grain With Cream Sauce Poultry And Added Vegetables Ready-To-Heat,Prepared Meals,152,7.72,21,333,15.99,2.1,0.89,6.38,0.2,34,1.06,107,1 cup,250
Pasta Whole Grain With Cream Sauce And Seafood Restaurant,Prepared Meals,195,13.2,29,569,15,1.9,0.69,5.7,0.2,45,1.06,88,1 cup,250
Pasta Whole Grain With Cream Sauce And Seafood Home Recipe,Prepared Meals,146,6.89,31,258,16.24,2,0.75,6.17,0.2,48,1.14,95,1 cup,250
Pasta Whole Grain With Cream Sauce And Seafood Ready-To-Heat,Prepared Meals,159,8.55,31,392,15.89,2,0.73,6.04,0.2,47,1.12,93,1 cup,250
Pasta Whole Grain With Cream Sauce Seafood And Added Vegetables Restaurant,Prepared Meals,185,11.95,25,523,15.34,2,0.84,5.58,0.1,39,1.13,107,1 cup,250
Pasta Whole Grain With Cream Sauce Seafood And Added Vegetables Home Recipe,Prepared Meals,134,5.54,27,208,16.61,2.2,0.91,6.05,0.2,42,1.21,116,1 cup,250
Pasta Whole Grain With Cream Sauce Seafood And Added Vegetables Ready-To-Heat,Prepared Meals,148,7.23,27,344,16.25,2.1,0.89,5.92,0.2,41,1.19,113,1 cup,250
Pasta With Tomato-Based Sauce And Beans Or Lentils,Prepared Meals,125,2.33,1,257,20.73,3,2,5.22,0,36,1.71,276,1 cup,227
Macaroni Or Noodles Creamed With Cheese,Prepared Meals,157,5.49,15,256,21.78,1.3,0.69,4.9,0.2,31,0.92,42,1 cup,230
Macaroni Or Noodles Creamed With Cheese And Tuna,Prepared Meals,143,4.53,19,255,17.14,1,0.54,8.08,0.4,28,1.08,72,1 cup,230
Flavored Pasta,Prepared Meals,87,2.23,0,174,14.44,0.4,0.99,2.46,0,6,0.41,21,1 cup,185
Yat Ga Mein With Meat Fish Or Poultry,Prepared Meals,135,4.86,26,391,12.28,1.2,2.24,10.03,0.1,22,1.28,200,1 cup,205
Macaroni Or Pasta Salad Made With Mayonnaise,Prepared Meals,221,11.52,6,204,24.64,1.4,1.85,4.46,0,8,1.02,49,1 cup,204
Macaroni Or Pasta Salad Made With Light Mayonnaise,Prepared Meals,159,4.16,2,239,25.68,1.4,2.3,4.32,0,8,1,50,1 cup,204
Macaroni Or Pasta Salad Made With Mayonnaise-Type Salad Dressing,Prepared Meals,160,4.01,3,210,26.58,1.4,3.28,4.38,0,8,1,51,1 cup,204
Macaroni Or Pasta Salad Made With Light Mayonnaise-Type Salad Dressing,Prepared Meals,159,4.16,2,239,25.68,1.4,2.3,4.32,0,8,1,50,1 cup,204
Macaroni Or Pasta Salad Made With Italian Dressing,Prepared Meals,132,3.7,0,225,20.88,1.7,2.38,3.7,0,16,1.03,104,1 cup,204
Macaroni Or Pasta Salad Made With Light Italian Dressing,Prepared Meals,115,1.98,0,214,20.59,1.7,2.21,3.69,0,16,1.02,105,1 cup,204
Macaroni Or Pasta Salad Made With Creamy Dressing,Prepared Meals,155,6.6,3,216,20.09,1.7,1.66,3.81,0,18,1.03,102,1 cup,204
Macaroni Or Pasta Salad Made With Light Creamy Dressing,Prepared Meals,122,2.9,0,209,20.2,1.7,1.79,3.82,0,15,1.01,98,1 cup,204
Macaroni Or Pasta Salad Made With Any Type Of Fat Free Dressing,Prepared Meals,134,1.14,1,239,26.54,1.7,3.42,4.26,0,8,0.98,53,1 cup,204
Macaroni Or Pasta Salad With Egg,Prepared Meals,215,11.44,39,196,22.53,1.3,1.79,5.19,0.2,12,1.03,56,1 cup,204
Macaroni Or Pasta Salad With Tuna,Prepared Meals,201,9.9,11,210,20.86,1.2,1.57,6.76,0.2,9,1.11,69,1 cup,204
Macaroni Or Pasta Salad With Crab Meat,Prepared Meals,200,9.9,20,232,20.93,1.2,1.57,6.48,0,21,0.94,81,1 cup,204
Macaroni Or Pasta Salad With Shrimp,Prepared Meals,204,10.06,41,299,21.1,1.2,1.58,6.76,0,28,1.18,53,1 cup,204
Macaroni Or Pasta Salad With Tuna And Egg,Prepared Meals,197,9.96,39,204,19.34,1.1,1.53,7.21,0.4,13,1.12,73,1 cup,204
Macaroni Or Pasta Salad With Chicken,Prepared Meals,213,10.75,22,225,20.93,1.2,1.57,7.82,0,9,0.98,84,1 cup,204
Macaroni Or Pasta Salad With Cheese,Prepared Meals,245,14.34,18,262,21.86,1.3,1.67,6.84,0.1,99,0.9,52,1 cup,204
Macaroni Or Pasta Salad With Meat,Prepared Meals,211,10.59,14,378,20.82,1.2,1.56,7.66,0.2,8,1.01,90,1 cup,204
Noodle Pudding,Prepared Meals,209,7.34,88,69,30.97,1.5,10.33,5.94,0.5,27,1.63,143,1 cup,144
Noodle Pudding With Milk,Sweets,257,7.09,14,61,43.25,1.2,26.08,6.16,0.9,101,1.01,204,1 cup,144
Somen Salad With Noodles Lettuce Egg Fish And Pork,Prepared Meals,137,6.11,117,333,8.85,0.8,0.9,11.31,0.8,28,1.19,179,1 cup,160
Bibimbap Korean,Prepared Meals,79,2.81,12,422,8.34,1,1.46,5.38,0,33,1.35,222,1 cup,162
Rice Fried With Chicken,Prepared Meals,173,3.47,32,381,27.87,0.9,0.48,7.46,0,12,0.67,106,1 cup,198
Rice Fried With Pork,Prepared Meals,179,3.96,27,338,27.87,0.9,0.48,7.74,0.1,13,0.72,128,1 cup,198
Rice Fried With Beef,Prepared Meals,178,3.87,29,335,27.87,0.9,0.48,8.04,0,11,0.94,102,1 cup,198
Rice Fried With Shrimp,Prepared Meals,166,2.77,47,346,28.1,0.9,0.48,6.86,0,24,0.61,90,1 cup,198
Dukboki Or Tteokbokki Korean,Prepared Meals,132,4.06,6,197,19.86,1,1.56,3.91,0,20,0.41,102,1 cup,250
Adobo With Rice,Meats,181,7.37,62,437,8.88,0.2,0.03,18.3,0.4,18,1.47,189,1 cup,244
Sushi Nfs,Prepared Meals,93,0.67,4,429,18.42,1,2.13,2.92,0,6,0.22,47,1 piece,30
Sushi Roll Avocado,Prepared Meals,92,1.46,0,361,17.71,1.4,1.21,1.81,0,5,0.21,69,1 piece,30
Sushi Roll California,Prepared Meals,93,0.67,4,429,18.42,1,2.13,2.92,0,6,0.22,47,1 piece,30
Sushi Roll Eel,Prepared Meals,127,3.71,39,424,15.3,0.7,0.92,7.1,7.2,9,0.28,82,1 piece,30
Sushi Roll Salmon,Prepared Meals,103,1.28,12,351,15.3,0.7,0.92,6.88,3.4,5,0.23,101,1 piece,30
Sushi Roll Shrimp,Prepared Meals,100,0.55,51,359,15.67,0.7,0.92,7.01,0,25,0.2,53,1 piece,30
Sushi Roll Tuna,Prepared Meals,97,0.25,10,343,15.3,0.7,0.92,7.4,0.4,4,0.31,119,1 piece,30
Sushi Roll Vegetable,Prepared Meals,92,1.46,0,361,17.71,1.4,1.21,1.81,0,5,0.21,69,1 piece,22
Sushi Topped With Crab,Prepared Meals,95,0.27,7,474,18.59,0.8,2.97,3.85,0,6,0.22,37,1 piece,35
Sushi Topped With Eel,Prepared Meals,142,5.19,55,422,13.39,0.6,0.8,9.24,10.2,10,0.31,107,1 piece,35
Sushi Topped With Salmon,Prepared Meals,107,1.74,18,318,13.39,0.6,0.8,8.92,4.9,5,0.24,133,1 piece,35
Sushi Topped With Shrimp,Prepared Meals,103,0.7,73,329,13.92,0.6,0.8,9.1,0,33,0.2,65,1 piece,35
Sushi Topped With Tuna,Prepared Meals,100,0.28,14,306,13.39,0.6,0.8,9.66,0.6,3,0.36,159,1 piece,35
Sushi Topped With Egg,Prepared Meals,116,4.63,168,412,10.74,0.4,1.45,7,1.1,43,0.87,88,1 piece,50
Rice With Chicken Puerto Rican Style,Prepared Meals,297,14.02,42,729,31.46,0.8,0.46,10.14,0.1,20,1.96,153,1 cup with bone (yield after bone removed),157
Paella With Meat Valenciana Style,Prepared Meals,270,12.54,97,892,16.74,0.5,0.69,21.71,0.2,31,1.95,258,1 cup with bone (yield after bone removed),137
Seafood Paella Puerto Rican Style,Prepared Meals,144,5.48,41,233,15.69,0.9,0.89,7.61,0.5,34,1.08,116,1 cup,230
Soupy Rice With Chicken Puerto Rican Style,Soups and Sauces,151,4.02,42,755,16.49,1.4,1.17,12.08,0,20,1.36,191,1 cup with bone (yield after bone removed),215
Soupy Rice Mixture With Chicken And Potatoes Puerto Rican Style,Soups and Sauces,112,4.32,28,290,12.05,0.9,0.59,6.34,0,12,0.75,219,1 cup,240
Rice Meal Fritter Puerto Rican Style,Prepared Meals,311,14.04,87,473,36.61,1,2.89,8.91,1,204,0.92,145,"1 cruller (3"" x 2"" x 1/2"")",30
Stewed Rice Puerto Rican Style,Prepared Meals,222,7.68,4,655,33.48,0.7,0.35,3.97,0,17,1.8,82,1 cup,170
Rice With Squid Puerto Rican Style,Prepared Meals,259,11.47,93,562,29.36,1,1.12,8.92,0,29,1.84,200,1 cup,160
Fried Rice Puerto Rican Style,Prepared Meals,119,3.33,82,833,8.53,0.6,0.87,12.78,0.4,29,0.85,224,1 cup,173
Rice With Vienna Sausage Puerto Rican Style,Prepared Meals,268,11.52,24,955,33.58,0.8,0.43,6.46,0.2,19,1.99,116,1 cup,180
Rice With Spanish Sausage Puerto Rican Style,Prepared Meals,315,15.94,25,999,32.26,0.8,0.42,9.56,0.4,19,2.13,181,1 cup,180
Rice With Onions Puerto Rican Style,Prepared Meals,173,9.75,0,456,18.85,1.3,2.58,3.48,0.2,23,1.01,93,1 cup,165
Pigeon Pea Asopao Asopao De Gandules,Soups and Sauces,139,2.5,0,402,24.62,2,0.64,4.25,0,18,1.28,111,1 cup,178
Rice With Stewed Beans Puerto Rican Style,Prepared Meals,137,3.23,0,465,23.02,1.5,0.1,3.66,0,25,1.51,134,1 cup,188
Spicy Rice Pudding Puerto Rican Style,Sweets,137,1,0,222,30.89,0.3,17.17,1.31,0,22,0.87,44,1 cup,240
Rice Pudding Made With Coconut Milk Puerto Rican Style,Sweets,271,17.95,0,13,28.43,2.2,17.36,2.64,0,21,1.79,260,1 cup,256
Congee With Meat Poultry And/or Seafood,Prepared Meals,53,0.94,14,245,6.12,0.1,0.01,4.81,0,6,0.45,53,1 cup,249
Congee With Meat Poultry And/or Seafood And Vegetables,Prepared Meals,52,0.92,13,252,6.09,0.3,0.18,4.62,0,8,0.55,78,1 cup,249
Congee With Vegetables,Prepared Meals,35,0.1,0,233,7.69,0.3,0.3,0.76,0,7,0.33,22,1 cup,249
Biryani With Vegetables,Prepared Meals,119,4.33,8,178,17.89,1.4,1.24,2.38,0,22,1.1,116,1 cup,172
Rice With Beans,Prepared Meals,156,4.84,0,196,23.47,4.2,0.59,5,0,34,1.92,232,1 cup,239
Rice With Beans And Tomatoes,Prepared Meals,124,3.78,0,177,18.86,3.6,1.04,4.03,0,34,1.61,222,1 cup,239
Rice With Beans And Chicken,Prepared Meals,158,5.08,18,219,19.78,3.5,0.5,8.42,0,31,1.74,239,1 cup,239
Rice With Beans And Beef,Prepared Meals,173,6.74,14,228,19.74,3.5,0.5,8.26,0,32,2.01,243,1 cup,239
Rice With Beans And Pork,Prepared Meals,169,6.28,14,174,19.74,3.5,0.5,8.39,0.1,32,1.79,249,1 cup,239
Red Beans And Rice,Prepared Meals,182,9.04,13,346,18.91,2.9,0.97,6.53,0.1,22,1.64,229,1 cup,224
Hopping John,Prepared Meals,126,1.84,7,356,20.16,3,1.78,7.04,0.1,18,1.72,195,1 cup,224
Rice White With Corn Ns As To Fat Added In Cooking,Prepared Meals,137,2.66,0,179,25.65,0.9,1.17,2.8,0,8,0.99,80,1 cup,161
Rice White With Corn Fat Not Added In Cooking,Prepared Meals,121,0.59,0,183,26.2,0.9,1.2,2.86,0,8,1,82,1 cup,161
Rice White With Corn Fat Added In Cooking,Prepared Meals,137,2.66,0,179,25.65,0.9,1.17,2.8,0,8,0.99,80,1 cup,161
Rice White With Peas Ns As To Fat Added In Cooking,Prepared Meals,134,2.35,0,181,24.37,1.6,1.49,3.28,0,14,1.26,92,1 cup,160
Rice White With Peas Fat Not Added In Cooking,Prepared Meals,118,0.26,0,184,24.89,1.7,1.53,3.35,0,14,1.28,94,1 cup,160
Rice White With Peas Fat Added In Cooking,Prepared Meals,134,2.35,0,181,24.37,1.6,1.49,3.28,0,14,1.26,92,1 cup,160
Rice White With Carrots Ns As To Fat Added In Cooking,Prepared Meals,123,2.36,0,195,22.65,1,0.87,2.16,0,15,0.97,82,1 cup,160
Rice White With Carrots Fat Not Added In Cooking,Prepared Meals,106,0.25,0,199,23.14,1,0.88,2.2,0,15,0.98,84,1 cup,160
Rice White With Carrots Fat Added In Cooking,Prepared Meals,123,2.36,0,195,22.65,1,0.86,2.16,0,15,0.97,82,1 cup,160
Rice White With Peas And Carrots Ns As To Fat Added In Cooking,Prepared Meals,125,2.4,0,197,23.01,1.1,1.11,2.72,0,13,1.11,64,1 cup,160
Rice White With Peas And Carrots Fat Not Added In Cooking,Prepared Meals,109,0.31,0,201,23.5,1.1,1.13,2.78,0,13,1.13,66,1 cup,160
Rice White With Peas And Carrots Fat Added In Cooking,Prepared Meals,125,2.4,0,197,23.01,1.1,1.11,2.72,0,13,1.11,64,1 cup,160
Rice White With Tomatoes And/or Tomato-Based Sauce Ns As To Fat Added In Cooking,Prepared Meals,106,2.13,0,198,19.42,0.9,0.87,2,0,17,0.97,85,1 cup,209
Rice White With Tomatoes And/or Tomato-Based Sauce Fat Not Added In Cooking,Prepared Meals,91,0.27,0,202,19.79,0.9,0.89,2.04,0,18,0.99,87,1 cup,206
Rice White With Tomatoes And/or Tomato-Based Sauce Fat Added In Cooking,Prepared Meals,106,2.13,0,198,19.42,0.9,0.87,2,0,17,0.97,85,1 cup,209
Rice White With Dark Green Vegetables Ns As To Fat Added In Cooking,Prepared Meals,122,2.41,0,191,22.38,1.1,0.37,2.55,0,17,1.05,96,1 cup,172
Rice White With Dark Green Vegetables Fat Not Added In Cooking,Prepared Meals,106,0.31,0,195,22.86,1.1,0.38,2.6,0,17,1.06,98,1 cup,172
Rice White With Dark Green Vegetables Fat Added In Cooking,Prepared Meals,122,2.41,0,191,22.38,1.1,0.37,2.55,0,17,1.05,96,1 cup,172
Rice White With Carrots And Tomatoes And/or Tomato-Based Sauce Ns As To Fat Added In Cooking,Prepared Meals,114,2.24,0,196,20.92,0.9,0.87,2.08,0,16,0.97,84,1 cup,172
Rice White With Carrots And Tomatoes And/or Tomato-Based Sauce Fat Not Added In Cooking,Prepared Meals,98,0.26,0,200,21.34,1,0.89,2.12,0,16,0.98,86,1 cup,172
Rice White With Carrots And Tomatoes And/or Tomato-Based Sauce Fat Added In Cooking,Prepared Meals,114,2.24,0,196,20.92,0.9,0.87,2.08,0,16,0.97,84,1 cup,172
Rice White With Dark Green Vegetables And Tomatoes And/or Tomato-Based Sauce Ns As To Fat Added In Cooking,Prepared Meals,114,2.26,0,195,20.8,1,0.64,2.26,0,17,1.01,91,1 cup,172
Rice White With Dark Green Vegetables And Tomatoes And/or Tomato-Based Sauce Fat Not Added In Cooking,Prepared Meals,98,0.29,0,198,21.22,1,0.65,2.3,0,18,1.02,92,1 cup,172
Rice White With Dark Green Vegetables And Tomatoes And/or Tomato-Based Sauce Fat Added In Cooking,Prepared Meals,114,2.26,0,195,20.8,1,0.64,2.26,0,17,1.01,91,1 cup,172
Rice White With Carrots And Dark Green Vegetables Ns As To Fat Added In Cooking,Prepared Meals,122,2.38,0,193,22.51,1.1,0.62,2.35,0,16,1.01,89,1 cup,172
Rice White With Carrots And Dark Green Vegetables Fat Not Added In Cooking,Prepared Meals,106,0.28,0,197,23,1.1,0.63,2.4,0,16,1.02,91,1 cup,172
Rice White With Carrots And Dark Green Vegetables Fat Added In Cooking,Prepared Meals,122,2.38,0,193,22.51,1.1,0.62,2.35,0,16,1.01,89,1 cup,172
Rice White With Carrots Dark Green Vegetables And Tomatoes And/or Tomato-Based Sauce Ns As To Fat Added In Cooking,Prepared Meals,117,2.29,0,195,21.4,1,0.71,2.23,0,16,0.99,88,1 cup,172
Rice White With Carrots Dark Green Vegetables And Tomatoes And/or Tomato-Based Sauce Fat Not Added In Cooking,Prepared Meals,101,0.28,0,199,21.84,1,0.72,2.27,0,17,1.01,90,1 cup,172
Rice White With Carrots Dark Green Vegetables And Tomatoes And/or Tomato-Based Sauce Fat Added In Cooking,Prepared Meals,117,2.29,0,195,21.4,1,0.71,2.23,0,16,0.99,88,1 cup,172
Rice White With Other Vegetables Ns As To Fat Added In Cooking,Prepared Meals,123,2.36,0,181,22.69,0.7,1,2.3,0,13,0.98,65,1 cup,172
Rice White With Other Vegetables Fat Not Added In Cooking,Prepared Meals,106,0.26,0,185,23.18,0.7,1.03,2.35,0,14,1,66,1 cup,172
Rice White With Other Vegetables Fat Added In Cooking,Prepared Meals,123,2.36,0,181,22.69,0.7,1,2.3,0,13,0.98,65,1 cup,172
Rice White With Lentils Ns As To Fat Added In Cooking,Prepared Meals,149,4.71,0,189,21.48,4.1,1.29,5.5,0,17,2.18,207,1 cup,207
Rice White With Lentils Fat Added In Cooking,Prepared Meals,149,4.71,0,189,21.48,4.1,1.29,5.5,0,17,2.18,207,1 cup,207
Rice White With Lentils Fat Not Added In Cooking,Prepared Meals,115,0.33,0,198,22.47,4.3,1.35,5.76,0,18,2.28,217,1 cup,198
Rice Cooked With Coconut Milk,Prepared Meals,267,17.23,0,183,26.56,1.9,3.34,3.57,0,19,2.34,219,1 cup,200
Rice Brown With Beans,Prepared Meals,151,4.76,0,181,22.72,4.4,0.63,4.83,0,29,1.58,238,1 cup,239
Rice Brown With Beans And Tomatoes,Prepared Meals,122,3.79,0,166,18.57,3.8,1.04,3.96,0,30,1.36,228,1 cup,239
Rice Brown With Corn Ns As To Fat Added In Cooking,Prepared Meals,130,2.84,0,155,24.04,1.7,1.16,2.82,0,3,0.53,112,1 cup,191
Rice Brown With Corn Fat Not Added In Cooking,Prepared Meals,117,1.08,0,158,24.48,1.8,1.18,2.88,0,3,0.54,114,1 cup,188
Rice Brown With Corn Fat Added In Cooking,Prepared Meals,130,2.84,0,155,24.04,1.7,1.16,2.82,0,3,0.53,112,1 cup,191
Rice Brown With Peas Ns As To Fat Added In Cooking,Prepared Meals,128,2.58,0,157,22.93,2.4,1.43,3.23,0,8,0.76,123,1 cup,190
Rice Brown With Peas Fat Not Added In Cooking,Prepared Meals,114,0.81,0,160,23.35,2.4,1.46,3.29,0,8,0.77,125,1 cup,187
Rice Brown With Peas Fat Added In Cooking,Prepared Meals,128,2.58,0,157,22.93,2.4,1.43,3.23,0,8,0.76,123,1 cup,190
Rice Brown With Carrots Ns As To Fat Added In Cooking,Prepared Meals,118,2.58,0,169,21.44,1.9,0.9,2.27,0,9,0.51,115,1 cup,189
Rice Brown With Carrots Fat Not Added In Cooking,Prepared Meals,104,0.8,0,172,21.84,1.9,0.91,2.31,0,9,0.51,117,1 cup,186
Rice Brown With Carrots Fat Added In Cooking,Prepared Meals,118,2.58,0,169,21.44,1.9,0.9,2.27,0,9,0.51,115,1 cup,189
Rice Brown With Peas And Carrots Ns As To Fat Added In Cooking,Prepared Meals,120,2.62,0,170,21.77,1.9,1.1,2.75,0,7,0.63,99,1 cup,190
Rice Brown With Peas And Carrots Fat Not Added In Cooking,Prepared Meals,106,0.85,0,173,22.17,1.9,1.12,2.8,0,7,0.64,101,1 cup,187
Rice Brown With Peas And Carrots Fat Added In Cooking,Prepared Meals,120,2.62,0,170,21.77,1.9,1.1,2.75,0,7,0.63,99,1 cup,190
Rice Brown With Tomatoes And/or Tomato Based Sauce Ns As To Fat Added In Cooking,Prepared Meals,104,2.37,0,174,18.77,1.7,0.89,2.13,0,12,0.56,114,1 cup,243
Rice Brown With Tomatoes And/or Tomato Based Sauce Fat Not Added In Cooking,Prepared Meals,92,0.76,0,177,19.08,1.7,0.91,2.16,0,12,0.56,116,1 cup,243
Rice Brown With Tomatoes And/or Tomato Based Sauce Fat Added In Cooking,Prepared Meals,104,2.37,0,174,18.77,1.7,0.89,2.13,0,12,0.56,114,1 cup,243
Rice Brown With Dark Green Vegetables Ns As To Fat Added In Cooking,Prepared Meals,118,2.63,0,165,21.23,1.9,0.47,2.61,0,11,0.57,127,1 cup,189
Rice Brown With Dark Green Vegetables Fat Not Added In Cooking,Prepared Meals,104,0.85,0,168,21.62,2,0.48,2.65,0,11,0.58,129,1 cup,186
Rice Brown With Dark Green Vegetables Fat Added In Cooking,Prepared Meals,118,2.63,0,165,21.23,1.9,0.47,2.61,0,11,0.57,127,1 cup,189
Rice Brown With Carrots And Tomatoes And/or Tomato-Based Sauce Ns As To Fat Added In Cooking,Prepared Meals,111,2.47,0,172,20.03,1.7,0.9,2.2,0,10,0.53,115,1 cup,229
Rice Brown With Carrots And Tomatoes And/or Tomato-Based Sauce Fat Not Added In Cooking,Prepared Meals,97,0.78,0,175,20.38,1.8,0.91,2.24,0,10,0.54,117,1 cup,225
Rice Brown With Carrots And Tomatoes And/or Tomato-Based Sauce Fat Added In Cooking,Prepared Meals,111,2.47,0,172,20.03,1.7,0.9,2.2,0,10,0.53,115,1 cup,229
Rice Brown With Dark Green Vegetables And Tomatoes And/or Tomato-Based Sauce Ns As To Fat Added In Cooking,Prepared Meals,111,2.49,0,170,19.93,1.8,0.69,2.36,0,11,0.56,120,1 cup,229
Rice Brown With Dark Green Vegetables And Tomatoes And/or Tomato-Based Sauce Fat Not Added In Cooking,Prepared Meals,97,0.8,0,173,20.28,1.8,0.71,2.4,0,11,0.57,122,1 cup,229
Rice Brown With Dark Green Vegetables And Tomatoes And/or Tomato-Based Sauce Fat Added In Cooking,Prepared Meals,111,2.49,0,170,19.93,1.8,0.69,2.36,0,11,0.56,120,1 cup,229
Rice Brown With Carrots And Dark Green Vegetables Ns As To Fat Added In Cooking,Prepared Meals,118,2.61,0,167,21.34,1.9,0.68,2.44,0,10,0.54,121,1 cup,189
Rice Brown With Carrots And Dark Green Vegetables Fat Not Added In Cooking,Prepared Meals,104,0.82,0,170,21.73,1.9,0.7,2.48,0,10,0.55,123,1 cup,186
Rice Brown With Carrots And Dark Green Vegetables Fat Added In Cooking,Prepared Meals,118,2.61,0,167,21.34,1.9,0.68,2.44,0,10,0.54,121,1 cup,189
Grape Leaves Stuffed With Rice,Prepared Meals,163,11.59,0,167,13.94,3.1,2.79,2.29,0,89,1.26,152,1 roll,56
Rice Brown With Carrots Dark Green Vegetables And Tomatoes And/or Tomato-Based Sauce Ns As To Fat Added In Cooking,Prepared Meals,113,2.52,0,170,20.42,1.8,0.76,2.33,0,10,0.55,118,1 cup,224
Rice Brown With Carrots Dark Green Vegetables And Tomatoes And/or Tomato-Based Sauce Fat Not Added In Cooking,Prepared Meals,100,0.8,0,173,20.78,1.8,0.77,2.37,0,10,0.55,121,1 cup,220
Rice Brown With Carrots Dark Green Vegetables And Tomatoes And/or Tomato-Based Sauce Fat Added In Cooking,Prepared Meals,113,2.52,0,170,20.42,1.8,0.76,2.33,0,10,0.55,118,1 cup,186
Rice Brown With Other Vegetables Ns As To Fat Added In Cooking,Prepared Meals,118,2.59,0,157,21.5,1.6,1.01,2.4,0,7,0.52,100,1 cup,190
Rice Brown With Other Vegetables Fat Not Added In Cooking,Prepared Meals,104,0.81,0,160,21.89,1.6,1.03,2.44,0,8,0.53,101,1 cup,186
Rice Brown With Other Vegetables Fat Added In Cooking,Prepared Meals,118,2.59,0,157,21.5,1.6,1.01,2.4,0,7,0.52,100,1 cup,190
Rice Croquette,Prepared Meals,154,6.53,39,414,19.97,0.9,0.64,3.41,0.2,30,1.17,129,"1 croquette (1-1/2"" dia 2"" high)",62
Stuffed Pepper With Meat,Vegetables,193,15.64,31,294,4.22,1.1,1.62,9.25,0.1,94,0.9,197,1/2 pepper with filling,149
Stuffed Pepper With Rice And Meat,Vegetables,174,11.46,46,325,9.91,1,2.25,7.87,0.2,70,1,180,1/2 pepper with filling,149
Stuffed Pepper With Rice Meatless,Vegetables,161,11.05,10,188,12.02,1.2,1.54,3.79,0.1,86,0.64,128,1/2 pepper with filling,149
Stuffed Tomato With Rice And Meat,Vegetables,98,4.49,12,273,9.86,1,2.05,4.75,0,14,0.83,214,1 tomato with filling,149
Stuffed Tomato With Rice Meatless,Vegetables,76,2.12,0,247,13.08,1.1,2.29,1.61,0,13,0.62,181,1 tomato with filling,149
Dirty Rice,Prepared Meals,112,2.21,53,316,17.29,0.6,0.87,5.13,0,15,1.78,86,1 cup,198
Flavored Rice Mixture,Prepared Meals,127,4.1,1,293,20.22,0.4,0.78,1.94,0.1,12,1.09,43,1 cup,218
Flavored Rice Mixture With Cheese,Prepared Meals,124,1.2,3,389,25.22,0.6,1.8,2.99,0,47,1.46,102,1 cup,230
Flavored Rice Brown And Wild,Prepared Meals,106,2.16,0,293,19.28,1.2,0.39,2.76,0,6,0.39,81,1 cup,217
Flavored Rice And Pasta Mixture,Prepared Meals,119,3.6,0,344,19.03,0.3,0.6,2.67,0.1,7,0.66,37,1 cup beef flavor,184
Flavored Rice And Pasta Mixture Reduced Sodium,Prepared Meals,112,3.45,1,158,17.52,0.7,0.89,2.61,0.1,21,0.93,66,1 cup,196
Spanish Rice Fat Added In Cooking,Prepared Meals,114,2.57,3,311,19.66,1.2,1.55,2.88,0,21,1.12,124,1 cup,243
Spanish Rice Fat Not Added In Cooking,Prepared Meals,101,1.01,3,315,19.92,1.2,1.57,2.92,0,21,1.13,126,1 cup,243
Spanish Rice Ns As To Fat Added In Cooking,Prepared Meals,114,2.56,3,311,19.66,1.2,1.55,2.88,0,21,1.12,124,1 cup,243
Spanish Rice With Ground Beef,Prepared Meals,162,6.88,28,351,14.8,0.9,1.17,9.69,0,23,1.57,182,1 cup,230
Rice Dressing,Prepared Meals,110,3.34,0,598,17.67,0.6,0.71,2,0.1,20,1,60,1 cup,167
Rice With Raisins,Prepared Meals,162,2.63,0,446,32.11,0.7,5.89,2.62,0,14,1.23,105,1 cup,185
Rice Dessert Or Salad With Fruit,Prepared Meals,155,7.29,22,10,21.75,0.8,12.69,1.58,0.3,24,0.48,85,1 cup,155
Rice White With Cheese And/or Cream Based Sauce Ns As To Fat Added In Cooking,Prepared Meals,166,6.98,13,322,20.02,0.3,0.1,5.16,0.3,110,0.9,70,1 cup,204
Rice White With Cheese And/or Cream Based Sauce Fat Not Added In Cooking,Prepared Meals,152,5.22,13,329,20.4,0.3,0.1,5.26,0.3,112,0.91,71,1 cup,204
Rice White With Cheese And/or Cream Based Sauce Fat Added In Cooking,Prepared Meals,166,6.98,13,322,20.02,0.3,0.1,5.16,0.3,110,0.9,70,1 cup,204
Rice White With Gravy Ns As To Fat Added In Cooking,Prepared Meals,117,2.91,2,288,20.06,0.3,0.13,1.98,0,10,0.82,37,1 cup,237
Rice White With Gravy Fat Not Added In Cooking,Prepared Meals,102,1.06,2,293,20.44,0.3,0.13,2.02,0,10,0.83,37,1 cup,237
Rice White With Gravy Fat Added In Cooking,Prepared Meals,117,2.91,2,288,20.06,0.3,0.13,1.98,0,10,0.82,37,1 cup,237
Rice White With Soy-Based Sauce Ns As To Fat Added In Cooking,Prepared Meals,116,2.16,0,477,21.62,0.3,1.26,2.03,0,9,0.83,33,1 cup,237
Rice White With Soy-Based Sauce Fat Not Added In Cooking,Prepared Meals,102,0.28,0,487,22.04,0.3,1.28,2.06,0,9,0.84,34,1 cup,237
Rice White With Soy-Based Sauce Fat Added In Cooking,Prepared Meals,116,2.16,0,477,21.62,0.3,1.26,2.03,0,9,0.83,33,1 cup,237
Rice Brown With Cheese And/or Cream Based Sauce Ns As To Fat Added In Cooking,Prepared Meals,156,6.58,11,282,19.29,1.1,0.22,4.87,0.3,92,0.49,100,1 cup,282
Rice Brown With Cheese And/or Cream Based Sauce Fat Not Added In Cooking,Prepared Meals,144,5.04,11,287,19.61,1.2,0.22,4.95,0.3,93,0.5,102,1 cup,277
Rice Brown With Cheese And/or Cream Based Sauce Fat Added In Cooking,Prepared Meals,156,6.58,11,282,19.29,1.1,0.22,4.87,0.3,92,0.49,100,1 cup,282
Rice Brown With Gravy Ns As To Fat Added In Cooking,Prepared Meals,114,3.04,1,252,19.33,1.1,0.25,2.11,0,5,0.42,72,1 cup,237
Rice Brown With Gravy Fat Not Added In Cooking,Prepared Meals,101,1.44,1,256,19.64,1.2,0.26,2.15,0,5,0.42,73,1 cup,237
Rice Brown With Gravy Fat Added In Cooking,Prepared Meals,114,3.04,1,252,19.33,1.1,0.25,2.11,0,5,0.42,72,1 cup,237
Rice Brown With Soy-Based Sauce Ns As To Fat Added In Cooking,Prepared Meals,113,2.39,0,416,20.68,1.1,1.23,2.15,0,4,0.43,69,1 cup,237
Rice Brown With Soy-Based Sauce Fat Not Added In Cooking,Prepared Meals,101,0.77,0,423,21.02,1.2,1.25,2.18,0,4,0.44,70,1 cup,237
Rice Brown With Soy-Based Sauce Fat Added In Cooking,Prepared Meals,113,2.39,0,416,20.68,1.1,1.23,2.15,0,4,0.43,69,1 cup,237
Rice White With Vegetables Cheese And/or Cream Based Sauce Ns As To Fat Added In Cooking,Prepared Meals,146,5.62,10,265,18.64,1.1,0.7,4.7,0.3,93,0.88,89,1 cup,261
Rice White With Vegetables Cheese And/or Cream Based Sauce Fat Not Added In Cooking,Prepared Meals,134,4.2,10,269,18.92,1.1,0.71,4.77,0.3,94,0.89,91,1 cup,258
Rice White With Vegetables Cheese And/or Cream Based Sauce Fat Added In Cooking,Prepared Meals,146,5.62,10,265,18.64,1.1,0.7,4.7,0.3,93,0.88,89,1 cup,262
Rice White With Vegetables And Gravy Ns As To Fat Added In Cooking,Prepared Meals,106,2.36,1,237,18.66,1.1,0.73,2.16,0,13,0.82,63,1 cup,260
Rice White With Vegetables And Gravy Fat Not Added In Cooking,Prepared Meals,95,0.87,1,241,18.95,1.1,0.74,2.19,0,13,0.83,64,1 cup,256
Rice White With Vegetables And Gravy Fat Added In Cooking,Prepared Meals,106,2.36,1,237,18.66,1.1,0.73,2.16,0,13,0.82,63,1 cup,260
Rice White With Vegetables Soy-Based Sauce Ns As To Fat Added In Cooking,Prepared Meals,106,1.75,0,388,19.91,1.1,1.63,2.19,0,12,0.83,60,1 cup,258
Rice White With Vegetables Soy-Based Sauce Fat Not Added In Cooking,Prepared Meals,94,0.25,0,394,20.21,1.1,1.66,2.23,0,12,0.84,61,1 cup,255
Rice White With Vegetables Soy-Based Sauce Fat Added In Cooking,Prepared Meals,106,1.75,0,388,19.91,1.1,1.63,2.19,0,12,0.83,60,1 cup,258
Rice Brown With Vegetables Cheese And/or Cream Based Sauce Ns As To Fat Added In Cooking,Prepared Meals,140,5.44,9,238,18.19,1.7,0.74,4.51,0.2,80,0.55,113,1 cup,293
Rice Brown With Vegetables Cheese And/or Cream Based Sauce Fat Not Added In Cooking,Prepared Meals,130,4.17,9,242,18.44,1.7,0.74,4.57,0.2,81,0.56,114,1 cup,289
Rice Brown With Vegetables Cheese And/or Cream Based Sauce Fat Added In Cooking,Prepared Meals,140,5.44,9,238,18.19,1.7,0.74,4.51,0.2,80,0.55,113,1 cup,293
Rice Brown With Vegetables And Gravy Ns As To Fat Added In Cooking,Prepared Meals,105,2.53,1,213,18.21,1.7,0.76,2.24,0,9,0.49,89,1 cup,292
Rice Brown With Vegetables And Gravy Fat Not Added In Cooking,Prepared Meals,94,1.21,1,216,18.46,1.7,0.77,2.28,0,9,0.5,90,1 cup,288
Rice Brown With Vegetables And Gravy Fat Added In Cooking,Prepared Meals,105,2.53,1,213,18.21,1.7,0.76,2.24,0,9,0.49,89,1 cup,292
Rice Brown With Vegetables Soy-Based Sauce Ns As To Fat Added In Cooking,Prepared Meals,105,1.99,0,348,19.32,1.7,1.57,2.28,0,8,0.5,87,1 cup,290
Rice Brown With Vegetables Soy-Based Sauce Fat Not Added In Cooking,Prepared Meals,94,0.66,0,353,19.58,1.8,1.59,2.31,0,8,0.5,88,1 cup,286
Rice Brown With Vegetables Soy-Based Sauce Fat Added In Cooking,Prepared Meals,105,1.99,0,348,19.32,1.7,1.57,2.28,0,8,0.5,87,1 cup,290
Upma Indian Breakfast Dish,Breakfast Cereals,87,2.56,0,99,14.04,1.2,1.69,2.06,0,96,4.14,118,1 cup cooked,170
Dosa (Indian) With Filling,Prepared Meals,183,4.18,0,331,30.83,2.2,1.1,5.47,0,16,1.88,137,1 small,113
Vada Fried Dumpling,Prepared Meals,265,9.72,0,315,33.43,5.7,1.37,12.82,0,24,3.63,379,1 vada,29
Tabbouleh,Prepared Meals,123,9.35,0,498,9.69,1.8,1.35,1.64,0,20,0.75,154,1 cup,160
Wrap Sandwich Filled With Meat Poultry Or Fish Vegetables And Rice,Fast Foods,157,5.37,31,340,18.19,1.7,1.71,9.1,0,37,1.26,187,1 sandwich,433
Wrap Sandwich Filled With Vegetables And Rice,Fast Foods,136,4.98,8,282,19.8,2.1,2.39,3.39,0,37,1.12,166,1 sandwich,404
Wrap Sandwich Filled With Vegetables,Fast Foods,122,6.24,13,200,13.84,1.7,3.01,3.18,0,54,0.99,188,1 sandwich,273
Wrap Sandwich Filled With Meat Poultry Or Fish Vegetables Rice And Cheese,Fast Foods,163,6.24,31,371,18.25,1.8,1.51,8.72,0,55,1.27,185,1 sandwich,467
Jelly Sandwich Regular Jelly Nfs,NULL,266,2.01,0,306,57.63,2,23.89,5.37,0,89,2.24,97,1 sandwich,100
Jelly Sandwich Regular Jelly On White Bread,NULL,266,2.01,0,306,57.63,2,23.89,5.37,0,89,2.24,97,1 sandwich,100
Jelly Sandwich Regular Jelly On Wheat Bread,NULL,264,2.38,0,291,55.15,3.6,23.6,6.93,0,99,1.95,136,1 sandwich,100
Jelly Sandwich Regular Jelly On Whole Wheat Bread,NULL,264,2.38,0,291,55.15,3.6,23.6,6.93,0,99,1.95,136,1 sandwich,100
Jelly Sandwich Reduced Sugar Jelly On White Bread,NULL,220,2.04,0,294,44.69,2.2,15.17,5.31,0,86,2.17,99,1 sandwich,100
Jelly Sandwich Reduced Sugar Jelly On Wheat Bread,NULL,218,2.42,0,279,42.21,3.8,14.87,6.87,0,96,1.87,138,1 sandwich,100
Jelly Sandwich Reduced Sugar Jelly On Whole Wheat Bread,NULL,218,2.42,0,279,42.21,3.8,14.87,6.87,0,96,1.87,138,1 sandwich,100
Lasagna With Cheese And Sauce Diet Frozen Meal,Prepared Meals,137,5,9,367,17.64,1.5,2.38,5.71,0,100,1.23,210,1 meal (11 oz),312
Veal Lasagna Diet Frozen Meal,Prepared Meals,89,2.26,17,344,10.63,1.3,2.17,6.64,0,85,1.02,175,1 meal (10.25 oz),291
Lasagna With Cheese And Meat Sauce Diet Frozen Meal,Prepared Meals,118,4.21,17,241,12.56,1.1,2.52,7.61,0,80,1.34,240,1 weight watchers meal (11 oz),312
Vegetable Lasagna Frozen Meal,Prepared Meals,146,7.78,10,309,14.75,1.7,1.59,4.89,0.1,78,0.93,171,NULL,NULL
Zucchini Lasagna Diet Frozen Meal,Prepared Meals,99,3.19,9,307,12.76,1.3,2.71,5.36,0.1,113,0.69,202,1 lean cuisine meal (11 oz),312
Macaroni And Cheese Diet Frozen Meal,Prepared Meals,130,3.96,11,252,17.2,0.8,1.64,5.98,0.1,111,0.65,70,1 meal (9 oz),255
Beef And Noodles With Meat Sauce And Cheese Diet Frozen Meal,Meats,133,4.77,21,337,13.25,1.2,1.91,9.22,0,78,1.48,240,1 meal (11.25 oz),319
Noodles With Vegetables In Tomato-Based Sauce Diet Frozen Meal,Prepared Meals,66,1.56,3,134,10.63,1.7,2.4,3.28,0.1,47,1.12,255,1 meal (10 oz),284
Rice With Broccoli Cheese Sauce Frozen Side Dish,Prepared Meals,119,4.13,6,342,17.07,1.5,0.84,3.65,0,63,0.88,144,1 side dish (4.5 oz),128
Rice With Green Beans Water Chestnuts In Sherry Mushroom Sauce Frozen Side Dish,Prepared Meals,97,3.23,2,219,14.65,1.3,2.5,2.62,0.4,47,0.86,133,1 side dish (10 oz),284
Spaghetti And Meatballs Dinner NFS Frozen Meal,Prepared Meals,112,3.32,9,293,14.83,1.2,2.66,5.53,0,22,1.06,159,1 meal (12.5 oz),354
Spaghetti And Meatballs With Tomato Sauce Sliced Apples Bread Frozen Meal,Prepared Meals,130,3.72,15,655,16.36,1.7,2.98,7.69,0,20,1.24,170,1 meal (11.5 oz),326
Spaghetti With Meat And Mushroom Sauce Diet Frozen Meal,Prepared Meals,115,2.8,10,412,16.5,1.4,2.64,6.09,0,16,1.33,220,1 meal (11.5 oz),326
Spaghetti With Meat Sauce Diet Frozen Meal,Prepared Meals,112,3.32,9,293,14.83,1.2,2.66,5.53,0,22,1.06,159,1 meal (10.5 oz),298
Ravioli Cheese-Filled With Tomato Sauce Diet Frozen Meal,Prepared Meals,112,4.13,13,366,12.16,1,2.41,6.89,0.1,146,1,188,1 meal (9 oz),255
Rigatoni With Meat Sauce And Cheese Diet Frozen Meal,Prepared Meals,91,3.71,13,308,8.66,1.1,2.59,6.19,0,50,1.14,213,1 meal (9.75 oz),276
Manicotti Cheese-Filled With Tomato Sauce Diet Frozen Meal,Prepared Meals,123,5.56,19,318,11.14,0.7,2.42,7.16,0.1,154,0.67,142,1 meal (9.25 oz),262
Cannelloni Cheese-Filled With Tomato Sauce Diet Frozen Meal,Prepared Meals,115,4.8,16,555,10.85,0.7,1.19,7.05,0.1,104,0.61,112,1 meal (9.125 oz),259
Linguini With Vegetables And Seafood In White Wine Sauce Diet Frozen Meal,Prepared Meals,114,3.76,21,321,11.87,1.1,1.27,8.04,0,41,0.88,196,1 meal (9.5 oz),269
Pasta With Vegetable And Cheese Sauce Diet Frozen Meal,Prepared Meals,108,2.81,20,232,16.48,1.5,0.95,4.71,0.1,70,0.98,116,NULL,NULL
Beef Enchilada Dinner NFS Frozen Meal,Prepared Meals,124,4.12,7,426,16.68,2.1,0.44,5.03,0,34,1.28,139,1 meal (15 oz),425
Beef Enchilada Chili Gravy Rice Refried Beans Frozen Meal,Prepared Meals,124,4.12,7,426,16.68,2.1,0.44,5.03,0,34,1.28,139,1 meal (15 oz),425
Cheese Enchilada Frozen Meal,Prepared Meals,189,8.46,19,684,20.68,3.4,5.12,8.28,0.1,178,1.01,269,1 meal (10 oz),284
Chicken Enchilada Diet Frozen Meal,Prepared Meals,146,6.32,31,412,11.97,1.2,2.2,10.62,0.2,139,0.62,171,1 meal (8.5 oz),241
Chicken Fajitas Diet Frozen Meal,Prepared Meals,123,2.61,19,307,15.67,1.5,1.99,8.93,0,23,1.38,171,1 meal (6.75 oz),191
Chicken Burritos Diet Frozen Meal,Prepared Meals,176,4.62,16,1676,23.76,2,2.42,9.6,0,66,1.92,263,1 meal (10 oz),284
Sausage And French Toast Frozen Meal,Meats,223,11.22,123,437,18.83,0.8,5.9,11.53,1,78,1.53,203,1 meal (6.5 oz),184
Pancakes And Sausage Frozen Meal,Meats,270,13.7,50,574,27.72,0.6,9.61,8.86,0.5,48,1.49,171,1 meal (6 oz),170
Soup Nfs,Soups and Sauces,24,0.78,4,346,3.07,0.5,0,1.2,0,5,0.34,24,1 cup,241
Noodle Soup Nfs,Soups and Sauces,67,2.68,0,286,9.17,0.4,0.3,1.55,0,6,0.62,28,1 cup,241
Rice Soup Nfs,Soups and Sauces,34,0.78,2,326,5.8,0.5,0.12,0.92,0,22,0.12,17,1 cup,241
Barley Soup Sweet With Or Without Nuts Asian Style,Soups and Sauces,61,1.55,0,4,11.57,0.8,8.94,1.01,0,13,0.22,46,1 cup,244
Beef Noodle Soup Canned Or Ready-To-Serve,Soups and Sauces,34,1.25,2,333,3.63,0.3,1.04,1.95,0,8,0.45,40,1 cup,244
Beef Noodle Soup Home Recipe,Soups and Sauces,70,2.36,20,325,4.6,0.4,0.57,7.17,0,14,0.88,131,1 cup,244
Chicken Or Turkey Noodle Soup Canned Or Ready-To-Serve,Soups and Sauces,24,0.78,4,346,3.07,0.5,0,1.2,0,5,0.34,24,1 cup,241
Chicken Or Turkey Noodle Soup Home Recipe,Soups and Sauces,61,2.2,23,369,4.93,0.4,0.93,5.56,0,12,0.45,102,1 cup,241
Chicken Or Turkey Noodle Soup Cream Of Home Recipe Canned Or Ready-To-Serve,Soups and Sauces,49,1.8,8,362,5.46,0.4,2.55,2.82,0.6,62,0.35,94,1 cup,245
Noodle And Potato Soup Puerto Rican Style,Soups and Sauces,29,0.12,1,180,6.48,0.8,1.17,0.86,0,12,0.29,140,1 cup,245
Chicken Or Turkey Rice Soup Canned Or Ready-To-Serve,Soups and Sauces,34,0.78,2,325,5.8,0.5,0.12,0.92,0,22,0.12,17,1 cup,241
Chicken Or Turkey Rice Soup Home Recipe,Soups and Sauces,62,2.01,19,367,5.66,0.3,0.84,5.22,0,12,0.47,95,1 cup,231
Chicken Or Turkey Rice Soup Reduced Sodium Canned Prepared With Water Or Ready-To-Serve,Soups and Sauces,23,0.6,2,165,3.61,0.4,0.4,0.8,0,1,0,243,1 cup,241
Chicken Or Turkey Rice Soup Reduced Sodium Canned Prepared With Milk,Soups and Sauces,48,1.62,6,183,6.01,0.4,2.96,2.44,0.6,60,0.01,310,1 cup,245
Rice And Potato Soup Puerto Rican Style,Soups and Sauces,75,2.05,1,276,12.62,0.5,0.36,1.39,0,9,0.61,68,1 cup,245
Matzo Ball Soup,Soups and Sauces,60,2.03,36,345,7.74,0.5,0.91,2.61,0.2,14,0.54,64,1 cup,241
Instant Soup Noodle,Soups and Sauces,25,0.44,5,248,4.17,0.2,0.13,1.03,0,6,0.16,20,1 cup,240
Soup Mostly Noodles,Soups and Sauces,67,2.68,0,286,9.17,0.4,0.3,1.55,0,6,0.62,28,1 cup,233
Soup Mostly Noodles Reduced Sodium,Soups and Sauces,53,0.38,0,186,10.79,0.4,0.13,1.66,0,6,0.69,19,1 cup,233
Instant Soup Noodle With Egg Shrimp Or Chicken,Soups and Sauces,67,2.68,0,286,9.17,0.4,0.3,1.55,0,6,0.62,28,1 cup,240
Noodle Soup With Vegetables Asian Style,Soups and Sauces,71,1.2,1,194,13.16,1.2,1.04,1.91,0,23,0.59,121,1 cup,228
Noodle Soup With Fish Ball Shrimp And Dark Green Leafy Vegetable,Soups and Sauces,74,1.58,19,250,10.23,0.7,0.25,4.44,0,39,0.31,113,1 cup,234
Sopa Seca Mexican Style Nfs,Soups and Sauces,140,6.36,8,414,18.26,1.1,2.02,2.66,0,16,1.14,153,1 cup,218
Sopa Seca De Fideo Mexican Style Made With Dry Noodles Home Recipe,Soups and Sauces,138,6.83,8,423,16.59,1.3,2.24,3.12,0,15,1,159,1 cup,218
Sopa De Fideo Aguada Mexican Style Noodle Soup Home Recipe,Soups and Sauces,80,3.46,3,132,8.76,0.4,2.16,3.3,0,7,0.46,157,1 cup,242
Sopa Seca De Arroz Home Recipe Mexican Style,Soups and Sauces,149,6.36,8,401,20.79,1,1.7,2.32,0,17,1.29,137,1 cup,218
Sopa De Tortilla Mexican Style Tortilla Soup Home Recipe,Soups and Sauces,117,7.62,12,278,7.49,0.6,2.11,4.85,0.4,82,0.35,142,1 cup,240
Macaroni Tomatoes And Beef Baby Food Ns As To Strained Or Junior,Baby Foods,60,1.28,6,36,9.43,1.2,2.26,2.43,0,16,0.41,92,1 tablespoon,16
Macaroni With Beef And Tomato Sauce Baby Food Toddler,Baby Foods,81,1.9,7,35,11.53,1.1,0.37,4.34,0,12,0.8,148,1 tablespoon,16
Macaroni And Cheese Baby Food Strained,Baby Foods,64,2.06,6,192,8.57,0.5,1.3,2.87,0,58,0.26,56,1 tablespoon,16
Meat Substitute Cereal- And Vegetable Protein-Based Fried,Beans and Lentils,334,7.04,0,282,61.87,9,0.5,11.28,0,60,4.03,368,1 cup cubes,146
Grapefruit And Orange Sections Raw,Fruits,40,0.11,0,0,9.91,1.8,8.16,0.78,0,26,0.1,160,1 section,16
Grapefruit And Orange Sections Cooked Canned Or Frozen Ns As To Added Sweetener,Fruits,60,0.09,0,1,15.35,1,14.35,0.59,0,21,0.24,124,1 cup,254
Grapefruit And Orange Sections Cooked Canned Or Frozen Unsweetened Water Pack,Fruits,27,0.07,0,1,6.68,1.2,5.51,0.53,0,18,0.06,108,1 cup,244
Grapefruit And Orange Sections Cooked Canned Or Frozen In Light Syrup,Fruits,60,0.09,0,1,15.35,1,14.35,0.59,0,21,0.24,124,1 cup,254
Kumquat Cooked Or Canned In Syrup,Fruits,98,0.58,0,7,23.65,4.4,19.24,1.26,0,40,0.58,113,1 kumquat,14
Lemon Pie Filling,Sweets,345,6.56,115,77,69.01,0.4,62.22,4.72,0.7,23,0.94,75,1 cup,266
Orange Sections Canned Juice Pack,Fruits,47,0.13,0,1,11.5,1.7,9.15,0.85,0,30,0.1,182,1 cup,204
Grapefruit Juice 100% Ns As To Form,Fruits,34,0.1,0,3,7.93,0.8,7.2,0.58,0,14,0.11,129,NULL,NULL
Grapefruit Juice 100% Canned Bottled Or In A Carton,Fruits,34,0.1,0,3,7.93,0.8,7.2,0.58,0,14,0.11,129,NULL,NULL
Grapefruit Juice 100% With Calcium Added,Fruits,38,0.1,0,1,8.69,0,8.33,0.5,0,146,0.2,162,1 fl oz (no ice),31
Grapefruit Juice100% Frozen Reconstituted,Fruits,41,0.13,0,4,9.66,0.1,9.55,0.55,0,10,0.14,135,NULL,NULL
Orange Juice 100% Nfs,Fruits,48,0.12,0,2,11.45,0.3,8.31,0.68,0.4,56,0.13,178,1 fl oz (no ice),31
Orange Juice 100% Frozen Reconstituted,Fruits,42,0.07,0,5,10.04,0.3,8.47,0.68,0,13,0.09,180,NULL,NULL
Orange Juice 100% With Calcium Added Frozen Reconstituted,Fruits,42,0.07,0,5,9.67,0.3,8.48,0.68,0,167,0.09,180,NULL,NULL
Apple Dried Cooked Ns As To Sweetened Or Unsweetened; Sweetened Ns As To Type Of Sweetener,Fruits,92,0.06,0,18,24.39,1.8,22.59,0.2,0,3,0.3,94,1 cup,255
Apple Dried Cooked With Sugar,Fruits,92,0.06,0,18,24.39,1.8,22.59,0.2,0,3,0.3,94,1 cup,280
Apple Chips,Fruits,460,21.66,0,98,73.7,9.8,63.93,1.04,0,14,1.58,454,1 cup,28
Apricot Dried Cooked Ns As To Sweetened Or Unsweetened; Sweetened Ns As To Type Of Sweetener,Fruits,117,0.16,0,4,30.49,2.3,28.17,1.07,0,17,0.84,367,1 cup,250
Apricot Dried Cooked With Sugar,Fruits,117,0.16,0,4,30.49,2.3,28.17,1.07,0,17,0.84,367,1 cup nfs,270
Fig Dried Cooked Ns As To Sweetened Or Unsweetened; Sweetened Ns As To Type Of Sweetener,Fruits,137,0.36,0,4,35.33,3.8,31.54,1.27,0,63,0.79,263,1 cup,259
Fig Dried Cooked With Sugar,Fruits,137,0.36,0,4,35.33,3.8,31.54,1.27,0,63,0.79,263,1 cup,270
Papaya Dried,Fruits,296,0.86,0,27,75.46,5.6,65.46,1.55,0,67,0.85,603,1 strip,23
Peach Dried Cooked Ns As To Sweetened Or Unsweetened; Sweetened Ns As To Type Of Sweetener,Fruits,110,0.22,0,2,28.29,2.4,25.86,1.04,0,8,1.18,286,1 cup,258
Peach Dried Cooked With Sugar,Fruits,110,0.22,0,2,28.29,2.4,25.86,1.04,0,8,1.18,286,1 cup,270
Pear Dried Cooked Ns As To Sweetened Or Unsweetened; Sweetened Ns As To Type Of Sweetener,Fruits,155,0.28,0,3,40.9,5.7,35.17,0.81,0,14,0.92,231,1 cup,255
Pear Dried Cooked With Sugar,Fruits,155,0.28,0,3,40.9,5.7,35.17,0.81,0,14,0.92,231,1 cup,280
Pineapple Dried,Fruits,269,0.34,0,3,70.08,3.9,60.9,1.51,0,37,0.83,305,1 piece,28
Prune Dried Cooked Ns As To Sweetened Or Unsweetened; Sweetened Ns As To Type Of Sweetener,Fruits,137,0.14,0,1,35.78,2.8,33,0.86,0,17,0.37,287,1 prune,10
Prune Dried Cooked With Sugar,Fruits,137,0.14,0,1,35.78,2.8,33,0.86,0,17,0.37,287,1 prune,10
Raisins Cooked,Fruits,219,0.21,0,8,57.38,1.7,48.04,1.43,0,25,0.89,314,1 cup,295
Fruit Ns As To Type,Fruits,69,0.22,0,1,17.76,2.3,11.73,0.76,0,11,0.21,231,1 fruit,138
Apple Baked Ns As To Added Sweetener,Fruits,95,0.16,0,1,24.79,2.3,21.49,0.25,0,6,0.12,93,1 apple with liquid,171
Apple Baked Unsweetened,Fruits,56,0.18,0,1,14.85,2.6,11.17,0.28,0,6,0.13,104,1 apple with liquid,161
Apple Baked With Sugar,Fruits,95,0.16,0,1,24.79,2.3,21.49,0.25,0,6,0.12,93,1 apple with liquid,171
Apple Rings Fried,Fruits,119,5.33,0,49,19.35,2.4,15.8,0.27,0.1,6,0.13,97,1 ring,19
Apple Pickled,Fruits,126,0.12,0,2,32.1,1.6,29.64,0.18,0,6,0.13,87,1 apple,29
Apple Fried,Fruits,138,5.37,9,48,24.06,2.2,20.84,0.28,0.1,7,0.12,91,1 cup,179
Banana Red Fried,Fruits,147,6.41,0,1,23.99,2.7,12.85,1.14,0,5,0.28,338,"1 fruit (7-1/4"" long)",94
Banana Baked,Fruits,127,0.38,0,1,32.55,2.9,20.49,1.22,0,6,0.3,361,"1 banana (7-1/4"" long)",128
Banana Ripe Fried,Fruits,147,6.41,0,1,23.99,2.7,12.85,1.14,0,5,0.28,338,1 small,73
Banana Batter-Dipped Fried,Fruits,308,15.18,47,65,39.36,2.2,13.73,4.85,0.3,14,1.58,237,1 small,108
Starfruit Cooked With Sugar,Fruits,69,0.3,0,2,16.72,2.5,14.25,0.93,0,3,0.08,107,1 cup,205
Cherry Pie Filling,Sweets,120,0.85,0,52,28.66,0.9,24.96,0.6,0,9,1.08,76,1 cup,264
Guava Shell Canned In Heavy Syrup,Fruits,109,0.68,0,2,25.83,3.8,21.97,1.81,0,13,0.19,267,1 cup,310
Lychee Cooked Or Canned In Sugar Or Syrup,Fruits,95,0.3,0,1,24.07,0.9,23.18,0.56,0,4,0.21,104,1 lychee with liquid,21
Mango Pickled,Fruits,132,0.26,0,2,32.9,1.1,31.87,0.56,0,9,0.16,128,1 slice,28
Mango Cooked,Fruits,60,0.38,0,1,14.98,1.6,13.66,0.82,0,10,0.16,151,1 oz,28
Nectarine Cooked,Fruits,85,0.3,0,0,21.19,1.6,18.67,1,0,5,0.27,170,1 cup,262
Papaya Green Cooked,Fruits,43,0.26,0,8,10.82,1.7,7.82,0.47,0,19,0.25,164,1 cup,244
Papaya Cooked Or Canned In Sugar Or Syrup,Fruits,79,0.17,0,6,20.25,1.1,18.21,0.32,0,13,0.17,110,1 cup,244
Peach Pickled,Fruits,118,0.17,0,1,29.2,1,28.28,0.62,0,6,0.22,143,1 fruit,88
Plum Pickled,Fruits,123,0.19,0,1,30.8,1,29.64,0.48,0,6,0.16,121,1 plum,28
Rhubarb Cooked Or Canned Unsweetened,Fruits,21,0.2,0,4,4.54,1.8,1.1,0.9,0,82,0.22,259,1 cup,240
Rhubarb Cooked Or Canned In Light Syrup,Fruits,60,0.1,0,2,15.27,1.6,11.68,0.49,0,173,0.26,97,1 cup,240
Rhubarb Cooked Or Canned Drained Solids,Fruits,116,0.05,0,1,31.2,2,28.7,0.39,0,138,0.21,86,1 cup,240
Blackberries Frozen Sweetened Ns As To Type Of Sweetener,Fruits,99,0.38,0,1,24.7,4.5,20.22,1.05,0,26,0.72,125,1 cup,145
Blueberries Cooked Or Canned Unsweetened Water Pack,Fruits,38,0.22,0,2,9.71,1.6,6.67,0.5,0,5,0.19,47,1 cup,244
Raspberries Cooked Or Canned Unsweetened Water Pack,Fruits,35,0.44,0,2,8,4.4,2.96,0.8,0,17,0.46,91,1 cup,243
Raspberries Frozen Unsweetened,Fruits,52,0.65,0,1,11.94,6.5,4.42,1.2,0,24,0.69,136,1 cup,250
Strawberries Raw With Sugar,Fruits,50,0.28,0,1,12.3,1.9,9.64,0.64,0,15,0.39,145,1 cup nfs,160
Strawberries Cooked Or Canned Unsweetened Water Pack,Fruits,21,0.2,0,2,5.15,1.3,3.28,0.45,0,12,0.28,103,1 cup,242
Ambrosia,Fruits,70,0.96,0,1,16.16,2.3,11.62,0.9,0,24,0.24,200,1 cup,193
Cranberry-Orange Relish Uncooked,Fruits,131,0.1,0,1,33.74,2.4,29.06,0.45,0,13,0.16,83,1 cup,275
Cranberry-Raspberry Sauce,Fruits,162,0.22,0,4,41.83,2,35.06,0.78,0,7,0.39,44,1 container (12 oz),340
Fruit Salad Fresh Or Raw  Excluding Citrus Fruits No Dressing,Fruits,53,0.26,0,3,13.53,1.7,9.59,0.7,0,10,0.26,204,1 cup,175
Fruit Salad Fresh Or Raw Including Citrus Fruits No Dressing,Fruits,52,0.23,0,2,13.16,1.9,9.54,0.75,0,16,0.23,199,1 cup,175
Fruit Cocktail Or Mix Frozen,Fruits,49,0.3,0,0,11.99,2.5,9.18,0.98,0,12,0.42,163,1 cup,215
Fruit Salad Puerto Rican Style,Fruits,58,0.21,0,4,14.73,1.5,10.84,0.7,0,16,0.25,201,1 cup,247
Apple Salad With Dressing,Fruits,172,13.92,5,86,12.15,2.1,8.89,1.48,0,16,0.37,144,1 cup,137
Apple Candied,Fruits,129,2.02,2,58,28.59,1.8,23.28,1.27,0,37,0.12,132,1 small apple,198
Banana Whip,Fruits,136,0.3,0,185,30.26,1.7,23,4.93,0,6,0.21,281,1 cup,130
Prune Whip,Fruits,147,0.19,0,176,33.76,2.1,31.35,4.66,0,15,0.32,264,1 cup,130
Fried Dwarf Banana Puerto Rican Style,Fruits,155,8.53,0,1,20.96,2.4,11.22,1,0,4,0.25,296,"1 banana (4"" x 1-1/2"" x 1-1/2"")",36
Fried Dwarf Banana With Cheese Puerto Rican Style,Fruits,210,12.37,9,79,23.97,2.7,12.9,3.54,0,75,0.33,354,"1 banana (4"" x 1-1/2"" x 1-1/2"")",40
Fruit Salad Excluding Citrus Fruits With Salad Dressing Or Mayonnaise,Fruits,235,20.32,8,127,13.27,1.9,8.79,1.89,0,16,0.45,179,1 cup,188
Fruit Salad Excluding Citrus Fruits With Whipped Cream,Fruits,150,10.29,13,4,14.79,2.1,9.89,2.21,0.2,24,0.46,203,1 cup,182
Fruit Salad Excluding Citrus Fruits With Nondairy Whipped Topping,Fruits,139,8.26,0,3,16.93,2.2,11.78,2.06,0,17,0.48,202,1 cup,175
Fruit Salad Excluding Citrus Fruits With Marshmallows,Fruits,239,19.14,8,124,17.26,1.8,11.65,1.89,0,15,0.44,169,1 cup,171
Fruit Salad Including Citrus Fruits With Pudding,Fruits,123,6.01,0,32,17.41,2.1,12.06,2.04,0,31,0.37,198,1 cup,182
Fruit Salad Excluding Citrus Fruits With Pudding,Fruits,125,6.13,0,33,17.82,1.8,12.22,1.97,0,25,0.42,183,1 cup,182
Fruit Salad Including Citrus Fruits With Salad Dressing Or Mayonnaise,Fruits,230,19.92,8,124,12.94,2.1,8.69,1.96,0,23,0.4,195,1 cup,188
Fruit Salad Including Citrus Fruit With Whipped Cream,Fruits,147,10.06,13,4,14.4,2.3,9.76,2.28,0.2,31,0.41,220,1 cup,182
Fruit Salad Including Citrus Fruits With Nondairy Whipped Topping,Fruits,136,8.07,0,3,16.47,2.4,11.6,2.13,0,25,0.42,220,1 cup,175
Fruit Salad Including Citrus Fruits With Marshmallows,Fruits,235,18.79,8,122,16.87,2,11.5,1.95,0,21,0.39,184,1 cup,171
Fruit Dessert With Cream And/or Pudding And Nuts,Fruits,203,9.99,0,148,28.96,0.8,26.09,1.52,0,16,0.36,97,1 cup,178
Lime Souffle,Sweets,316,14.47,226,87,39.96,1.3,37.42,8.82,1.2,46,1.41,153,1 cup,120
Guacamole Nfs,Soups and Sauces,155,14.18,0,344,8.45,6.5,0.72,1.95,0,12,0.54,472,1 tablespoon,15
Guacamole With Tomatoes,Soups and Sauces,145,13.09,0,318,8.09,6.1,0.87,1.87,0,12,0.52,454,1 tablespoon,15
Chutney,Soups and Sauces,150,0.3,0,238,36.93,2.1,32.56,1.38,0,38,0.63,364,1 tablespoon,17
Cranberry Salad Congealed,Fruits,116,3.61,0,11,20.57,1.7,17.49,1.91,0,15,0.3,87,1 cup,253
Pineapple Salad With Dressing,Fruits,96,5.71,3,49,11.9,1.3,8.94,0.58,0,13,0.29,103,1 serving (lettuce 1 cup diced pineapple dressing),184
Soup Fruit,Soups and Sauces,72,0.08,0,4,18.79,1,14.77,0.53,0,11,0.34,149,1 cup,242
Fruit Smoothie With Whole Fruit No Dairy,Beverages,53,0.28,0,2,13.1,1.7,8.2,0.64,0.1,27,0.3,174,1 fl oz,27
Fruit Smoothie With Whole Fruit No Dairy Added Protein,Beverages,75,0.37,1,13,12.61,1.8,7.61,6.22,0.1,59,0.36,198,1 fl oz,27
Fruit Smoothie Juice Drink No Dairy,Beverages,50,0.15,0,2,12.4,1.2,7.67,0.63,0.2,30,0.3,189,1 fl oz,27
Fruit Smoothie Light,Beverages,52,0.62,2,31,9.72,1.1,7.02,2.62,0.3,87,0.22,185,1 fl oz,27
Apricot Nectar,Beverages,56,0.09,0,3,14.39,0.6,13.79,0.37,0,7,0.38,114,NULL,NULL
Banana Nectar,Beverages,70,0.12,0,2,17.99,0.9,14.26,0.38,0,4,0.1,126,NULL,NULL
Cantaloupe Nectar,Beverages,62,0.08,0,8,15.68,0.4,15.54,0.33,0,5,0.09,96,NULL,NULL
Peach Nectar,Beverages,54,0.02,0,7,13.92,0.6,13.32,0.27,0,5,0.19,40,NULL,NULL
Passion Fruit Nectar,Beverages,67,0.02,0,4,17.44,0.1,17.34,0.16,0,3,0.1,112,NULL,NULL
Tropical Fruit Medley Baby Food Strained,Baby Foods,51,0.14,0,0,12.22,1.3,9.78,0.31,0,0,0,141,1 tablespoon,16
Apples Baby Food Toddler,Baby Foods,51,0.1,0,6,12.1,0.9,10.83,0.2,0,10,0.2,50,1 tablespoon,15
Apple-Raspberry Baby Food Ns As To Strained Or Junior,Baby Foods,60,0.2,0,0,15.98,2,12.17,0.2,0,5,0.26,72,1 tablespoon,16
Apple-Raspberry Baby Food Junior,Baby Foods,60,0.2,0,0,16,2,10.9,0.2,0,5,0.31,68,1 tablespoon,16
Applesauce Baby Food Ns As To Strained Or Junior,Baby Foods,39,0.1,0,0,10.55,1.7,9.18,0.1,0,4,0.22,74,1 tablespoon,16
Applesauce And Apricots Baby Food Ns As To Strained Or Junior,Baby Foods,46,0.2,0,0,12.02,1.8,8.98,0.2,0,6,0.26,114,1 tablespoon,16
Bananas With Orange Baby Food Strained,Baby Foods,86,0,0,10,20.41,2.1,14.27,1.06,0,0,0.23,265,1 tablespoon,15
Pears Baby Food Ns As To Strained Or Junior,Baby Foods,43,0.15,0,1,11.2,2.8,7.16,0.3,0,8,0.24,122,1 tablespoon,16
Apples And Pears Baby Food Ns As To Strained Or Junior,Baby Foods,41,0.12,0,1,10.88,2.2,8.17,0.2,0,6,0.23,98,1 tablespoon,16
Apples And Pears Baby Food Strained,Baby Foods,42,0.2,0,0,10.8,2.2,8.43,0.25,0,6,0.23,100,1 tablespoon,16
Apples And Pears Baby Food Junior,Baby Foods,40,0.05,0,1,10.95,2.2,7.91,0.15,0,6,0.24,96,1 tablespoon,16
Pears And Pineapple Baby Food Ns As To Strained Or Junior,Baby Foods,42,0.15,0,0,11.15,2.6,7.58,0.3,0,10,0.23,117,1 tablespoon,16
Pear Juice Baby Food,Baby Foods,47,0,0,8,11.86,0.1,7.28,0,0,12,0,130,1 fl oz,31
Apple-Sweet Potato Juice Baby Food,Baby Foods,48,0.1,0,5,11.4,0.5,9.6,0.3,0,15,0.3,137,1 fl oz,31
Banana Juice With Lowfat Yogurt Baby Food,Baby Foods,89,0.8,3,37,17.54,0.4,13.28,2.5,0,79,0.2,160,1 fl oz,32
Mixed Fruit Juice With Lowfat Yogurt Baby Food,Baby Foods,76,0.8,3,36,14.68,0.4,10.8,2.4,0,81,0.2,137,1 fl oz,32
Fruit Juice And Water Drink With High Vitamin C And Added Calcium Baby Food,Baby Foods,31,0,0,11,7.4,0,6.12,0,0,71,0,22,1 fl oz,31
Plums Baby Food Ns As To Strained Or Junior,Baby Foods,72,0,0,0,20.1,1.2,13.49,0.1,0,6,0.21,84,1 tablespoon,15
Apricots Baby Food Ns As To Strained Or Junior,Baby Foods,62,0,0,0,16.8,1.5,1.4,0.3,0,8,0.28,123,1 tablespoon,15
Bananas Baby Food Ns As To Strained Or Junior,Baby Foods,62,0.15,0,0,16.55,1.6,3.74,0.4,0,6,0.25,98,1 tablespoon,15
Bananas And Pineapple Baby Food Ns As To Strained Or Junior,Baby Foods,66,0.05,0,0,18.1,1.6,9.57,0.2,0,7,0.18,73,1 tablespoon,15
Fruit Dessert Baby Food Ns As To Strained Or Junior,Baby Foods,61,0,0,0,16.6,0.6,12.3,0.3,0,9,0.22,94,1 tablespoon,15
Apple Yogurt Dessert Baby Food Strained,Baby Foods,96,1.6,6,20,19.5,0.5,12.02,0.8,0,6,0,70,1 tablespoon,15
Peach Cobbler Baby Food Ns As To Strained Or Junior,Baby Foods,66,0,0,4,18.05,0.7,11.26,0.3,0,4,0.1,55,1 tablespoon,15
Cherry Vanilla Pudding Baby Food Strained,Baby Foods,68,0.25,10,0,18.1,0.3,13.06,0.2,0,5,0.18,34,1 tablespoon,15
Dutch Apple Dessert Baby Food Ns As To Strained Or Junior,Baby Foods,77,0.28,0,2,19.46,1.4,17.89,0.2,0,4,0.16,50,1 tablespoon,15
Peach Yogurt Dessert Baby Food Strained,Baby Foods,76,0.18,4,14,17.6,0.4,11.11,0.9,0,27,0.4,102,1 tablespoon,15
Tutti-Fruitti Pudding Baby Food Ns As To Strained Or Junior,Baby Foods,68,0.35,15,21,15.74,0.5,9.35,0.4,0,14,0.25,46,1 tablespoon,15
Potato Nfs,Vegetables,125,4.19,3,167,20.45,1.4,1.61,1.87,0,5,0.34,372,1 baby potato,60
Potato Baked Nfs,Vegetables,93,0.1,0,181,21.45,1.5,1.69,1.95,0,5,0.35,389,1 small,230
Potato Baked Peel Not Eaten,Vegetables,93,0.1,0,181,21.45,1.5,1.69,1.95,0,5,0.35,389,1 small,230
Potato Boiled Nfs,Vegetables,125,4.19,3,167,20.45,1.4,1.61,1.87,0,5,0.34,372,1 baby potato,60
Potato Boiled Ready-To-Heat,Vegetables,125,4.19,3,167,20.45,1.4,1.61,1.87,0,5,0.34,372,1 baby potato,60
Potato Boiled From Fresh Peel Not Eaten Ns As To Fat Added In Cooking,Vegetables,125,4.19,3,167,20.45,1.4,1.61,1.87,0,5,0.34,372,1 baby potato,60
Potato Boiled From Fresh Peel Not Eaten Fat Not Added In Cooking,Vegetables,93,0.1,0,159,21.46,1.5,1.69,1.95,0,5,0.35,389,1 baby potato,60
Potato Boiled From Fresh Peel Not Eaten Fat Added In Cooking Ns As To Type Of Fat,Vegetables,125,4.19,3,167,20.45,1.4,1.61,1.87,0,5,0.34,372,1 baby potato,60
Potato Boiled From Fresh Peel Not Eaten Made With Oil,Vegetables,130,4.84,0,152,20.45,1.4,1.61,1.86,0,5,0.34,371,1 baby potato,60
Potato Boiled From Fresh Peel Not Eaten Made With Butter,Vegetables,122,3.94,10,182,20.45,1.4,1.62,1.9,0,6,0.33,372,1 baby potato,60
Potato Boiled From Fresh Peel Not Eaten Made With Margarine,Vegetables,114,2.93,0,184,20.49,1.4,1.61,1.87,0.2,6,0.33,372,1 baby potato,60
Potato Boiled From Fresh Peel Eaten Ns As To Fat Added In Cooking,Vegetables,125,4.22,3,172,20.08,2.1,1.12,2.39,0,15,1.03,508,1 baby potato,60
Potato Boiled From Fresh Peel Eaten Fat Added In Cooking Ns As To Type Of Fat,Vegetables,125,4.22,3,172,20.08,2.1,1.12,2.39,0,15,1.03,508,1 baby potato,60
Potato Boiled From Fresh  Peel Eaten Fat Not Added In Cooking,Vegetables,93,0.13,0,164,21.07,2.2,1.18,2.49,0,15,1.08,533,1 baby potato,60
Potato Boiled From Fresh Peel Eaten Made With Oil,Vegetables,130,4.87,0,157,20.07,2.1,1.12,2.37,0,14,1.03,508,1 baby potato,60
Potato Boiled From Fresh Peel Eaten Made With Butter,Vegetables,122,3.97,10,187,20.07,2.1,1.12,2.41,0,15,1.03,509,1 baby potato,60
Potato Boiled From Fresh Peel Eaten Made With Margarine,Vegetables,114,2.96,0,189,20.11,2.1,1.12,2.38,0.2,15,1.03,509,1 baby potato,60
Potato Canned Ns As To Fat Added In Cooking,Vegetables,95,4.28,3,167,12.91,2.3,0.56,1.34,0,5,1.2,218,1 whole canned,35
Potato Canned Fat Added In Cooking Ns As To Type Of Fat,Vegetables,95,4.28,3,167,12.91,2.3,0.56,1.34,0,5,1.2,218,1 whole canned,35
Potato Canned Fat Not Added In Cooking,Vegetables,62,0.2,0,159,13.55,2.4,0.59,1.39,0,5,1.26,228,1 whole canned,35
Potato Roasted Nfs,Vegetables,125,4.19,3,167,20.45,1.4,1.61,1.87,0,5,0.34,372,1 baby potato,60
Potato Roasted From Fresh Peel Eaten Ns As To Fat Added In Cooking,Vegetables,125,4.22,3,172,20.08,2.1,1.12,2.39,0,15,1.03,508,1 baby potato,60
Potato Roasted From Fresh Peel Eaten Fat Not Added In Cooking,Vegetables,93,0.13,0,164,21.07,2.2,1.18,2.49,0,15,1.08,533,1 baby potato,60
Potato Roasted From Fresh Peel Eaten Fat Added In Cooking Ns As To Type Of Fat,Vegetables,125,4.22,3,172,20.08,2.1,1.12,2.39,0,15,1.03,508,1 baby potato,60
Potato Roasted From Fresh Peel Eaten Made With Oil,Vegetables,130,4.87,0,157,20.07,2.1,1.12,2.37,0,14,1.03,508,1 baby potato,60
Potato Roasted From Fresh Peel Eaten Made With Butter,Vegetables,122,3.97,10,187,20.07,2.1,1.12,2.41,0,15,1.03,509,1 baby potato,60
Potato Roasted From Fresh Peel Eaten Made With Margarine,Vegetables,114,2.96,0,189,20.11,2.1,1.12,2.38,0.2,15,1.03,509,1 baby potato,60
Potato Roasted From Fresh Peel Not Eaten Ns As To Fat Added In Cooking,Vegetables,125,4.19,3,167,20.45,1.4,1.61,1.87,0,5,0.34,372,1 baby potato,60
Potato Roasted From Fresh Peel Not Eaten Fat Added In Cooking Ns As To Type Of Fat,Vegetables,125,4.19,3,167,20.45,1.4,1.61,1.87,0,5,0.34,372,1 baby potato,60
Potato Roasted From Fresh Peel Not Eaten Fat Not Added In Cooking,Vegetables,93,0.1,0,159,21.46,1.5,1.69,1.95,0,5,0.35,389,1 baby potato,60
Potato Roasted From Fresh Peel Not Eaten Made With Oil,Vegetables,130,4.84,0,152,20.45,1.4,1.61,1.86,0,5,0.34,371,1 baby potato,60
Potato Roasted From Fresh Peel Not Eaten Made With Butter,Vegetables,122,3.94,10,182,20.45,1.4,1.62,1.9,0,6,0.33,372,1 baby potato,60
Potato Roasted From Fresh Peel Not Eaten Made With Margarine,Vegetables,114,2.93,0,184,20.49,1.4,1.61,1.87,0.2,6,0.33,372,1 baby potato,60
Potato Roasted Ready-To-Heat,Vegetables,125,4.19,3,167,20.45,1.4,1.61,1.87,0,5,0.34,372,1 baby potato,60
Stewed Potatoes Puerto Rican Style,Prepared Meals,114,3.64,2,300,18.77,1.9,1.24,2.1,0,12,0.4,327,1 small,123
Potato Only From Puerto Rican Mixed Dishes Gravy And Other Components Reported Separately,Vegetables,85,0.1,0,242,19.89,1.8,0.88,1.7,0,8,0.31,326,1 small,97
Potato From Puerto Rican Style Stuffed Pot Roast With Gravy,Prepared Meals,74,0.91,1,204,14.55,1.3,0.65,2.44,0,7,0.45,239,1 small,103
Potato From Puerto Rican Beef Stew With Gravy,Prepared Meals,74,0.91,1,204,14.55,1.3,0.65,2.44,0,7,0.45,239,1 small,122
Potato From Puerto Rican Chicken Fricassee With Sauce,Prepared Meals,72,1.02,2,145,14.65,1.2,0.68,1.35,0,9,0.23,224,1 small,123
Potato Chips Restructured Plain,Snacks,543,35.17,0,515,55.21,2.9,0.76,4.61,0,17,0.8,635,1 chip,2
Potato Chips Restructured Flavored,Snacks,542,35.07,0,629,55.05,2.9,0.76,4.59,0,17,0.8,633,1 chip,2
Potato Chips Baked Flavored,Snacks,467,18.11,0,744,71.04,4.8,4.99,4.97,0,124,0.8,717,1 chip,2
Potato Chips Reduced Fat,Snacks,482,20.59,0,392,67.13,6,0.22,7.03,0,21,1.34,1727,1 chip,2
Potato Chips Fat Free,Snacks,482,20.59,0,392,67.13,6,0.22,7.03,0,21,1.34,1727,1 chip,1
Potato Chips Unsalted,Snacks,537,30.3,0,7,59.66,5.4,0.19,6.25,0,18,1.19,1535,1 chip,2
Potato Chips Lightly Salted,Snacks,559,35.32,0,264,53.43,4.2,0.34,6.71,0,24,1.43,1301,1 chip,2
Potato Chips Restructured Lightly Salted,Snacks,559,35.32,0,264,53.43,4.2,0.34,6.71,0,24,1.43,1301,1 chip,2
Potato Chips Popped Flavored,Snacks,467,18.11,0,744,71.04,4.8,4.99,4.97,0,124,0.8,717,1 chip,1
Potato Sticks Flavored,Snacks,517,34.06,0,1010,52.77,3.4,0.22,6.63,0,18,2.25,1225,10 sticks,3
Potato Sticks Fry Shaped,Snacks,517,34.06,0,1010,52.77,3.4,0.22,6.63,0,18,2.25,1225,10 sticks,3
Vegetable Chips,Snacks,495,26.56,0,302,59.2,7.8,6.9,4.72,0,66,1.6,1052,1 chip,2
Potato Scalloped Nfs,Prepared Meals,166,9.39,26,324,13.64,0.8,2.2,7.01,0.5,190,0.28,246,1 cup,250
Potato Scalloped From Fast Food Or Restaurant,Prepared Meals,201,13.74,37,412,13.22,0.7,1.97,6.56,0.2,175,0.3,229,1 cup,250
Potato Scalloped From Fresh,Prepared Meals,166,9.39,26,324,13.64,0.8,2.2,7.01,0.5,190,0.28,246,1 cup,250
Potato Scalloped From Fresh With Meat,Prepared Meals,173,10.31,29,356,13.1,0.7,2.09,7.28,0.5,181,0.3,246,1 cup,250
Potato Scalloped From Dry Mix,Prepared Meals,167,9.53,26,418,13.66,0.8,2.29,6.79,0.5,183,0.31,238,1 cup,250
Potato Scalloped From Dry Mix With Meat,Prepared Meals,167,9.56,27,440,13.32,0.7,2.21,7.14,0.5,177,0.32,241,1 cup,250
Potato Scalloped Ready-To-Heat,Prepared Meals,175,10.68,28,405,13.42,0.7,2.25,6.68,0.5,180,0.3,234,1 cup,250
Potato Scalloped Ready-To-Heat With Meat,Prepared Meals,181,11.46,30,430,12.94,0.7,2.15,6.94,0.5,172,0.32,234,1 cup,250
Potato French Fries Nfs,Fast Foods,224,14.07,0,295,23.23,1.8,0.34,2.5,0,11,0.53,435,1 shoestring,2
Potato French Fries Ns As To Fresh Or Frozen,Fast Foods,224,14.07,0,295,23.23,1.8,0.34,2.5,0,11,0.53,435,1 shoestring,2
Potato French Fries From Fresh Fried,Fast Foods,196,13.1,0,141,18.5,1.6,1.25,1.93,0,9,0.64,401,1 shoestring,2
Potato French Fries From Fresh Baked,Fast Foods,164,9.16,0,147,19.34,1.7,1.3,2.02,0,9,0.66,419,1 shoestring,2
Potato French Fries From Frozen Fried,Fast Foods,224,14.07,0,295,23.23,1.8,0.34,2.5,0,11,0.53,435,1 shoestring,2
Potato French Fries School,Fast Foods,164,9.16,0,147,19.34,1.7,1.3,2.02,0,9,0.66,419,1 shoestring,2
Potato French Fries With Cheese Fast Food / Restaurant,Fast Foods,259,14.14,3,364,29.69,2.6,0.3,3.36,0,37,0.71,386,1 kids meal order,107
Potato French Fries With Cheese School,Fast Foods,179,10.29,8,195,17.81,1.5,1.2,4.55,0,84,0.61,384,1 fry any cut,11
Potato French Fries With Chili Fast Food / Restaurant,Fast Foods,241,10.81,3,293,31.58,3.6,0.85,4.25,0,23,0.99,469,1 fry any cut,8
Potato French Fries With Chili And Cheese Fast Food / Restaurant,Fast Foods,220,11.38,4,386,25.41,2.8,0.7,3.99,0,36,0.88,354,1 fry any cut,10
Potato French Fries With Cheese,Fast Foods,259,14.14,3,364,29.69,2.6,0.3,3.36,0,37,0.71,386,1 fry any cut,8
Potato French Fries With Chili And Cheese,Fast Foods,220,11.38,4,386,25.41,2.8,0.7,3.99,0,36,0.88,354,1 fry any cut,10
Potato French Fries With Chili,Fast Foods,241,10.81,3,293,31.58,3.6,0.85,4.25,0,23,0.99,469,1 fry any cut,8
Potato Home Fries Nfs,Fast Foods,195,13.03,0,341,18.4,1.6,1.24,1.92,0,9,0.64,399,1 cup,200
Potato Home Fries From Restaurant / Fast Food,Fast Foods,213,15.2,0,396,17.91,1.6,1.21,1.87,0,9,0.61,389,1 cup,200
Potato Home Fries From Fresh,Fast Foods,183,11.52,0,279,18.76,1.6,1.26,1.96,0,9,0.65,407,1 cup,200
Potato Home Fries Ready-To-Heat,Fast Foods,195,13.03,0,341,18.4,1.6,1.24,1.92,0,9,0.64,399,1 cup,200
Potato Home Fries With Vegetables,Fast Foods,171,11.77,0,382,15.6,1.6,1.84,1.73,0,11,0.59,346,1 cup,200
Potato Hash Brown Nfs,Fast Foods,217,11.48,0,399,28.23,3.2,0.27,2.62,0,17,0.54,491,1 patty,55
Potato Hash Brown From Fast Food With Cheese,Fast Foods,294,19.75,16,580,24.58,2.2,0.55,5.96,0.1,134,0.52,308,1 patty,55
Potato Hash Brown From Restaurant With Cheese,Fast Foods,294,19.75,16,580,24.58,2.2,0.55,5.96,0.1,134,0.52,308,1 patty,55
Potato Hash Brown From School Lunch,Fast Foods,218,11.54,0,169,28.4,3.2,0.27,2.64,0,17,0.54,494,1 patty,55
Potato Hash Brown From Fresh,Fast Foods,189,12.27,0,344,18.57,1.6,1.25,1.94,0,9,0.64,403,1 cup,160
Potato Hash Brown From Fresh With Cheese,Fast Foods,221,15.39,15,389,16.27,1.4,1.14,5.04,0.1,113,0.57,354,1 cup,160
Potato Hash Brown From Dry Mix,Fast Foods,217,11.48,0,399,28.23,3.2,0.27,2.62,0,17,0.54,491,1 cup,160
Potato Hash Brown Ready-To-Heat,Fast Foods,217,11.48,0,399,28.23,3.2,0.27,2.62,0,17,0.54,491,1 patty,55
Potato Hash Brown Ready-To-Heat With Cheese,Fast Foods,248,15.08,16,441,24.07,2.6,0.3,5.97,0.1,132,0.47,423,1 patty,55
Potato Skins Without Topping,Fast Foods,150,7.45,0,363,19.53,1.8,1.25,2.12,0,11,0.77,445,skin from 1 small,25
Potato Skins With Cheese,Fast Foods,198,12.27,18,417,16.46,1.5,1.11,5.99,0.1,141,0.65,376,skin from 1 small,35
Potato Skins With Cheese And Bacon,Fast Foods,213,13.56,23,489,15.63,1.4,1.04,7.56,0.1,134,0.67,383,skin from 1 small,35
Potato Skins Nfs,Fast Foods,198,12.27,18,417,16.46,1.5,1.11,5.99,0.1,141,0.65,376,skin from 1 small,25
Potato Mashed Nfs,Prepared Meals,111,3.79,10,212,17.69,1.2,2.13,2.15,0,25,0.28,330,1 cup,250
Potato Mashed From Fast Food With Gravy,Prepared Meals,81,2.78,1,323,12.78,1.1,0.46,1.46,0,16,0.27,237,1 cup,250
Potato Mashed From Fresh Made With Milk,Prepared Meals,111,3.79,10,212,17.69,1.2,2.13,2.15,0,25,0.28,330,1 cup,250
Potato Mashed From Fresh Made With Milk With Cheese,Prepared Meals,143,6.95,19,259,16.12,1,1.95,4.37,0.1,99,0.27,303,1 cup,250
Potato Mashed From Fresh Made With Milk With Gravy,Prepared Meals,99,3.56,9,247,15.21,1,1.76,1.86,0,22,0.24,273,1 cup,250
Potato Mashed From Fresh Nfs,Prepared Meals,111,3.79,10,212,17.69,1.2,2.13,2.15,0,25,0.28,330,1 cup,250
Potato Mashed From Restaurant,Prepared Meals,134,6.83,15,374,16.85,1.1,2.02,2.07,0.1,25,0.27,316,1 cup,250
Potato Mashed From Restaurant With Gravy,Prepared Meals,117,5.99,13,377,14.54,0.9,1.68,1.8,0.1,22,0.24,261,1 cup,250
Potato Mashed From School Lunch,Prepared Meals,76,1.77,1,202,13.14,1,1.92,2.14,0.4,41,0.18,201,1 cup,250
Potato Mashed From Dry Mix Nfs,Prepared Meals,113,6.27,16,256,12.75,0.9,1.59,2.05,0.1,35,0.19,192,1 cup,250
Potato Mashed From Dry Mix Made With Milk,Prepared Meals,113,6.27,16,256,12.75,0.9,1.59,2.05,0.1,35,0.19,192,1 cup,250
Potato Mashed From Dry Mix Made With Milk With Cheese,Prepared Meals,144,9.16,24,298,11.71,0.8,1.47,4.28,0.1,108,0.18,179,1 cup,250
Potato Mashed From Dry Mix Made With Milk With Gravy,Prepared Meals,100,5.54,13,282,11.26,0.8,1.33,1.78,0.1,30,0.17,162,1 cup,250
Potato Mashed Ready-To-Heat With Cheese,Prepared Meals,138,8.04,22,336,12.2,1.7,1.62,4.21,0.2,106,0.26,253,1 cup,250
Potato Mashed Ready-To-Heat With Gravy,Prepared Meals,94,4.53,11,316,11.69,1.5,1.47,1.72,0.1,29,0.23,228,1 cup,250
Potato Patty,Fast Foods,170,11.22,68,221,13.4,1.5,1.51,3.89,0.4,34,0.72,219,1 patty,55
Potato Tots Nfs,Fast Foods,236,15.46,0,421,24.4,2.3,0.28,1.9,0,13,0.47,243,1 cup,130
Potato Tots Fast Food / Restaurant,Fast Foods,236,15.4,0,571,24.31,2.3,0.27,1.89,0,13,0.46,242,1 cup,130
Potato Tots School,Fast Foods,164,9.16,0,147,19.34,1.7,1.3,2.02,0,9,0.66,419,1 cup,130
Potato Tots From Fresh Fried Or Baked,Fast Foods,236,15.46,0,421,24.4,2.3,0.28,1.9,0,13,0.47,243,1 cup,130
Potato Tots Frozen Baked,Fast Foods,187,9.17,0,451,26.1,2.4,0.3,2.03,0,14,0.5,260,1 cup,130
Potato Tots Frozen Fried,Fast Foods,236,15.46,0,421,24.4,2.3,0.28,1.9,0,13,0.47,243,1 cup,130
Potato Tots Frozen Ns As To Fried Or Baked,Fast Foods,236,15.46,0,421,24.4,2.3,0.28,1.9,0,13,0.47,243,1 cup,130
Potato Baked Peel Not Eaten With Butter,Vegetables,124,4.13,11,204,20.39,1.4,1.61,1.9,0,6,0.33,371,1 small,260
Potato Baked Peel Not Eaten With Sour Cream,Vegetables,130,5.51,15,188,18.96,1.3,1.77,1.95,0,15,0.31,349,1 small,260
Potato Baked Peel Not Eaten With Cheese,Vegetables,152,7.68,22,225,17.72,1.2,1.67,3.58,0,69,0.3,328,1 small,260
Potato Baked Peel Not Eaten With Meat,Vegetables,159,8.27,23,256,17.38,1.2,1.64,4.24,0.1,68,0.31,331,1 small,260
Potato Baked Peel Not Eaten With Chili,Vegetables,141,6.13,17,274,18.02,1.6,1.57,4.01,0,61,0.48,333,1 small,260
Potato Baked Peel Not Eaten With Vegetables,Vegetables,141,6.24,17,229,18.14,1.4,1.51,3.65,0,64,0.33,334,1 small,260
Potato Baked Peel Eaten,Vegetables,93,0.13,0,186,21.05,2.2,1.18,2.49,0,15,1.08,533,1 small,230
Potato Baked Peel Eaten With Butter,Vegetables,124,4.16,11,209,20.01,2.1,1.12,2.41,0,15,1.02,507,1 small,260
Potato Baked Peel Eaten With Sour Cream,Vegetables,130,5.54,15,193,18.62,1.9,1.33,2.41,0,23,0.94,473,NULL,NULL
Potato Baked Peel Eaten With Cheese,Vegetables,152,7.7,22,228,17.41,1.7,1.26,4,0,77,0.88,442,NULL,NULL
Potato Baked Peel Eaten With Meat,Vegetables,159,8.3,23,260,17.06,1.7,1.23,4.66,0.1,75,0.88,443,1 small,260
Potato Baked Peel Eaten With Chili,Vegetables,141,6.15,17,278,17.73,2.1,1.19,4.4,0,68,1.01,439,NULL,NULL
Potato Baked Peel Eaten With Vegetables,Vegetables,141,6.27,17,233,17.81,2,1.09,4.09,0,72,0.93,452,1 small,260
Potato Salad With Egg From Restaurant,Prepared Meals,171,11.39,51,334,14.4,1.4,1.26,2.88,0.3,14,0.42,245,1 cup,275
Potato Salad With Egg Made With Light Mayonnaise,Prepared Meals,111,4.46,46,204,15.12,1.3,1.67,2.72,0.3,14,0.4,244,1 cup,275
Potato Salad With Egg Made With Mayonnaise-Type Salad Dressing,Prepared Meals,112,4.32,46,178,15.9,1.3,2.55,2.76,0.3,14,0.4,246,1 cup,275
Potato Salad With Egg Made With Light Mayonnaise-Type Salad Dressing,Prepared Meals,111,4.46,46,204,15.12,1.3,1.67,2.72,0.3,14,0.4,244,1 cup,275
Potato Salad With Egg Made With Creamy Dressing,Prepared Meals,142,7.91,49,201,14.88,1.3,1.54,2.94,0.3,17,0.41,259,1 cup,275
Potato Salad With Egg Made With Light Creamy Dressing,Prepared Meals,102,3.46,45,193,15.01,1.3,1.7,2.96,0.3,14,0.38,254,1 cup,275
Potato Salad With Egg Made With Italian Dressing,Prepared Meals,114,4.42,46,212,15.8,1.3,2.41,2.81,0.3,15,0.41,262,1 cup,275
Potato Salad With Egg Made With Light Italian Dressing,Prepared Meals,94,2.35,46,199,15.48,1.3,2.2,2.8,0.3,15,0.4,263,1 cup,275
Potato Salad With Egg Made With Any Type Of Fat Free Dressing,Prepared Meals,89,1.74,44,204,16,1.6,2.68,2.67,0.3,14,0.39,245,1 cup,275
Potato Salad German Style,Prepared Meals,104,3.2,5,176,16.4,1.6,1.25,2.44,0.1,9,0.31,327,1 cup,175
Potato Salad From Restaurant,Prepared Meals,173,11.5,6,363,16.23,1.6,1.28,1.54,0,9,0.31,261,1 cup,275
Potato Salad Made With Mayonnaise,Prepared Meals,168,11.14,6,178,15.8,1.5,1.28,1.52,0,10,0.31,261,1 cup,275
Potato Salad Made With Light Mayonnaise,Prepared Meals,105,3.65,3,215,16.97,1.5,1.74,1.41,0,10,0.3,260,1 cup,275
Potato Salad Made With Mayonnaise-Type Salad Dressing,Prepared Meals,107,3.49,3,186,17.86,1.5,2.74,1.46,0,10,0.29,261,1 cup,275
Potato Salad Made With Light Mayonnaise-Type Salad Dressing,Prepared Meals,105,3.65,3,215,16.97,1.5,1.74,1.41,0,10,0.3,260,1 cup,275
Potato Salad Made With Creamy Dressing,Prepared Meals,140,7.53,4,212,16.79,1.5,1.6,1.59,0,13,0.3,278,1 cup,275
Potato Salad Made With Light Creamy Dressing,Prepared Meals,95,2.47,0,202,16.94,1.5,1.78,1.62,0,9,0.27,272,1 cup,275
Potato Salad Made With Italian Dressing,Prepared Meals,108,3.56,0,224,17.85,1.5,2.59,1.44,0,10,0.3,282,1 cup,275
Potato Salad Made With Light Italian Dressing,Prepared Meals,85,1.2,0,210,17.48,1.5,2.35,1.44,0,11,0.29,282,1 cup,275
Potato Salad Made With Any Type Of Fat Free Dressing,Prepared Meals,81,0.58,2,215,17.94,1.8,2.89,1.38,0,10,0.29,261,1 cup,275
Potato Pancake,Prepared Meals,192,10.49,60,406,20.6,2.3,1.14,4.49,0.3,23,1.28,449,1 miniature/bite size pancake,10
Lefse (Norwegian),Prepared Meals,216,6.09,12,176,36.04,2,2.28,4.22,0.2,17,1.48,263,1 lefse any size,80
Potato Pudding,Prepared Meals,126,7.72,58,342,10.65,0.8,2.26,3.56,0.8,51,0.31,216,1 cup,228
Stewed Potatoes,Prepared Meals,114,3.22,0,149,19.91,1.4,1.88,1.84,0,6,0.34,360,1 cup,250
Stewed Potatoes With Tomatoes,Prepared Meals,92,3.13,0,149,15.17,1.2,2.1,1.57,0,8,0.42,313,1 cup,250
Potato Soup Ns As To Made With Milk Or Water,Soups and Sauces,50,1.46,2,316,7.66,0.7,2,1.58,0.3,39,0.18,119,1 cup,244
Potato Soup Cream Of Prepared With Milk,Soups and Sauces,62,1.96,4,324,8.82,0.6,3.26,2.39,0.6,68,0.18,153,1 cup,248
Potato Soup Prepared With Water,Soups and Sauces,38,0.95,1,308,6.49,0.7,0.73,0.77,0,10,0.17,84,1 cup,244
Potato And Cheese Soup,Soups and Sauces,74,3.35,6,310,8.56,1,1.57,2.71,0.2,59,0.4,200,1 cup,248
Potato Chowder,Soups and Sauces,92,4.78,12,312,8.73,0.6,4.28,3.82,0.9,92,0.24,219,1 cup,248
Plantain Soup Puerto Rican Style,Soups and Sauces,40,0.48,0,665,7.15,0.5,3.33,2.33,0,11,0.44,207,1 cup,245
Plantain Boiled Ns As To Green Or Ripe,Vegetables,116,0.18,0,5,31.15,2.3,14,0.79,0,2,0.58,465,1 slice,27
Plantain Fried Ns As To Green Or Ripe,Vegetables,241,10.16,0,5,40.6,2.9,19.1,1.66,0,4,0.78,572,1 slice,27
Green Plantains Boiled,Vegetables,116,0.18,0,5,31.15,2.3,14,0.79,0,2,0.58,465,1 slice,27
Fried Green Plantain Puerto Rican Style,Vegetables,236,11.72,0,1454,35.53,2.6,16.71,1.45,0,6,0.7,501,1 small tostone,20
Fried Ripe Plantain Puerto Rican Style,Vegetables,252,13.27,0,5,36.07,2.6,16.96,1.47,0,3,0.7,508,NULL,NULL
Plantain Ripe Rolled In Flour Fried,Vegetables,245,11.89,0,4,36.46,2.5,15.07,1.91,0,4,0.89,457,"1 piece (2-1/2"" long)",45
Candied Ripe Plantain Puerto Rican Style,Vegetables,258,7.5,0,71,50.17,1.3,40.42,0.8,0.1,3,0.4,267,1 serving (1/2 plantain with syrup),140
Green Banana Cooked In Salt Water,Vegetables,88,0.33,0,232,22.7,2.6,12.16,1.08,0,5,0.26,320,1 small,54
Green Banana Fried,Vegetables,147,6.41,0,1,23.99,2.7,12.85,1.14,0,5,0.28,338,1 slice,23
Pickled Green Bananas Puerto Rican Style,Fruits,320,29.52,0,192,15.04,1.8,7.71,0.91,0,11,0.39,221,1 cup,150
Cassava Cooked Ns As To Fat Added In Cooking,Vegetables,176,2.53,4,260,37.05,1.8,1.66,1.34,0,16,0.25,238,1 piece,20
Cassava Cooked Fat Not Added In Cooking,Vegetables,161,0.28,0,247,38.22,1.8,1.71,1.37,0,15,0.26,245,1 piece,20
Cassava Cooked Fat Added In Cooking Ns As To Type Of Fat,Vegetables,176,2.53,4,260,37.05,1.8,1.66,1.34,0,16,0.25,238,1 piece,20
Cassava Cooked Made With Oil,Vegetables,183,3.39,0,239,37.04,1.8,1.65,1.32,0,15,0.26,237,1 piece,20
Cassava Cooked Made With Butter,Vegetables,178,2.8,7,259,37.04,1.8,1.66,1.35,0,16,0.25,238,1 piece,20
Cassava Cooked Made With Margarine,Vegetables,172,2.13,0,260,37.06,1.8,1.65,1.33,0.1,16,0.25,238,1 piece,20
Yuca Fries,Vegetables,267,13.94,0,154,34.72,1.6,1.55,1.24,0,15,0.27,247,1 cup,140
Casabe Cassava Bread,Baked Foods,299,0.52,0,1187,71.22,3.4,3.18,2.54,0,31,0.52,507,"1 piece (6"" dia)",100
Cassava With Creole Sauce Puerto Rican Style,Vegetables,132,3.48,0,244,24.57,1.7,2.62,1.28,0,18,0.39,220,1 serving (2 pieces with sauce),230
Yam Cooked Puerto Rican,Vegetables,115,0.14,0,280,27.29,3.9,0.49,1.48,0,14,0.52,665,1 cup,140
Yam Buns; Puerto Rican Style,Baked Foods,302,19,35,275,29.77,3.5,0.75,3.46,0.3,25,1.02,587,1 cup,153
Tannier Cooked,Vegetables,153,0.27,0,332,36.18,5.6,0.55,2.05,0,56,0.72,727,1 cup,190
Celeriac Cooked,Vegetables,44,0.31,0,343,9.63,1.9,1.67,1.57,0,43,0.7,283,1 cup pieces,155
Dasheen Boiled,Vegetables,141,0.11,0,246,34.39,5.1,0.49,0.52,0,18,0.72,481,1 cup pieces,142
Dasheen Fried,Vegetables,253,8.85,0,368,42.81,6.3,0.61,0.64,0,23,0.9,599,1 cup pieces,123
Taro Baked,Vegetables,144,0.26,0,475,34.09,5.3,0.52,1.93,0,56,0.71,762,1 cup,132
Starchy Vegetables NFS Puerto Rican Style,Vegetables,135,0.19,0,246,33.14,3.1,4.17,1.06,0,13,0.49,447,1 cup,195
Starchy Vegetables Including Tannier White Sweet Potato And Yam With Green Or Ripe Plantains Puerto Rican Style,Vegetables,135,0.19,0,246,33.14,3.1,4.17,1.06,0,13,0.49,447,1 cup,195
Starchy Vegetables Including Tannier White Sweet Potato And Yam No Plantain Puerto Rican Style,Vegetables,142,0.19,0,247,33.86,3.3,1.01,1.16,0,16,0.47,442,1 cup,190
Fufu,Vegetables,156,2.65,0,33,31.8,2.8,1.06,1.39,0,15,0.38,457,1 cup cooked,240
Beet Greens Cooked Ns As To Fat Added In Cooking,Vegetables,46,2.48,4,512,5.26,2.8,0.58,2.49,0.1,111,1.83,875,1 cup,149
Beet Greens Cooked Fat Not Added In Cooking,Vegetables,27,0.2,0,507,5.42,2.9,0.6,2.55,0,113,1.89,903,1 cup,144
Beet Greens Cooked Fat Added In Cooking Ns As To Type Of Fat,Vegetables,46,2.48,4,512,5.26,2.8,0.58,2.49,0.1,111,1.83,875,1 cup,149
Beet Greens Cooked Made With Oil,Vegetables,53,3.23,0,491,5.26,2.8,0.58,2.48,0,110,1.84,875,1 cup,149
Beet Greens Cooked Made With Butter,Vegetables,49,2.75,7,511,5.25,2.8,0.58,2.5,0,111,1.83,875,1 cup,149
Beet Greens Cooked Made With Margarine,Vegetables,43,2.1,0,512,5.28,2.8,0.58,2.48,0.1,110,1.83,875,1 cup,149
Broccoli Raab Cooked Ns As To Fat Added In Cooking,Vegetables,49,2.46,3,292,3.03,2.7,0.6,3.72,0,115,1.23,333,1 cup,170
Broccoli Raab Cooked Fat Not Added In Cooking,Vegetables,33,0.52,0,282,3.1,2.8,0.62,3.81,0,117,1.26,341,1 cup,170
Broccoli Raab Cooked Fat Added In Cooking Ns As To Type Of Fat,Vegetables,49,2.46,3,292,3.03,2.7,0.6,3.72,0,115,1.23,333,1 cup,170
Broccoli Raab Cooked Made With Oil,Vegetables,55,3.09,0,275,3.02,2.7,0.6,3.71,0,114,1.24,332,1 cup,170
Broccoli Raab Cooked Made With Butter,Vegetables,51,2.69,6,292,3.02,2.7,0.6,3.73,0,115,1.23,333,1 cup,170
Broccoli Raab Cooked Made With Margarine,Vegetables,46,2.13,0,293,3.04,2.7,0.6,3.71,0.1,115,1.23,333,1 cup,170
Chard Cooked Ns As To Fat Added In Cooking,Vegetables,36,1.98,3,405,4.01,2,1.07,1.84,0,57,2.19,532,1 cup stalk and leaves,150
Chard Cooked Fat Not Added In Cooking,Vegetables,20,0.08,0,398,4.11,2.1,1.09,1.87,0,58,2.25,546,1 cup stalk and leaves,145
Chard Cooked Fat Added In Cooking Ns As To Type Of Fat,Vegetables,36,1.98,3,405,4.01,2,1.07,1.84,0,57,2.19,532,1 cup stalk and leaves,150
Chard Cooked Made With Oil,Vegetables,42,2.59,0,388,4,2,1.07,1.82,0,56,2.2,532,1 cup stalk and leaves,150
Chard Cooked Made With Butter,Vegetables,38,2.2,6,405,4,2,1.07,1.84,0,57,2.19,532,1 cup stalk and leaves,150
Chard Cooked Made With Margarine,Vegetables,33,1.66,0,405,4.02,2,1.06,1.82,0.1,57,2.19,532,1 cup stalk and leaves,150
Collards Cooked Ns As To Form Ns As To Fat Added In Cooking,Vegetables,48,2.45,3,228,5.49,3.9,0.39,2.64,0,138,1.1,114,1 cup ns as to from fresh frozen or canned,175
Collards Cooked From Fresh Ns As To Fat Added In Cooking,Vegetables,48,2.45,3,228,5.49,3.9,0.39,2.64,0,138,1.1,114,1 cup fresh,133
Collards Cooked From Frozen Ns As To Fat Added In Cooking,Vegetables,52,2.35,3,287,6.88,2.7,0.55,2.89,0,204,1.09,244,1 cup frozen,175
Collards Cooked From Canned Ns As To Fat Added In Cooking,Vegetables,47,2.44,3,502,5.46,3.9,0.39,2.63,0,137,1.09,114,1 cup canned,167
Collards Cooked Ns As To Form Fat Not Added In Cooking,Vegetables,33,0.72,0,218,5.62,4,0.4,2.7,0,140,1.13,116,1 cup ns as to from fresh frozen or canned,170
Collards Cooked From Fresh Fat Not Added In Cooking,Vegetables,33,0.72,0,218,5.62,4,0.4,2.7,0,140,1.13,116,1 cup fresh,128
Collards Cooked From Frozen Fat Not Added In Cooking,Vegetables,36,0.41,0,276,7.06,2.8,0.57,2.95,0,209,1.12,250,1 cup frozen,170
Collards Cooked From Canned Fat Not Added In Cooking,Vegetables,33,0.71,0,498,5.58,4,0.4,2.68,0,140,1.12,116,1 cup canned,162
Collards Cooked Ns As To Form Fat Added In Cooking Ns As To Type Of Fat,Vegetables,48,2.45,3,228,5.49,3.9,0.39,2.64,0,138,1.1,114,1 cup ns as to from fresh frozen or canned,175
Collards Cooked From Fresh Fat Added In Cooking Ns As To Type Of Fat,Vegetables,48,2.45,3,228,5.49,3.9,0.39,2.64,0,138,1.1,114,1 cup fresh,133
Collards Cooked From Frozen Fat Added In Cooking Ns As To Type Of Fat,Vegetables,52,2.35,3,287,6.88,2.7,0.55,2.89,0,204,1.09,244,1 cup frozen,175
Collards Cooked From Canned Fat Added In Cooking Ns As To Type Of Fat,Vegetables,47,2.44,3,502,5.46,3.9,0.39,2.63,0,137,1.09,114,1 cup canned,167
Collards Cooked Ns As To Form Made With Oil,Vegetables,53,3.02,0,213,5.49,3.9,0.39,2.63,0,137,1.1,114,1 cup ns as to from fresh frozen or canned,175
Collards Cooked Ns As To Form Made With Butter,Vegetables,49,2.66,5,228,5.49,3.9,0.39,2.65,0,138,1.1,114,1 cup ns as to from fresh frozen or canned,175
Collards Cooked Ns As To Form Made With Margarine,Vegetables,45,2.16,0,229,5.5,3.9,0.39,2.63,0.1,137,1.1,114,1 cup ns as to from fresh frozen or canned,175
Collards Cooked From Fresh Made With Oil,Vegetables,53,3.02,0,213,5.49,3.9,0.39,2.63,0,137,1.1,114,1 cup fresh,133
Collards Cooked From Fresh Made With Butter,Vegetables,49,2.66,5,228,5.49,3.9,0.39,2.65,0,138,1.1,114,1 cup fresh,133
Collards Cooked From Fresh Made With Margarine,Vegetables,45,2.16,0,229,5.5,3.9,0.39,2.63,0.1,137,1.1,114,1 cup fresh,133
Collards Cooked From Frozen Made With Oil,Vegetables,58,2.98,0,269,6.88,2.7,0.55,2.88,0,204,1.09,243,1 cup frozen,175
Collards Cooked From Frozen Made With Butter,Vegetables,54,2.58,6,286,6.87,2.7,0.55,2.9,0,204,1.09,244,1 cup frozen,175
Collards Cooked From Frozen Made With Margarine,Vegetables,49,2.02,0,287,6.89,2.7,0.55,2.88,0.1,204,1.08,244,1 cup frozen,175
Collards Cooked From Canned Made With Oil,Vegetables,52,3,0,487,5.45,3.9,0.39,2.61,0,136,1.1,113,1 cup canned,167
Collards Cooked From Canned Made With Butter,Vegetables,49,2.64,5,502,5.45,3.9,0.39,2.63,0,137,1.09,113,1 cup canned,167
Collards Cooked From Canned Made With Margarine,Vegetables,45,2.14,0,503,5.46,3.9,0.38,2.62,0.1,137,1.09,114,1 cup canned,167
Cress Cooked Ns As To Form Ns As To Fat Added In Cooking,Vegetables,44,3.02,4,306,3.66,0.7,2.98,1.84,0.1,59,0.77,340,1 cup,140
Cress Cooked From Fresh Ns As To Fat Added In Cooking,Vegetables,44,3.02,4,306,3.66,0.7,2.98,1.84,0.1,59,0.77,340,1 cup,140
Cress Cooked From Canned Ns As To Fat Added In Cooking,Vegetables,44,3.02,4,306,3.66,0.7,2.98,1.84,0.1,59,0.77,340,1 cup,140
Cress Cooked Ns As To Form Fat Not Added In Cooking,Vegetables,23,0.6,0,293,3.77,0.7,3.09,1.89,0,61,0.8,350,1 cup,135
Cress Cooked From Fresh Fat Not Added In Cooking,Vegetables,23,0.6,0,293,3.77,0.7,3.09,1.89,0,61,0.8,350,1 cup,135
Cress Cooked From Canned Fat Not Added In Cooking,Vegetables,23,0.6,0,293,3.77,0.7,3.09,1.89,0,61,0.8,350,1 cup,135
Cress Cooked Ns As To Form Fat Added In Cooking Ns As To Type Of Fat,Vegetables,44,3.02,4,306,3.66,0.7,2.98,1.84,0.1,59,0.77,340,1 cup,140
Cress Cooked From Fresh Fat Added In Cooking Ns As To Type Of Fat,Vegetables,44,3.02,4,306,3.66,0.7,2.98,1.84,0.1,59,0.77,340,1 cup,140
Cress Cooked From Canned Fat Added In Cooking Ns As To Type Of Fat,Vegetables,44,3.02,4,306,3.66,0.7,2.98,1.84,0.1,59,0.77,340,1 cup,140
Cress Cooked Ns As To Form Made With Oil,Vegetables,51,3.81,0,284,3.65,0.7,2.99,1.82,0,59,0.78,339,1 cup,140
Cress Cooked Ns As To Form Made With Butter,Vegetables,46,3.3,7,305,3.65,0.7,2.98,1.85,0,59,0.77,339,1 cup,140
Cress Cooked Ns As To Form Made With Margarine,Vegetables,40,2.6,0,306,3.67,0.7,2.98,1.83,0.1,59,0.77,340,1 cup,140
Cress Cooked From Fresh Made With Oil,Vegetables,51,3.81,0,283,3.65,0.7,2.99,1.82,0,59,0.78,339,1 cup,140
Cress Cooked From Fresh Made With Butter,Vegetables,46,3.3,7,305,3.65,0.7,2.98,1.85,0,59,0.77,339,1 cup,140
Cress Cooked From Fresh Made With Margarine,Vegetables,40,2.6,0,306,3.67,0.7,2.98,1.83,0.1,59,0.77,340,1 cup,140
Cress Cooked From Canned Made With Oil,Vegetables,51,3.81,0,283,3.65,0.7,2.99,1.82,0,59,0.78,339,1 cup,140
Cress Cooked From Canned Made With Butter,Vegetables,46,3.3,7,305,3.65,0.7,2.98,1.85,0,59,0.77,339,1 cup,140
Cress Cooked From Canned Made With Margarine,Vegetables,40,2.6,0,306,3.67,0.7,2.98,1.83,0.1,59,0.77,340,1 cup,140
Dandelion Greens Cooked Ns As To Fat Added In Cooking,Vegetables,59,3.67,6,420,6.08,2.8,0.48,1.92,0.1,134,1.71,221,1 cup chopped,110
Dandelion Greens Cooked Fat Not Added In Cooking,Vegetables,33,0.59,0,409,6.34,2.9,0.5,1.98,0,139,1.79,230,1 cup chopped,105
Dandelion Greens Cooked Fat Added In Cooking Ns As To Type Of Fat,Vegetables,59,3.67,6,420,6.08,2.8,0.48,1.92,0.1,134,1.71,221,1 cup chopped,110
Dandelion Greens Cooked Made With Oil,Vegetables,68,4.68,0,392,6.08,2.8,0.48,1.9,0,133,1.72,220,1 cup chopped,110
Dandelion Greens Cooked Made With Butter,Vegetables,62,4.03,9,419,6.07,2.8,0.48,1.93,0,134,1.71,221,1 cup chopped,110
Dandelion Greens Cooked Made With Margarine,Vegetables,54,3.14,0,421,6.1,2.7,0.47,1.9,0.2,134,1.71,221,1 cup chopped,110
Romaine Lettuce Raw,Vegetables,19,0.27,0,25,3.78,3.1,0.71,1.39,0,62,0.9,327,NULL,NULL
Caesar Salad With Romaine No Dressing,Vegetables,71,3.41,6,180,6,2,1.3,4.77,0,140,1.04,230,1 cup,79
Escarole Cooked Ns As To Fat Added In Cooking,Vegetables,47,3.4,0,294,2.95,2.7,0.22,1.1,0,44,0.7,235,1 cup,135
Escarole Cooked Fat Not Added In Cooking,Vegetables,19,0.18,0,304,3.05,2.8,0.23,1.14,0,46,0.72,243,1 cup,130
Escarole Cooked Fat Added In Cooking Ns As To Type Of Fat,Vegetables,47,3.4,0,294,2.95,2.7,0.22,1.1,0,44,0.7,235,1 cup,135
Escarole Cooked Made With Oil,Vegetables,47,3.4,0,294,2.95,2.7,0.22,1.1,0,44,0.7,235,1 cup,135
Escarole Cooked Made With Butter,Vegetables,42,2.9,7,315,2.95,2.7,0.22,1.13,0,45,0.69,236,1 cup,135
Escarole Cooked Made With Margarine,Vegetables,36,2.2,0,316,2.97,2.7,0.22,1.11,0.1,45,0.69,236,1 cup,135
Escarole Creamed,Vegetables,80,5.2,3,239,5.99,1.5,2.22,2.44,0.6,81,0.53,202,1 cup,200
Greens Cooked Ns As To Form Ns As To Fat Added In Cooking,Vegetables,46,2.6,4,282,5.07,3.2,0.66,1.94,0,117,0.93,169,1 cup,151
Greens Cooked From Fresh Ns As To Fat Added In Cooking,Vegetables,46,2.6,4,282,5.07,3.2,0.66,1.94,0,117,0.93,169,1 cup,151
Greens Cooked From Frozen Ns As To Fat Added In Cooking,Vegetables,50,2.56,4,288,5.63,2.7,0.82,2.98,0,164,1.31,253,1 cup,166
Greens Cooked From Canned Ns As To Fat Added In Cooking,Vegetables,46,2.6,4,282,5.07,3.2,0.66,1.94,0,117,0.93,169,1 cup,175
Greens Cooked Ns As To Form Fat Not Added In Cooking,Vegetables,27,0.48,0,271,5.21,3.3,0.67,1.98,0,120,0.96,174,1 cup,146
Greens Cooked From Fresh Fat Not Added In Cooking,Vegetables,27,0.48,0,271,5.21,3.3,0.67,1.98,0,120,0.96,174,1 cup,146
Greens Cooked From Frozen Fat Not Added In Cooking,Vegetables,32,0.43,0,277,5.79,2.8,0.84,3.05,0,168,1.35,259,1 cup,161
Greens Cooked From Canned Fat Not Added In Cooking,Vegetables,27,0.48,0,271,5.21,3.3,0.67,1.98,0,120,0.96,174,1 cup,170
Greens Cooked Ns As To Form Fat Added In Cooking Ns As To Type Of Fat,Vegetables,46,2.6,4,282,5.07,3.2,0.66,1.94,0,117,0.93,169,1 cup,151
Greens Cooked From Fresh Fat Added In Cooking Ns As To Type Of Fat,Vegetables,46,2.6,4,282,5.07,3.2,0.66,1.94,0,117,0.93,169,1 cup,151
Greens Cooked From Frozen Fat Added In Cooking Ns As To Type Of Fat,Vegetables,50,2.56,4,288,5.63,2.7,0.82,2.98,0,164,1.31,253,1 cup,166
Greens Cooked From Canned Fat Added In Cooking Ns As To Type Of Fat,Vegetables,46,2.6,4,272,5.07,3.2,0.66,1.94,0,117,0.93,169,1 cup,175
Greens Cooked Ns As To Form Made With Oil,Vegetables,52,3.3,0,263,5.06,3.2,0.66,1.93,0,116,0.94,169,1 cup,151
Greens Cooked Ns As To Form Made With Butter,Vegetables,48,2.85,6,281,5.06,3.2,0.66,1.95,0,117,0.93,169,1 cup,151
Greens Cooked Ns As To Form Made With Margarine,Vegetables,42,2.24,0,282,5.08,3.2,0.65,1.93,0.1,117,0.93,169,1 cup,151
Greens Cooked From Fresh Made With Oil,Vegetables,52,3.3,0,263,5.06,3.2,0.66,1.93,0,116,0.94,169,1 cup,151
Greens Cooked From Fresh Made With Butter,Vegetables,48,2.85,6,281,5.06,3.2,0.66,1.95,0,117,0.93,169,1 cup,151
Greens Cooked From Fresh Made With Margarine,Vegetables,42,2.24,0,282,5.08,3.2,0.65,1.93,0.1,117,0.93,169,1 cup,151
Greens Cooked From Frozen Made With Oil,Vegetables,56,3.26,0,269,5.62,2.7,0.82,2.96,0,164,1.32,252,1 cup,166
Greens Cooked From Frozen Made With Butter,Vegetables,52,2.81,6,287,5.62,2.7,0.82,2.98,0,164,1.31,253,1 cup,151
Greens Cooked From Frozen Made With Margarine,Vegetables,45,2.24,0,266,5.15,3.1,0.74,2.86,0.1,140,1.31,202,1 cup,151
Greens Cooked From Canned Made With Oil,Vegetables,52,3.3,0,263,5.06,3.2,0.66,1.93,0,116,0.94,169,1 cup,175
Greens Cooked From Canned Made With Butter,Vegetables,48,2.85,6,281,5.06,3.2,0.66,1.95,0,117,0.93,169,1 cup,175
Greens Cooked From Canned Made With Margarine,Vegetables,42,2.24,0,282,5.08,3.2,0.65,1.93,0.1,117,0.93,169,1 cup,175
Chamnamul Cooked Ns As To Fat Added In Cooking,Vegetables,84,5.94,0,523,6.09,2,2.58,3.28,0,95,2.42,449,1 cup,151
Chamnamul Cooked Fat Not Added In Cooking,Vegetables,44,1.21,0,549,6.4,2.1,2.72,3.45,0,99,2.55,448,1 cup,146
Chamnamul Cooked Fat Added In Cooking,Vegetables,84,5.94,0,523,6.09,2,2.58,3.28,0,95,2.42,427,1 cup,151
Kale Cooked Ns As To Form Ns As To Fat Added In Cooking,Vegetables,49,2.91,5,330,5.41,1.9,1.2,1.84,0.1,70,0.86,219,1 cup ns as to from fresh frozen or canned,135
Kale Cooked From Fresh Ns As To Fat Added In Cooking,Vegetables,49,2.91,5,330,5.41,1.9,1.2,1.84,0.1,70,0.86,219,1 cup fresh,135
Kale Cooked From Frozen Ns As To Fat Added In Cooking,Vegetables,51,3,5,323,5.02,1.9,1.28,2.74,0.1,133,0.9,308,1 cup frozen,135
Kale Cooked From Canned Ns As To Fat Added In Cooking,Vegetables,49,2.91,5,330,5.41,1.9,1.2,1.84,0.1,70,0.86,219,1 cup canned,168
Kale Cooked Ns As To Form Fat Not Added In Cooking,Vegetables,28,0.4,0,319,5.59,2,1.24,1.88,0,72,0.9,226,1 cup ns as to from fresh frozen or canned,130
Kale Cooked From Fresh Fat Not Added In Cooking,Vegetables,28,0.4,0,319,5.59,2,1.24,1.88,0,72,0.9,226,1 cup fresh,130
Kale Cooked From Frozen Fat Not Added In Cooking,Vegetables,30,0.49,0,311,5.19,2,1.33,2.82,0,137,0.94,319,1 cup frozen,130
Kale Cooked From Canned Fat Not Added In Cooking,Vegetables,28,0.4,0,319,5.59,2,1.24,1.88,0,72,0.9,226,1 cup canned,163
Kale Cooked Ns As To Form Fat Added In Cooking Ns As To Type Of Fat,Vegetables,49,2.91,5,330,5.41,1.9,1.2,1.84,0.1,70,0.86,219,1 cup ns as to from fresh frozen or canned,135
Kale Cooked From Fresh Fat Added In Cooking Ns As To Type Of Fat,Vegetables,49,2.91,5,330,5.41,1.9,1.2,1.84,0.1,70,0.86,219,1 cup fresh,135
Kale Cooked From Frozen Fat Added In Cooking Ns As To Type Of Fat,Vegetables,51,3,5,323,5.02,1.9,1.28,2.74,0.1,133,0.9,308,1 cup frozen,135
Kale Cooked From Canned Fat Added In Cooking Ns As To Type Of Fat,Vegetables,49,2.91,5,330,5.41,1.9,1.2,1.84,0.1,70,0.86,219,1 cup canned,168
Kale Cooked Ns As To Form Made With Oil,Vegetables,58,3.82,0,300,5.02,1.9,1.28,2.72,0,133,0.91,308,1 cup ns as to from fresh frozen or canned,135
Kale Cooked Ns As To Form Made With Butter,Vegetables,54,3.3,7,322,5.01,1.9,1.29,2.75,0,133,0.9,308,1 cup ns as to from fresh frozen or canned,135
Kale Cooked Ns As To Form Made With Margarine,Vegetables,47,2.57,0,324,5.04,1.9,1.28,2.72,0.1,133,0.9,308,1 cup ns as to from fresh frozen or canned,135
Kale Cooked From Fresh Made With Oil,Vegetables,57,3.74,0,308,5.4,1.9,1.2,1.82,0,69,0.87,219,1 cup fresh,135
Kale Cooked From Fresh Made With Butter,Vegetables,52,3.21,7,330,5.39,1.9,1.2,1.85,0,70,0.86,219,1 cup fresh,135
Kale Cooked From Fresh Made With Margarine,Vegetables,46,2.48,0,331,5.42,1.9,1.2,1.82,0.1,70,0.86,219,1 cup fresh,135
Kale Cooked From Frozen Made With Oil,Vegetables,58,3.82,0,300,5.02,1.9,1.28,2.72,0,133,0.91,308,1 cup frozen,135
Kale Cooked From Frozen Made With Butter,Vegetables,54,3.3,7,322,5.01,1.9,1.29,2.75,0,133,0.9,308,1 cup frozen,135
Kale Cooked From Frozen Made With Margarine,Vegetables,47,2.57,0,324,5.04,1.9,1.28,2.72,0.1,133,0.9,308,1 cup frozen,135
Kale Cooked From Canned Made With Oil,Vegetables,57,3.74,0,308,5.4,1.9,1.2,1.82,0,69,0.87,219,1 cup canned,168
Kale Cooked From Canned Made With Butter,Vegetables,52,3.21,7,330,5.39,1.9,1.2,1.85,0,70,0.86,219,1 cup canned,168
Kale Cooked From Canned Made With Margarine,Vegetables,46,2.48,0,331,5.42,1.9,1.2,1.82,0.1,70,0.86,219,1 cup canned,168
Lambsquarter Cooked Ns As To Fat Added In Cooking,Vegetables,47,2.53,3,254,4.86,2,0.6,3.12,0,251,0.68,280,1 cup,185
Lambsquarter Cooked Fat Not Added In Cooking,Vegetables,32,0.7,0,243,4.97,2.1,0.62,3.18,0,257,0.7,286,1 cup,180
Lambsquarter Cooked Fat Added In Cooking Ns As To Type Of Fat,Vegetables,47,2.53,3,254,4.86,2,0.6,3.12,0,251,0.68,280,1 cup,185
Lambsquarter Cooked Made With Oil,Vegetables,53,3.13,0,237,4.85,2,0.6,3.1,0,250,0.68,279,1 cup,185
Lambsquarter Cooked Made With Butter,Vegetables,49,2.74,5,253,4.85,2,0.6,3.12,0,251,0.68,280,1 cup,185
Lambsquarter Cooked Made With Margarine,Vegetables,45,2.21,0,254,4.87,2,0.6,3.1,0.1,251,0.68,280,1 cup,185
Mustard Cabbage Cooked Ns As To Fat Added In Cooking,Vegetables,29,2.11,3,271,1.73,1,0.8,1.52,0,91,1.01,360,1 cup,175
Mustard Cabbage Cooked Fat Not Added In Cooking,Vegetables,12,0.16,0,260,1.77,1,0.82,1.55,0,93,1.04,369,1 cup,170
Mustard Cabbage Cooked Fat Added In Cooking,Vegetables,29,2.11,3,271,1.73,1,0.8,1.52,0,91,1.01,360,1 cup,175
Mustard Greens Cooked Ns As To Form Ns As To Fat Added In Cooking,Vegetables,46,2.81,4,296,4.34,1.9,1.36,2.48,0.1,114,0.84,157,1 cup ns as to from fresh frozen or canned,155
Mustard Greens Cooked From Fresh Ns As To Fat Added In Cooking,Vegetables,46,2.81,4,296,4.34,1.9,1.36,2.48,0.1,114,0.84,157,1 cup fresh,145
Mustard Greens Cooked From Frozen Ns As To Fat Added In Cooking,Vegetables,38,2.44,4,293,3.01,2.7,0.31,2.2,0,98,1.08,135,1 cup frozen,155
Mustard Greens Cooked From Canned Ns As To Fat Added In Cooking,Vegetables,46,2.81,4,296,4.34,1.9,1.36,2.48,0.1,114,0.84,157,1 cup canned,158
Mustard Greens Cooked Ns As To Form Fat Not Added In Cooking,Vegetables,19,0.25,0,282,3.09,2.8,0.32,2.26,0,100,1.12,138,1 cup ns as to from fresh frozen or canned,150
Mustard Greens Cooked From Fresh Fat Not Added In Cooking,Vegetables,26,0.47,0,284,4.48,2,1.4,2.54,0,117,0.87,161,1 cup fresh,140
Mustard Greens Cooked From Frozen Fat Not Added In Cooking,Vegetables,19,0.25,0,282,3.09,2.8,0.32,2.26,0,100,1.12,138,1 cup frozen,150
Mustard Greens Cooked From Canned Fat Not Added In Cooking,Vegetables,26,0.47,0,284,4.48,2,1.4,2.54,0,117,0.87,161,1 cup canned,153
Mustard Greens Cooked Ns As To Form Fat Added In Cooking Ns As To Type Of Fat,Vegetables,38,2.44,4,293,3.01,2.7,0.31,2.2,0,98,1.08,135,1 cup ns as to from fresh frozen or canned,155
Mustard Greens Cooked From Fresh Fat Added In Cooking Ns As To Type Of Fat,Vegetables,46,2.81,4,296,4.34,1.9,1.36,2.48,0.1,114,0.84,157,1 cup fresh,145
Mustard Greens Cooked From Frozen Fat Added In Cooking Ns As To Type Of Fat,Vegetables,38,2.44,4,293,3.01,2.7,0.31,2.2,0,98,1.08,135,1 cup frozen,155
Mustard Greens Cooked From Canned Fat Added In Cooking Ns As To Type Of Fat,Vegetables,46,2.81,4,296,4.34,1.9,1.36,2.48,0.1,114,0.84,157,1 cup canned,158
Mustard Greens Cooked Ns As To Form Made With Oil,Vegetables,53,3.57,0,275,4.34,1.9,1.36,2.46,0,114,0.84,156,1 cup ns as to from fresh frozen or canned,155
Mustard Greens Cooked Ns As To Form Made With Butter,Vegetables,48,3.08,7,295,4.34,1.9,1.36,2.49,0,114,0.84,156,1 cup ns as to from fresh frozen or canned,155
Mustard Greens Cooked Ns As To Form Made With Margarine,Vegetables,42,2.41,0,297,4.36,1.9,1.35,2.46,0.1,114,0.84,157,1 cup ns as to from fresh frozen or canned,155
Mustard Greens Cooked From Fresh Made With Oil,Vegetables,53,3.57,0,275,4.34,1.9,1.36,2.46,0,114,0.84,156,1 cup fresh,145
Mustard Greens Cooked From Fresh Made With Butter,Vegetables,48,3.08,7,295,4.34,1.9,1.36,2.49,0,114,0.84,156,1 cup fresh,145
Mustard Greens Cooked From Fresh Made With Margarine,Vegetables,42,2.41,0,297,4.36,1.9,1.35,2.46,0.1,114,0.84,157,1 cup fresh,145
Mustard Greens Cooked From Frozen Made With Oil,Vegetables,44,3.16,0,273,3,2.7,0.31,2.19,0,98,1.09,134,1 cup frozen,155
Mustard Greens Cooked From Frozen Made With Butter,Vegetables,40,2.7,7,292,3,2.7,0.31,2.21,0,98,1.08,135,1 cup frozen,155
Mustard Greens Cooked From Frozen Made With Margarine,Vegetables,35,2.07,0,294,3.02,2.7,0.31,2.19,0.1,98,1.08,135,1 cup frozen,155
Mustard Greens Cooked From Canned Made With Oil,Vegetables,53,3.57,0,275,4.34,1.9,1.36,2.46,0,114,0.84,156,1 cup canned,158
Mustard Greens Cooked From Canned Made With Butter,Vegetables,48,3.08,7,295,4.34,1.9,1.36,2.49,0,114,0.84,156,1 cup canned,158
Mustard Greens Cooked From Canned Made With Margarine,Vegetables,42,2.41,0,297,4.36,1.9,1.35,2.46,0.1,114,0.84,157,1 cup canned,158
Poke Greens Cooked Ns As To Fat Added In Cooking,Vegetables,37,2.4,4,263,3.01,1.4,1.55,2.24,0,52,1.16,179,1 cup,160
Poke Greens Cooked Fat Not Added In Cooking,Vegetables,20,0.4,0,251,3.08,1.5,1.59,2.29,0,53,1.2,183,1 cup,155
Poke Greens Cooked Fat Added In Cooking Ns As To Type Of Fat,Vegetables,37,2.4,4,263,3.01,1.4,1.55,2.24,0,52,1.16,179,1 cup,160
Poke Greens Cooked Made With Oil,Vegetables,43,3.05,0,245,3,1.5,1.55,2.22,0,51,1.17,178,1 cup,160
Poke Greens Cooked Made With Butter,Vegetables,39,2.63,6,262,3,1.4,1.55,2.25,0,52,1.16,179,1 cup,160
Poke Greens Cooked Made With Margarine,Vegetables,34,2.06,0,263,3.02,1.4,1.55,2.23,0.1,52,1.16,179,1 cup,160
Spinach Cooked Ns As To Form Ns As To Fat Added In Cooking,Vegetables,49,2.6,3,308,4.67,3.6,0.5,3.91,0,149,1.9,294,1 cup ns as to from fresh frozen or canned,195
Spinach Cooked From Fresh Ns As To Fat Added In Cooking,Vegetables,39,2.1,3,293,3.64,2.3,0.42,2.89,0,133,3.46,452,1 cup fresh,185
Spinach Cooked From Frozen Ns As To Fat Added In Cooking,Vegetables,49,2.6,3,308,4.67,3.6,0.5,3.91,0,149,1.9,294,1 cup frozen leaf,195
Spinach Cooked From Canned Ns As To Fat Added In Cooking,Vegetables,36,2.06,3,399,3.33,2.3,0.39,2.76,0,125,2.25,338,1 cup canned,219
Spinach Cooked Ns As To Form Fat Not Added In Cooking,Vegetables,34,0.86,0,299,4.78,3.7,0.51,3.99,0,152,1.95,300,1 cup ns as to from fresh frozen or canned,190
Spinach Cooked From Fresh Fat Not Added In Cooking,Vegetables,23,0.26,0,284,3.73,2.4,0.43,2.95,0,135,3.55,463,1 cup fresh,180
Spinach Cooked From Frozen Fat Not Added In Cooking,Vegetables,34,0.86,0,299,4.78,3.7,0.51,3.99,0,152,1.95,300,1 cup frozen leaf,190
Spinach Cooked From Canned Fat Not Added In Cooking,Vegetables,23,0.5,0,394,3.39,2.4,0.4,2.8,0,127,2.3,345,1 cup canned,214
Spinach Cooked Ns As To Form Made With Oil,Vegetables,49,2.6,3,308,4.67,3.6,0.5,3.91,0,149,1.9,294,1 cup ns as to from fresh frozen or canned,190
Spinach Cooked Ns As To Form Made With Butter,Vegetables,50,2.8,5,308,4.66,3.6,0.5,3.91,0,149,1.9,294,1 cup ns as to from fresh frozen or canned,190
Spinach Cooked Ns As To Form Made With Margarine,Vegetables,46,2.3,0,309,4.68,3.6,0.5,3.9,0.1,149,1.9,294,1 cup ns as to from fresh frozen or canned,190
Spinach Cooked From Fresh Made With Oil,Vegetables,44,2.7,0,277,3.64,2.3,0.42,2.88,0,132,3.47,452,1 cup,180
Spinach Cooked From Fresh Made With Butter,Vegetables,41,2.32,5,293,3.64,2.3,0.42,2.9,0,133,3.46,452,1 cup fresh,180
Spinach Cooked From Fresh Made With Margarine,Vegetables,36,1.79,0,294,3.66,2.3,0.42,2.88,0.1,132,3.46,452,1 cup fresh,180
Spinach Cooked Ns As To Form Fat Added In Cooking Ns As To Type Of Fat,Vegetables,49,2.6,3,308,4.67,3.6,0.5,3.91,0,149,1.9,294,1 cup ns as to from fresh frozen or canned,195
Spinach Cooked From Fresh Fat Added In Cooking Ns As To Type Of Fat,Vegetables,39,2.1,3,293,3.64,2.3,0.42,2.89,0,133,3.46,452,1 cup fresh,185
Spinach Cooked From Frozen Fat Added In Cooking Ns As To Type Of Fat,Vegetables,49,2.6,3,308,4.67,3.6,0.5,3.91,0,149,1.9,294,1 cup frozen leaf,195
Spinach Cooked From Canned Fat Added In Cooking Ns As To Type Of Fat,Vegetables,36,2.06,3,399,3.33,2.3,0.39,2.76,0,125,2.25,338,1 cup canned,219
Spinach Cooked From Frozen Made With Oil,Vegetables,54,3.17,0,292,4.66,3.6,0.5,3.9,0,149,1.91,293,1 cup frozen leaf,195
Spinach Cooked From Frozen Made With Butter,Vegetables,50,2.8,5,308,4.66,3.6,0.5,3.91,0,149,1.9,294,1 cup frozen leaf,195
Spinach Cooked From Frozen Made With Margarine,Vegetables,46,2.3,0,309,4.68,3.6,0.5,3.9,0.1,149,1.9,294,1 cup frozen leaf,195
Spinach Cooked From Canned Made With Oil,Vegetables,41,2.56,0,386,3.32,2.3,0.39,2.75,0,124,2.25,338,1 cup canned,219
Spinach Cooked From Canned Made With Butter,Vegetables,38,2.24,5,399,3.32,2.3,0.39,2.76,0,125,2.25,338,1 cup canned,219
Spinach Cooked From Canned Made With Margarine,Vegetables,34,1.79,0,400,3.34,2.3,0.39,2.75,0.1,125,2.25,339,1 cup canned,219
Spinach Ns As To Form Creamed,Vegetables,79,4.74,3,248,6.53,2.3,2.04,3.94,0.5,139,1.31,244,1 cup,200
Spinach From Fresh Creamed,Vegetables,74,4.5,3,237,5.96,1.5,2.05,3.32,0.5,128,2.24,339,1 cup,200
Spinach From Frozen Creamed,Vegetables,79,4.74,3,248,6.53,2.3,2.04,3.94,0.5,139,1.31,244,1 cup,200
Spinach From Canned Creamed,Vegetables,69,4.24,3,334,5.53,1.6,1.87,3.19,0.4,124,1.57,276,1 cup,200
Spinach Cooked Ns As To Form With Cheese Sauce,Vegetables,83,5.06,11,272,5,2.6,0.41,5.89,0.3,200,1.48,254,1 cup,200
Spinach Cooked From Fresh With Cheese Sauce,Vegetables,77,4.8,12,260,4.28,1.7,0.36,5.25,0.3,190,2.57,365,1 cup,200
Spinach Cooked From Frozen With Cheese Sauce,Vegetables,83,5.06,11,272,5,2.6,0.41,5.89,0.3,200,1.48,254,1 cup,200
Spinach Cooked From Canned With Cheese Sauce,Vegetables,58,3.33,2,383,5.01,1.8,1.51,3.09,0.3,124,1.75,292,1 cup,200
Spinach And Cheese Casserole,Vegetables,125,7.23,18,293,9.56,2.3,1.15,6.75,0.4,229,1.7,279,1 cup,200
Palak Paneer,Vegetables,96,6.84,7,238,4.32,1.2,1.89,5.23,0,70,1.15,269,1 cup,200
Channa Saag,Vegetables,82,3.96,0,236,9.22,3.3,1.77,3.82,0,102,3.06,381,1 cup,245
Thistle Leaves Cooked Ns As To Fat Added In Cooking,Vegetables,44,3.02,4,305,3.66,0.7,2.98,1.84,0.1,59,0.77,340,1 cup,185
Thistle Leaves Cooked Fat Not Added In Cooking,Vegetables,23,0.6,0,293,3.77,0.7,3.09,1.89,0,61,0.8,350,1 cup,180
Thistle Leaves Cooked Fat Added In Cooking,Vegetables,44,3.02,4,305,3.66,0.7,2.98,1.84,0.1,59,0.77,340,1 cup,185
Turnip Greens Cooked Ns As To Form Ns As To Fat Added In Cooking,Vegetables,46,2.43,4,261,4.82,3.3,0.73,3.25,0,148,1.88,217,1 cup ns as to from fresh frozen or canned,170
Turnip Greens Cooked From Fresh Ns As To Fat Added In Cooking,Vegetables,40,2.51,4,308,4.2,3.4,0.51,1.12,0.1,133,0.77,196,1 cup fresh,149
Turnip Greens Cooked From Frozen Ns As To Fat Added In Cooking,Vegetables,46,2.43,4,261,4.82,3.3,0.73,3.25,0,148,1.88,217,1 cup frozen chopped,170
Turnip Greens Cooked From Canned Ns As To Fat Added In Cooking,Vegetables,39,2.58,4,308,2.71,1.2,0.4,1.33,0.1,114,1.46,136,1 cup canned,164
Turnip Greens Cooked Ns As To Form Fat Not Added In Cooking,Vegetables,29,0.42,0,250,4.95,3.4,0.74,3.33,0,151,1.93,223,1 cup ns as to from fresh frozen or canned,165
Turnip Greens Cooked From Fresh Fat Not Added In Cooking,Vegetables,20,0.23,0,296,4.33,3.5,0.53,1.13,0,136,0.8,202,1 cup fresh,144
Turnip Greens Cooked From Frozen Fat Not Added In Cooking,Vegetables,29,0.42,0,250,4.95,3.4,0.74,3.33,0,151,1.93,223,1 cup frozen,165
Turnip Greens Cooked From Canned Fat Not Added In Cooking,Vegetables,19,0.3,0,296,2.79,1.3,0.42,1.35,0,117,1.5,140,1 cup canned,159
Turnip Greens Cooked Ns As To Form Fat Added In Cooking Ns As To Type Of Fat,Vegetables,46,2.43,4,261,4.82,3.3,0.73,3.25,0,148,1.88,217,1 cup ns as to from fresh frozen or canned,170
Turnip Greens Cooked From Fresh Fat Added In Cooking Ns As To Type Of Fat,Vegetables,40,2.51,4,308,4.2,3.4,0.51,1.12,0.1,133,0.77,196,1 cup fresh,149
Turnip Greens Cooked From Frozen Fat Added In Cooking Ns As To Type Of Fat,Vegetables,46,2.43,4,261,4.82,3.3,0.73,3.25,0,148,1.88,217,1 cup frozen,170
Turnip Greens Cooked From Canned Fat Added In Cooking Ns As To Type Of Fat,Vegetables,39,2.58,4,308,2.71,1.2,0.4,1.33,0.1,114,1.46,136,1 cup canned,164
Turnip Greens Cooked Ns As To Form Made With Oil,Vegetables,46,2.43,4,261,4.82,3.3,0.73,3.25,0,148,1.88,217,1 cup ns as to from fresh frozen or canned,170
Turnip Greens Cooked Ns As To Form Made With Butter,Vegetables,48,2.67,6,261,4.81,3.3,0.73,3.26,0,148,1.88,217,1 cup ns as to from fresh frozen or canned,170
Turnip Greens Cooked Ns As To Form Made With Margarine,Vegetables,43,2.09,0,262,4.84,3.3,0.72,3.24,0.1,148,1.88,217,1 cup ns as to from fresh frozen or canned,170
Turnip Greens Cooked From Fresh Made With Oil,Vegetables,46,3.26,0,287,4.2,3.4,0.51,1.1,0,132,0.78,196,1 cup fresh,149
Turnip Greens Cooked From Fresh Made With Butter,Vegetables,42,2.78,7,307,4.2,3.4,0.51,1.12,0,133,0.77,196,1 cup fresh,149
Turnip Greens Cooked From Fresh Made With Margarine,Vegetables,36,2.13,0,308,4.22,3.4,0.51,1.1,0.1,133,0.77,196,1 cup fresh,149
Turnip Greens Cooked From Frozen Made With Oil,Vegetables,52,3.08,0,243,4.82,3.3,0.72,3.24,0,147,1.88,217,1 cup frozen,170
Turnip Greens Cooked From Frozen Made With Butter,Vegetables,48,2.67,6,261,4.81,3.3,0.73,3.26,0,148,1.88,217,1 cup frozen,170
Turnip Greens Cooked From Frozen Made With Margarine,Vegetables,43,2.09,0,262,4.84,3.3,0.72,3.24,0.1,148,1.88,217,1 cup frozen,170
Turnip Greens Cooked From Canned Made With Oil,Vegetables,45,3.33,0,287,2.71,1.3,0.4,1.31,0,114,1.46,136,1 cup canned,164
Turnip Greens Cooked From Canned Made With Butter,Vegetables,41,2.85,7,307,2.7,1.2,0.41,1.34,0,114,1.46,136,1 cup canned,164
Turnip Greens Cooked From Canned Made With Margarine,Vegetables,35,2.19,0,308,2.73,1.2,0.4,1.31,0.1,114,1.45,137,1 cup canned,164
Turnip Greens Canned Reduced Sodium Cooked Ns As To Fat Added In Cooking,Vegetables,39,2.6,4,49,2.73,1.3,0.41,1.34,0.1,115,1.46,137,1 cup,164
Turnip Greens Canned Reduced Sodium Cooked Fat Added In Cooking Made With Any Type Of Fat,Vegetables,39,2.6,4,49,2.73,1.3,0.41,1.34,0.1,115,1.46,137,1 cup,164
Turnip Greens With Roots Cooked Ns As To Form Ns As To Fat Added In Cooking,Vegetables,51,2.3,3,254,4.7,3,1.04,2.91,0,125,1.7,210,1 cup,168
Turnip Greens With Roots Cooked From Fresh Ns As To Fat Added In Cooking,Vegetables,40,2.35,4,290,4.56,2.6,1.74,0.9,0,81,0.46,183,1 cup,168
Turnip Greens With Roots Cooked From Frozen Ns As To Fat Added In Cooking,Vegetables,51,2.3,3,254,4.7,3,1.04,2.91,0,125,1.7,210,1 cup,168
Turnip Greens With Roots Cooked From Canned Ns As To Fat Added In Cooking,Vegetables,39,2.38,4,290,3.84,1.6,1.69,1,0,72,0.79,155,1 cup,168
Turnip Greens With Roots Cooked Ns As To Form Fat Not Added In Cooking,Vegetables,35,0.38,0,243,4.82,3.1,1.06,2.97,0,127,1.74,215,1 cup,163
Turnip Greens With Roots Cooked From Fresh Fat Not Added In Cooking,Vegetables,21,0.15,0,279,4.69,2.7,1.8,0.91,0,83,0.48,188,1 cup,163
Turnip Greens With Roots Cooked From Frozen Fat Not Added In Cooking,Vegetables,35,0.38,0,243,4.82,3.1,1.06,2.97,0,127,1.74,215,1 cup,163
Turnip Greens With Roots Cooked From Canned Fat Not Added In Cooking,Vegetables,20,0.18,0,279,3.95,1.7,1.74,1.01,0,73,0.82,159,1 cup,163
Turnip Greens With Roots Cooked Ns As To Form Fat Added In Cooking,Vegetables,51,2.3,3,254,4.7,3,1.04,2.91,0,125,1.7,210,1 cup,168
Turnip Greens With Roots Cooked From Fresh Fat Added In Cooking,Vegetables,40,2.35,4,290,4.56,2.6,1.74,0.9,0,81,0.46,183,1 cup,168
Turnip Greens With Roots Cooked From Frozen Fat Added In Cooking,Vegetables,51,2.3,3,254,4.7,3,1.04,2.91,0,125,1.7,210,1 cup,168
Turnip Greens With Roots Cooked From Canned Fat Added In Cooking,Vegetables,39,2.38,4,290,3.84,1.6,1.69,1,0,72,0.79,155,1 cup,168
Watercress Cooked Ns As To Fat Added In Cooking,Vegetables,30,2.33,4,284,1.25,0.5,0.19,2.23,0,116,0.2,319,1 cup,142
Watercress Cooked Fat Not Added In Cooking,Vegetables,11,0.1,0,272,1.28,0.5,0.2,2.29,0,119,0.2,328,1 cup,137
Watercress Cooked Fat Added In Cooking,Vegetables,30,2.27,4,1365,1.22,0.5,0.19,2.17,0,114,0.2,310,1 cup,142
Bitter Melon Leaves Horseradish Leaves Jute Leaves Or Radish Leaves Cooked Ns As To Fat Added In Cooking,Vegetables,65,3.92,7,669,6.25,1.8,0.97,3.39,0.1,41,0.96,563,1 cup,128
Bitter Melon Leaves Horseradish Leaves Jute Leaves Or Radish Leaves Cooked Fat Added In Cooking,Vegetables,79,5.57,10,669,6.11,1.7,0.95,3.32,0.1,40,0.93,550,1 cup,128
Sweet Potato Leaves Squash Leaves Pumpkin Leaves Chrysanthemum Leaves Bean Leaves Or Swamp Cabbage Cooked Ns As To Fat Added In Cooking,Vegetables,81,5.24,9,607,6.8,1.7,5.03,2.04,0.1,32,0.58,288,1 cup sweetpotato leaves,69
Sweet Potato Leaves Squash Leaves Pumpkin Leaves Chrysanthemum Leaves Bean Leaves Or Swamp Cabbage Cooked Fat Not Added In Cooking,Vegetables,40,0.34,0,603,7.27,1.9,5.4,2.15,0,33,0.62,307,1 cup sweetpotato leaves,64
Sweet Potato Leaves Squash Leaves Pumpkin Leaves Chrysanthemum Leaves Bean Leaves Or Swamp Cabbage Cooked Fat Added In Cooking,Vegetables,81,5.24,9,607,6.8,1.7,5.03,2.04,0.1,32,0.58,288,1 cup sweetpotato leaves,69
Broccoli Cooked Ns As To Form Ns As To Fat Added In Cooking,Vegetables,43,1.93,3,231,5.2,2.9,1.43,3.02,0,33,0.59,138,1 piece,10
Broccoli Cooked From Fresh Ns As To Fat Added In Cooking,Vegetables,53,2.52,4,298,6.94,3.2,1.34,2.31,0,39,0.65,283,1 piece,10
Broccoli Cooked From Frozen Ns As To Fat Added In Cooking,Vegetables,43,1.93,3,231,5.2,2.9,1.43,3.02,0,33,0.59,138,1 piece,10
Broccoli Cooked Ns As To Form Fat Not Added In Cooking,Vegetables,28,0.12,0,220,5.32,3,1.46,3.08,0,33,0.61,141,1 piece,10
Broccoli Cooked From Fresh Fat Not Added In Cooking,Vegetables,35,0.41,0,288,7.13,3.3,1.38,2.37,0,40,0.67,291,1 cup fresh cut stalks,156
Broccoli Cooked From Frozen Fat Not Added In Cooking,Vegetables,28,0.12,0,220,5.32,3,1.46,3.08,0,33,0.61,141,1 piece,10
Broccoli Cooked Ns As To Form Made With Oil,Vegetables,48,2.51,0,215,5.19,2.9,1.43,3.01,0,32,0.6,138,1 piece,10
Broccoli Cooked Ns As To Form Made With Butter,Vegetables,45,2.14,5,231,5.19,2.9,1.43,3.03,0,33,0.59,138,1 piece,10
Broccoli Cooked Ns As To Form Made With Margarine,Vegetables,41,1.62,0,232,5.21,2.9,1.42,3.01,0.1,33,0.59,138,1 piece,10
Broccoli Cooked Ns As To Form Fat Added In Cooking Ns As To Type Of Fat,Vegetables,43,1.93,3,231,5.2,2.9,1.43,3.02,0,33,0.59,138,1 piece,10
Broccoli Cooked From Fresh Fat Added In Cooking Ns As To Type Of Fat,Vegetables,53,2.52,4,298,6.94,3.2,1.34,2.31,0,39,0.65,283,1 piece,10
Broccoli Cooked From Frozen Fat Added In Cooking Ns As To Type Of Fat,Vegetables,43,1.93,3,231,5.2,2.9,1.43,3.02,0,33,0.59,138,1 piece,10
Broccoli Cooked From Fresh Made With Oil,Vegetables,59,3.21,0,280,6.93,3.2,1.34,2.3,0,39,0.65,283,1 piece,10
Broccoli Cooked From Fresh Made With Butter,Vegetables,55,2.77,6,298,6.93,3.2,1.34,2.32,0,39,0.65,283,1 piece,10
Broccoli Cooked From Fresh Made With Margarine,Vegetables,49,2.16,0,299,6.95,3.2,1.34,2.3,0.1,39,0.65,283,1 piece,10
Broccoli Cooked From Frozen Made With Oil,Vegetables,48,2.51,0,215,5.19,2.9,1.43,3.01,0,32,0.6,138,1 piece,10
Broccoli Cooked From Frozen Made With Butter,Vegetables,45,2.14,5,231,5.19,2.9,1.43,3.03,0,33,0.59,138,1 piece,10
Broccoli Cooked From Frozen Made With Margarine,Vegetables,41,1.62,0,232,5.21,2.9,1.42,3.01,0.1,33,0.59,138,1 piece,10
Broccoli Cooked Ns As To Form With Cheese Sauce,Vegetables,80,4.63,12,216,5.38,2.1,1.08,5.3,0.3,118,0.53,142,1 cup,228
Broccoli Cooked From Fresh With Cheese Sauce,Vegetables,90,5.36,13,260,6.59,2.2,0.98,5.09,0.3,132,0.56,241,1 cup,228
Broccoli Cooked From Frozen With Cheese Sauce,Vegetables,80,4.64,12,216,5.38,2.1,1.08,5.3,0.3,118,0.53,142,1 cup,228
Broccoli Cooked Ns As To Form With Mushroom Sauce,Vegetables,45,1.77,1,257,5.7,2,1.54,2.62,0.2,36,0.43,120,1 cup,228
Broccoli Cooked From Fresh With Mushroom Sauce,Vegetables,50,2.11,1,300,6.79,2.1,1.5,2.16,0.2,40,0.44,205,1 cup,228
Broccoli Cooked From Frozen With Mushroom Sauce,Vegetables,45,1.77,1,257,5.7,2,1.54,2.62,0.2,36,0.43,120,1 cup,228
Broccoli Cooked Ns As To Form With Cream Sauce,Vegetables,65,3.39,2,176,6.53,2.1,2.37,3.33,0.4,59,0.52,146,1 cup,228
Broccoli Cooked From Fresh With Cream Sauce,Vegetables,85,4.95,3,235,8.05,1.9,2.72,3.02,0.5,75,0.52,232,1 cup,228
Broccoli Cooked From Frozen With Cream Sauce,Vegetables,76,4.37,3,200,6.89,1.9,2.64,3.4,0.5,67,0.5,147,1 cup,228
Broccoli Casserole With Noodles,Vegetables,103,3.28,12,109,15.05,2.2,1.71,4.11,0.2,44,1.04,114,1 cup,228
Broccoli Casserole With Rice,Vegetables,106,3.49,7,186,15.11,1.9,1.23,4.12,0.2,79,0.92,105,1 cup,228
Broccoli Batter-Dipped And Fried,Vegetables,148,10.36,16,160,11.54,2.2,1.88,3.82,0.2,76,1.04,276,1 cup,85
Broccoli Chinese Cooked Ns As To Form Ns As To Fat Added In Cooking,Vegetables,53,4.34,7,453,3.6,2.3,0.79,1.1,0.1,95,0.53,246,1 cup,88
Broccoli Chinese Cooked From Fresh Ns As To Fat Added In Cooking,Vegetables,53,4.34,7,453,3.6,2.3,0.79,1.1,0.1,95,0.53,246,1 cup,88
Broccoli Chinese Cooked From Frozen Ns As To Fat Added In Cooking,Vegetables,53,4.34,7,453,3.6,2.3,0.79,1.1,0.1,95,0.53,246,1 cup,88
Broccoli Chinese Cooked Ns As To Form Fat Not Added In Cooking,Vegetables,22,0.71,0,442,3.77,2.5,0.83,1.13,0,99,0.56,258,1 cup,88
Broccoli Chinese Cooked From Fresh Fat Not Added In Cooking,Vegetables,22,0.71,0,442,3.77,2.5,0.83,1.13,0,99,0.56,258,1 cup,88
Broccoli Chinese Cooked From Frozen Fat Not Added In Cooking,Vegetables,22,0.71,0,442,3.77,2.5,0.83,1.13,0,99,0.56,258,1 cup,88
Broccoli Chinese Cooked Ns As To Form Fat Added In Cooking Ns As To Type Of Fat,Vegetables,53,4.34,7,453,3.6,2.3,0.79,1.1,0.1,95,0.53,246,1 cup,88
Broccoli Chinese Cooked Ns As To Form Made With Oil,Vegetables,64,5.53,0,421,3.58,2.4,0.79,1.07,0,94,0.54,246,1 cup,88
Broccoli Chinese Cooked Ns As To Form Made With Butter,Vegetables,57,4.77,11,453,3.58,2.3,0.79,1.11,0,95,0.53,246,1 cup,88
Broccoli Chinese Cooked Ns As To Form Made With Margarine,Vegetables,48,3.72,0,454,3.62,2.3,0.79,1.08,0.2,95,0.53,247,1 cup,88
Broccoli Chinese Cooked From Fresh Fat Added In Cooking Ns As To Type Of Fat,Vegetables,53,4.34,7,453,3.6,2.3,0.79,1.1,0.1,95,0.53,246,1 cup,88
Broccoli Chinese Cooked From Fresh Made With Oil,Vegetables,64,5.53,0,421,3.58,2.4,0.79,1.07,0,94,0.54,246,1 cup,88
Broccoli Chinese Cooked From Fresh Made With Butter,Vegetables,57,4.77,11,453,3.58,2.3,0.79,1.11,0,95,0.53,246,1 cup,88
Broccoli Chinese Cooked From Fresh Made With Margarine,Vegetables,48,3.72,0,454,3.62,2.3,0.79,1.08,0.2,95,0.53,247,1 cup,88
Broccoli Chinese Cooked From Frozen Fat Added In Cooking Ns As To Type Of Fat,Vegetables,53,4.34,7,453,3.6,2.3,0.79,1.1,0.1,95,0.53,246,1 cup,88
Broccoli Chinese Cooked From Frozen Made With Oil,Vegetables,64,5.53,0,421,3.58,2.4,0.79,1.07,0,94,0.54,246,1 cup,88
Broccoli Chinese Cooked From Frozen Made With Butter,Vegetables,57,4.77,11,453,3.58,2.3,0.79,1.11,0,95,0.53,246,1 cup,88
Broccoli Chinese Cooked From Frozen Made With Margarine,Vegetables,48,3.72,0,454,3.62,2.3,0.79,1.08,0.2,95,0.53,247,1 cup,88
Broccoli Soup Prepared With Milk Home Recipe Canned Or Ready-To-Serve,Soups and Sauces,69,3.67,6,353,6.28,0.9,3.6,2.68,0.6,80,0.16,174,1 cup,237
Broccoli Soup Prepared With Water Home Recipe Canned Or Ready-To-Serve,Soups and Sauces,44,2.69,2,337,3.91,0.9,1.08,1.06,0,22,0.15,105,1 cup,239
Broccoli Cheese Soup Prepared With Milk Home Recipe Canned Or Ready-To-Serve,Soups and Sauces,69,3.67,6,353,6.28,0.9,3.6,2.68,0.6,80,0.16,174,1 cup,239
Watercress Broth With Shrimp,Soups and Sauces,48,1.84,39,364,1.34,0.1,0.2,6.23,0,53,0.31,142,1 cup,245
Spinach Soup,Soups and Sauces,30,0.99,2,184,2.88,0.8,1.74,2.9,0.4,71,1.1,281,1 cup,245
Dark-Green Leafy Vegetable Soup With Meat Asian Style,Soups and Sauces,77,3.29,15,270,5.4,1,0.88,6.44,0.1,28,0.65,185,1 cup,228
Dark-Green Leafy Vegetable Soup Meatless Asian Style,Soups and Sauces,48,1.95,1,308,6.38,1.2,1.04,1.54,0,29,0.53,136,1 cup,226
Carrots Raw Salad,Vegetables,208,15.7,9,176,17.17,2.3,11.23,1.22,0,30,0.49,309,1 cup,175
Carrots Raw Salad With Apples,Vegetables,176,15.95,9,178,8.16,2.1,4.47,0.84,0,24,0.26,224,1 cup,171
Carrots Cooked Ns As To Form Ns As To Fat Added In Cooking,Vegetables,56,2.92,4,333,7.45,3.2,3.93,0.58,0,35,0.51,186,1 baby carrot,6
Carrots Cooked From Fresh Ns As To Fat Added In Cooking,Vegetables,53,2.31,4,316,7.94,2.9,3.33,0.75,0,30,0.33,227,1 baby carrot,9
Carrots Cooked From Frozen Ns As To Fat Added In Cooking,Vegetables,56,2.92,4,333,7.45,3.2,3.93,0.58,0,35,0.51,186,1 baby carrot,6
Carrots Cooked From Canned Ns As To Fat Added In Cooking,Vegetables,44,2.46,4,357,5.36,1.4,2.4,0.64,0,25,0.62,174,1 baby carrot,2
Carrots Cooked Ns As To Form Fat Not Added In Cooking,Vegetables,37,0.68,0,322,7.68,3.3,4.05,0.58,0,35,0.53,191,1 baby carrot,5
Carrots Cooked From Fresh Fat Not Added In Cooking,Vegetables,35,0.18,0,306,8.17,3,3.43,0.76,0,30,0.34,234,1 baby carrot,9
Carrots Cooked From Frozen Fat Not Added In Cooking,Vegetables,37,0.68,0,322,7.68,3.3,4.05,0.58,0,35,0.53,191,1 baby carrot,5
Carrots Cooked From Canned Fat Not Added In Cooking,Vegetables,25,0.19,0,347,5.52,1.5,2.47,0.64,0,25,0.64,179,1 baby carrot,2
Carrots Cooked Ns As To Form Made With Oil,Vegetables,62,3.65,0,313,7.45,3.2,3.93,0.56,0,34,0.52,185,1 baby carrot,5
Carrots Cooked Ns As To Form Made With Butter,Vegetables,58,3.18,7,332,7.44,3.2,3.93,0.58,0,35,0.51,186,1 baby carrot,6
Carrots Cooked Ns As To Form Made With Margarine,Vegetables,52,2.53,0,333,7.46,3.2,3.92,0.56,0.1,34,0.51,186,1 baby carrot,6
Carrots Cooked From Fresh Made With Oil,Vegetables,59,3,0,297,7.94,2.9,3.33,0.73,0,29,0.34,227,1 baby carrot,9
Carrots Cooked From Fresh Made With Butter,Vegetables,55,2.56,6,316,7.93,2.9,3.33,0.76,0,30,0.33,227,1 baby carrot,9
Carrots Cooked From Fresh Made With Margarine,Vegetables,50,1.95,0,317,7.95,2.9,3.33,0.74,0.1,30,0.33,228,1 baby carrot,9
Carrots Cooked Ns As To Form Fat Added In Cooking Ns As To Type Of Fat,Vegetables,56,2.92,4,333,7.45,3.2,3.93,0.58,0,35,0.51,186,1 baby carrot,6
Carrots Cooked From Fresh Fat Added In Cooking Ns As To Type Of Fat,Vegetables,53,2.31,4,316,7.94,2.9,3.33,0.75,0,30,0.33,227,1 baby carrot,9
Carrots Cooked From Frozen Fat Added In Cooking Ns As To Type Of Fat,Vegetables,56,2.92,4,333,7.45,3.2,3.93,0.58,0,35,0.51,186,1 baby carrot,6
Carrots Cooked From Canned Fat Added In Cooking Ns As To Type Of Fat,Vegetables,44,2.46,4,357,5.36,1.4,2.4,0.64,0,25,0.62,174,1 baby carrot,2
Carrots Cooked From Frozen Made With Oil,Vegetables,62,3.65,0,313,7.45,3.2,3.93,0.56,0,34,0.52,185,1 baby carrot,6
Carrots Cooked From Frozen Made With Butter,Vegetables,58,3.18,7,332,7.44,3.2,3.93,0.58,0,35,0.51,186,1 baby carrot,6
Carrots Cooked From Frozen Made With Margarine,Vegetables,52,2.53,0,333,7.46,3.2,3.92,0.56,0.1,34,0.51,186,1 baby carrot,6
Carrots Cooked From Canned Made With Oil,Vegetables,51,3.19,0,337,5.36,1.5,2.4,0.62,0,24,0.62,173,1 baby carrot,2
Carrots Cooked From Canned Made With Butter,Vegetables,47,2.72,7,356,5.35,1.4,2.4,0.64,0,25,0.62,174,1 baby carrot,2
Carrots Cooked From Canned Made With Margarine,Vegetables,41,2.07,0,358,5.38,1.4,2.4,0.62,0.1,25,0.62,174,1 baby carrot,2
Carrots Cooked Ns As To Form Creamed,Vegetables,88,5.26,3,252,8.38,1.9,4.21,2.08,0.6,73,0.44,175,1 cup,228
Carrots Cooked From Fresh Creamed,Vegetables,85,4.84,3,245,8.63,1.7,3.86,2.13,0.5,69,0.34,199,1 cup,228
Carrots Cooked From Frozen Creamed,Vegetables,88,5.26,3,252,8.38,1.9,4.21,2.08,0.6,73,0.44,175,1 cup,228
Carrots Cooked From Canned Creamed,Vegetables,81,5,3,294,7.21,0.9,3.36,2.12,0.6,68,0.5,168,1 cup,228
Carrots Cooked Ns As To Form Glazed,Vegetables,93,5.12,12,147,12.16,2.9,8.86,0.57,0,37,0.51,179,1 baby carrot,10
Carrots Cooked From Fresh Glazed,Vegetables,80,2.36,6,293,15.03,2.7,10.7,0.71,0,34,0.36,220,1 baby carrot,10
Carrots Cooked From Frozen Glazed,Vegetables,85,2.92,6,307,14.97,2.9,11.66,0.55,0,39,0.53,181,1 cup,161
Carrots Cooked From Canned Glazed,Vegetables,74,2.49,6,468,13.04,1.3,10.25,0.6,0,30,0.63,170,1 cup,161
Carrots Cooked Ns As To Form With Cheese Sauce,Vegetables,94,5.75,14,282,6.92,2.2,2.69,4.05,0.4,133,0.47,174,1 cup,228
Carrots Cooked From Fresh With Cheese Sauce,Vegetables,90,5.23,13,272,7.27,2,2.33,4.04,0.3,126,0.34,203,1 cup,228
Carrots Cooked From Frozen With Cheese Sauce,Vegetables,94,5.75,14,282,6.92,2.2,2.69,4.05,0.4,133,0.47,174,1 cup,228
Carrots Cooked From Canned With Cheese Sauce,Vegetables,86,5.44,14,399,5.51,1,1.66,4.09,0.4,127,0.54,166,1 cup,228
Carrots Canned Low Sodium Ns As To Fat Added In Cooking,Vegetables,53,2.28,4,69,7.98,2.7,3.66,0.89,0,47,0.77,236,1 cup nfs,151
Carrots Canned Low Sodium Fat Added In Cooking Ns As To Type Of Fat,Vegetables,53,2.28,4,69,7.98,2.7,3.66,0.89,0,47,0.77,236,1 cup nfs,151
Carrots Canned Low Sodium Made With Oil,Vegetables,59,2.96,0,51,7.97,2.7,3.66,0.88,0,46,0.78,235,1 cup nfs,151
Carrots Canned Low Sodium Made With Butter,Vegetables,55,2.53,6,69,7.97,2.7,3.66,0.9,0,47,0.77,236,1 cup nfs,151
Carrots Canned Low Sodium Made With Margarine,Vegetables,50,1.93,0,70,7.99,2.7,3.66,0.88,0.1,47,0.77,236,1 cup nfs,151
Peas And Carrots Ns As To Form Creamed,Vegetables,91,4.89,3,247,9.69,1.8,4.36,3.41,0.5,65,0.67,157,1 cup,244
Peas And Carrots From Fresh Creamed,Vegetables,98,4.81,3,228,10.72,2.5,4.56,3.42,0.5,68,0.68,210,1 cup,244
Peas And Carrots From Frozen Creamed,Vegetables,91,4.89,3,247,9.69,1.8,4.36,3.41,0.5,65,0.67,157,1 cup,244
Peas And Carrots From Canned Creamed,Vegetables,92,4.99,3,301,8.89,1.9,3.47,3.2,0.5,65,0.66,147,1 cup,244
Peas And Carrots Cooked Ns As To Form Ns As To Fat Added In Cooking,Vegetables,65,2.48,4,318,9.78,3,4.21,3,0,23,0.91,153,1 cup,165
Peas And Carrots Cooked From Fresh Ns As To Fat Added In Cooking,Vegetables,76,2.3,4,285,11.57,4.1,4.54,3,0,28,0.92,245,1 cup,165
Peas And Carrots Cooked From Frozen Ns As To Fat Added In Cooking,Vegetables,65,2.48,4,318,9.78,3,4.21,3,0,23,0.91,153,1 cup,165
Peas And Carrots Cooked From Canned Ns As To Fat Added In Cooking,Vegetables,65,2.61,4,365,8.41,3.2,2.67,2.63,0,24,0.9,136,1 cup,165
Peas And Carrots Cooked Ns As To Form Fat Not Added In Cooking,Vegetables,48,0.42,0,308,10.06,3.1,4.33,3.07,0,23,0.94,157,1 cup,160
Peas And Carrots Cooked From Fresh Fat Not Added In Cooking,Vegetables,59,0.2,0,274,11.91,4.2,4.68,3.08,0,28,0.94,252,1 cup,160
Peas And Carrots Cooked From Frozen Fat Not Added In Cooking,Vegetables,48,0.42,0,308,10.06,3.1,4.33,3.07,0,23,0.94,157,1 cup,160
Peas And Carrots Cooked From Canned Fat Not Added In Cooking,Vegetables,48,0.52,0,356,8.65,3.3,2.75,2.69,0,24,0.93,139,1 cup,160
Peas And Carrots Cooked Ns As To Form Fat Added In Cooking Ns As To Type Of Fat,Vegetables,65,2.48,4,318,9.78,3,4.21,3,0,23,0.91,153,1 cup,165
Peas And Carrots Cooked From Fresh Fat Added In Cooking Ns As To Type Of Fat,Vegetables,76,2.3,4,285,11.57,4.1,4.54,3,0,28,0.92,245,1 cup,165
Peas And Carrots Cooked From Frozen Fat Added In Cooking Ns As To Type Of Fat,Vegetables,65,2.48,4,318,9.78,3,4.21,3,0,23,0.91,153,1 cup,165
Peas And Carrots Cooked From Canned Fat Added In Cooking Ns As To Type Of Fat,Vegetables,65,2.61,4,365,8.41,3.2,2.67,2.63,0,24,0.9,136,1 cup,165
Peas And Carrots Cooked Ns As To Form Made With Oil,Vegetables,71,3.15,0,300,9.78,3,4.21,2.99,0,22,0.92,153,1 cup,165
Peas And Carrots Cooked Ns As To Form Made With Butter,Vegetables,67,2.72,6,318,9.77,3,4.21,3.01,0,23,0.91,153,1 cup,165
Peas And Carrots Cooked Ns As To Form Made With Margarine,Vegetables,62,2.13,0,319,9.79,3,4.21,2.99,0.1,23,0.91,153,1 cup,165
Peas And Carrots Cooked From Fresh Made With Oil,Vegetables,71,3.15,0,300,9.78,3,4.21,2.99,0,22,0.92,153,1 cup,165
Peas And Carrots Cooked From Fresh Made With Butter,Vegetables,67,2.72,6,318,9.77,3,4.21,3.01,0,23,0.91,153,1 cup,165
Peas And Carrots Cooked From Fresh Made With Margarine,Vegetables,62,2.13,0,319,9.79,3,4.21,2.99,0.1,23,0.91,153,1 cup,165
Peas And Carrots Cooked From Frozen Made With Oil,Vegetables,71,3.15,0,300,9.78,3,4.21,2.99,0,22,0.92,153,1 cup,165
Peas And Carrots Cooked From Frozen Made With Butter,Vegetables,67,2.72,6,318,9.77,3,4.21,3.01,0,23,0.91,153,1 cup,165
Peas And Carrots Cooked From Frozen Made With Margarine,Vegetables,62,2.13,0,319,9.79,3,4.21,2.99,0.1,23,0.91,153,1 cup,165
Peas And Carrots Cooked From Canned Made With Oil,Vegetables,71,3.29,0,346,8.41,3.2,2.67,2.62,0,23,0.91,136,1 cup,165
Peas And Carrots Cooked From Canned Made With Butter,Vegetables,67,2.85,6,364,8.4,3.2,2.67,2.64,0,24,0.9,136,1 cup,165
Peas And Carrots Cooked From Canned Made With Margarine,Vegetables,62,2.25,0,365,8.42,3.2,2.67,2.62,0.1,24,0.9,136,1 cup,165
Carrots In Tomato Sauce,Vegetables,31,0.22,0,269,7.18,2.5,3.48,0.91,0,24,0.56,257,1 cup,176
Pumpkin Cooked Ns As To Form Ns As To Fat Added In Cooking,Vegetables,32,1.44,2,168,4.8,1.1,2.03,0.71,0,15,0.56,225,1 cup mashed,250
Pumpkin Cooked From Fresh Ns As To Fat Added In Cooking,Vegetables,32,1.44,2,168,4.8,1.1,2.03,0.71,0,15,0.56,225,1 cup mashed,250
Pumpkin Cooked From Frozen Ns As To Fat Added In Cooking,Vegetables,32,1.44,2,168,4.8,1.1,2.03,0.71,0,15,0.56,225,1 cup mashed,250
Pumpkin Cooked From Canned Ns As To Fat Added In Cooking,Vegetables,45,1.64,2,172,7.91,2.8,3.22,1.09,0,26,1.36,202,1 cup mashed,250
Pumpkin Cooked Ns As To Form Fat Not Added In Cooking,Vegetables,20,0.07,0,159,4.88,1.1,2.07,0.72,0,15,0.57,229,1 cup,245
Pumpkin Cooked From Fresh Fat Not Added In Cooking,Vegetables,20,0.07,0,159,4.88,1.1,2.07,0.72,0,15,0.57,229,1 cup,245
Pumpkin Cooked From Frozen Fat Not Added In Cooking,Vegetables,20,0.07,0,159,4.88,1.1,2.07,0.72,0,15,0.57,229,1 cup,245
Pumpkin Cooked From Canned Fat Not Added In Cooking,Vegetables,34,0.28,0,163,8.06,2.9,3.29,1.1,0,26,1.39,205,1 cup,245
Pumpkin Cooked Ns As To Form Fat Added In Cooking Ns As To Type Of Fat,Vegetables,32,1.44,2,168,4.8,1.1,2.03,0.71,0,15,0.56,225,1 cup mashed,250
Pumpkin Cooked From Fresh Fat Added In Cooking Ns As To Type Of Fat,Vegetables,32,1.44,2,168,4.8,1.1,2.03,0.71,0,15,0.56,225,1 cup,250
Pumpkin Cooked From Frozen Fat Added In Cooking Ns As To Type Of Fat,Vegetables,32,1.44,2,168,4.8,1.1,2.03,0.71,0,15,0.56,225,1 cup,250
Pumpkin Cooked From Canned Fat Added In Cooking Ns As To Type Of Fat,Vegetables,45,1.64,2,172,7.91,2.8,3.22,1.09,0,26,1.36,202,1 cup,250
Pumpkin Cooked Ns As To Form Made With Oil,Vegetables,36,1.88,0,156,4.79,1.1,2.03,0.7,0,15,0.56,225,1 cup mashed,250
Pumpkin Cooked Ns As To Form Made With Butter,Vegetables,33,1.6,4,168,4.79,1.1,2.03,0.72,0,15,0.56,225,1 cup mashed,250
Pumpkin Cooked Ns As To Form Made With Margarine,Vegetables,30,1.21,0,168,4.8,1.1,2.03,0.71,0.1,15,0.56,225,1 cup mashed,250
Pumpkin Cooked From Fresh Made With Oil,Vegetables,36,1.88,0,156,4.79,1.1,2.03,0.7,0,15,0.56,225,1 cup,250
Pumpkin Cooked From Fresh Made With Butter,Vegetables,33,1.6,4,168,4.79,1.1,2.03,0.72,0,15,0.56,225,1 cup,250
Pumpkin Cooked From Fresh Made With Margarine,Vegetables,30,1.21,0,168,4.8,1.1,2.03,0.71,0.1,15,0.56,225,1 cup,250
Pumpkin Cooked From Frozen Made With Oil,Vegetables,36,1.88,0,156,4.79,1.1,2.03,0.7,0,15,0.56,225,1 cup,250
Pumpkin Cooked From Frozen Made With Butter,Vegetables,33,1.6,4,168,4.79,1.1,2.03,0.72,0,15,0.56,225,1 cup,250
Pumpkin Cooked From Frozen Made With Margarine,Vegetables,30,1.21,0,168,4.8,1.1,2.03,0.71,0.1,15,0.56,225,1 cup,250
Pumpkin Cooked From Canned Made With Oil,Vegetables,49,2.09,0,160,7.91,2.8,3.23,1.08,0,26,1.36,201,1 cup,250
Pumpkin Cooked From Canned Made With Butter,Vegetables,47,1.8,4,172,7.91,2.8,3.23,1.09,0,26,1.36,202,1 cup,250
Pumpkin Cooked From Canned Made With Margarine,Vegetables,43,1.41,0,172,7.92,2.8,3.22,1.08,0.1,26,1.36,202,1 cup,250
Calabaza Cooked,Vegetables,45,1.64,2,172,7.91,2.8,3.22,1.09,0,26,1.36,202,1 cup cubes,166
Pumpkin Fritters Puerto Rican Style,Vegetables,241,8.98,8,269,39.13,0.8,25.2,2.27,0.2,19,1.31,283,"1 fritter (2"" dia)",35
Sweet Potato And Pumpkin Casserole Puerto Rican Style,Vegetables,226,6.96,33,205,39.91,2.2,27.63,2.99,0.2,34,1.2,377,1 cup,266
Squash Winter Type Mashed Ns As To Fat Or Sugar Added In Cooking,Vegetables,50,1.97,3,200,8.62,2.7,3.21,0.88,0,22,0.43,235,1 cup ns as to variety,257
Squash Winter Type Mashed No Fat Or Sugar Added In Cooking,Vegetables,37,0.35,0,182,8.81,2.8,3.28,0.89,0,22,0.44,240,1 cup ns as to variety,240
Squash Winter Type Mashed Fat Added In Cooking No Sugar Added In Cooking,Vegetables,50,1.97,3,200,8.62,2.7,3.21,0.88,0,22,0.43,235,1 cup ns as to variety,245
Squash Winter Type Mashed Fat And Sugar Added In Cooking,Vegetables,71,1.85,3,182,14.1,2.6,8.96,0.83,0,26,0.45,229,1 cup ns as to variety,257
Squash Winter Type Baked Ns As To Fat Or Sugar Added In Cooking,Vegetables,50,1.97,3,200,8.62,2.7,3.21,0.88,0,22,0.43,235,1 cup cubes all varieties,210
Squash Winter Type Baked No Fat Or Sugar Added In Cooking,Vegetables,37,0.35,0,189,8.81,2.8,3.28,0.89,0,22,0.44,240,1 cup cubes all varieties,205
Squash Winter Type Baked Fat Added In Cooking No Sugar Added In Cooking Ns As To Type Of Fat,Vegetables,50,1.97,3,200,8.62,2.7,3.21,0.88,0,22,0.43,235,1 cup cubes all varieties,210
Squash Winter Type Baked No Sugar Added In Cooking Made With Oil,Vegetables,55,2.5,0,185,8.62,2.7,3.21,0.87,0,22,0.43,235,1 cup cubes all varieties,210
Squash Winter Type Baked No Sugar Added In Cooking Made With Butter,Vegetables,52,2.16,5,199,8.61,2.7,3.21,0.88,0,22,0.43,235,1 cup cubes all varieties,210
Squash Winter Type Baked No Sugar Added In Cooking Made With Margarine,Vegetables,48,1.69,0,200,8.63,2.7,3.21,0.87,0.1,22,0.43,235,1 cup cubes all varieties,210
Squash Winter Type Baked Fat And Sugar Added In Cooking,Vegetables,71,1.85,3,189,14.1,2.6,8.96,0.83,0,26,0.45,229,1 cup cubes all varieties,214
Squash Winter Type Baked No Fat Added In Cooking Sugar Added In Cooking,Vegetables,58,0.33,0,179,14.39,2.6,9.15,0.84,0,26,0.46,233,1 cup cubes all varieties,209
Squash Fritter Or Cake,Vegetables,359,21.29,58,354,35.65,2.8,3.14,6.94,0.5,131,2.46,237,1 fritter,24
Squash Winter Baked With Cheese,Vegetables,140,8.31,15,300,14.2,2.6,3.17,3.27,0.2,74,0.83,210,1 cup,224
Squash Winter Souffle,Dairy and Egg Products ,78,2.16,66,167,12.17,2.1,5.92,3.4,0.4,36,0.78,215,1 cup,157
Sweet Potato Nfs,Vegetables,108,4.23,3,188,16.82,2.4,5.45,1.31,0,26,0.69,219,1 small,80
Sweet Potato Baked Peel Eaten Ns As To Fat Added In Cooking,Vegetables,125,4.05,3,189,20.85,3.3,5.93,2.03,0,37,0.95,457,1 small,80
Sweet Potato Baked Peel Eaten Fat Not Added In Cooking,Vegetables,95,0.15,0,182,21.83,3.5,6.21,2.11,0,38,0.99,478,1 small,80
Sweet Potato Baked Peel Eaten Fat Added In Cooking Ns As To Type Of Fat,Vegetables,125,4.05,3,189,20.85,3.3,5.93,2.03,0,37,0.95,457,1 small,80
Sweet Potato Baked Peel Eaten Made With Oil,Vegetables,131,4.67,0,174,20.84,3.3,5.93,2.02,0,36,0.95,456,1 small,80
Sweet Potato Baked Peel Eaten Made With Butter,Vegetables,123,3.81,10,203,20.85,3.3,5.94,2.05,0,37,0.95,457,1 small,80
Sweet Potato Baked Peel Eaten Made With Margarine,Vegetables,115,2.85,0,205,20.88,3.3,5.93,2.02,0.2,37,0.94,458,1 small,80
Sweet Potato Baked Peel Not Eaten Ns As To Fat Added In Cooking,Vegetables,122,4.24,3,197,19.66,3.1,6.15,1.92,0,37,0.66,451,1 small,80
Sweet Potato Baked Peel Not Eaten Fat Not Added In Cooking,Vegetables,90,0.15,0,190,20.63,3.3,6.45,2,0,38,0.69,473,1 small,80
Sweet Potato Baked Peel Not Eaten Fat Added In Cooking Ns As To Type Of Fat,Vegetables,122,4.24,3,197,19.66,3.1,6.15,1.92,0,37,0.66,451,1 small,80
Sweet Potato Baked Peel Not Eaten Made With Oil,Vegetables,127,4.89,0,181,19.65,3.1,6.15,1.91,0,36,0.66,451,1 small,80
Sweet Potato Baked Peel Not Eaten Made With Butter,Vegetables,119,3.99,10,212,19.65,3.1,6.15,1.95,0,37,0.66,452,1 small,80
Sweet Potato Baked Peel Not Eaten Made With Margarine,Vegetables,111,2.98,0,213,19.69,3.1,6.15,1.92,0.2,37,0.66,452,1 small,80
Sweet Potato Boiled Ns As To Fat Added In Cooking,Vegetables,108,4.23,3,188,16.82,2.4,5.45,1.31,0,26,0.69,219,1 small,80
Sweet Potato Boiled Fat Not Added In Cooking,Vegetables,76,0.14,0,181,17.65,2.5,5.72,1.36,0,27,0.72,229,1 small,80
Sweet Potato Boiled Fat Added In Cooking Ns As To Type Of Fat,Vegetables,108,4.23,3,188,16.82,2.4,5.45,1.31,0,26,0.69,219,1 small,80
Sweet Potato Boiled Made With Oil,Vegetables,114,4.88,0,173,16.81,2.4,5.45,1.3,0,26,0.69,218,1 small,80
Sweet Potato Boiled Made With Butter,Vegetables,106,3.98,10,203,16.82,2.4,5.45,1.34,0,27,0.68,219,1 small,80
Sweet Potato Boiled Made With Margarine,Vegetables,97,2.97,0,205,16.85,2.4,5.45,1.31,0.2,27,0.68,220,1 small,80
Sweet Potato Candied,Vegetables,178,3.17,2,142,37.55,1.8,28.97,0.99,0,20,0.53,165,1 piece,45
Sweet Potato Canned Ns As To Fat Added In Cooking,Vegetables,123,4.28,3,213,20.05,1.7,4.74,1.58,0,22,0.85,297,1 cup pieces,250
Sweet Potato Canned Fat Not Added In Cooking,Vegetables,91,0.2,0,207,21.04,1.8,4.98,1.64,0,22,0.89,311,1 cup pieces,250
Sweet Potato Canned Fat Added In Cooking,Vegetables,123,4.28,3,213,20.05,1.7,4.74,1.58,0,22,0.85,297,1 cup pieces,250
Sweet Potato Casserole Or Mashed,Vegetables,92,2.13,7,154,17.06,1.9,7.61,1.68,0,42,0.57,205,1 cup,250
Sweet Potato Chips,Snacks,529,32.19,0,228,56.54,8.8,8.78,2.92,0,59,2.11,920,1 chip,2
Sweet Potato Fries From Fresh Fried,Vegetables,193,13.13,0,166,17.95,2.9,5.62,1.74,0,33,0.62,412,1 fry any cut,50
Sweet Potato Fries From Fresh Baked,Vegetables,162,9.19,0,173,18.76,3,5.87,1.82,0,35,0.64,430,1 fry any cut,50
Sweet Potato Yellow Puerto Rican Cooked,Vegetables,76,0.14,0,272,17.61,2.5,5.7,1.36,0,27,0.72,229,1 cup,140
Carrot Soup Cream Of Prepared With Milk Home Recipe Canned Or Ready-To-Serve,Soups and Sauces,32,0.77,3,211,5.01,1,3.33,1.58,0.4,48,0.18,165,1 cup,237
Carrot With Rice Soup Cream Of Prepared With Milk Home Recipe Canned Or Ready-To-Serve,Soups and Sauces,55,0.77,3,198,10.11,1,3.13,1.96,0.3,47,0.45,162,1 cup,245
Squash Winter Type Soup Home Recipe Canned Or Ready-To-Serve,Soups and Sauces,39,2.46,6,331,4.37,1.3,1.77,0.5,0,14,0.21,115,1 cup,248
Tomatoes Cooked Ns As To Form Ns As To Method,Vegetables,18,0.11,0,172,3.99,0.7,2.48,0.95,0,11,0.68,217,1 small,82
Tomatoes Cooked From Fresh Ns As To Method,Vegetables,18,0.11,0,172,3.99,0.7,2.48,0.95,0,11,0.68,217,1 cup,240
Tomatoes Ns As To Form Broiled,Vegetables,22,0.25,0,295,4.83,1.5,3.27,1.09,0,13,0.34,295,1 cherry,14
Tomatoes From Fresh Broiled,Vegetables,22,0.25,0,274,4.84,1.5,3.27,1.09,0,13,0.34,295,1 cherry,14
Tomatoes Red Ns As To Form Fried,Vegetables,179,11.74,49,332,14.68,1,1.35,3.82,0.3,16,1.15,151,1 small,75
Tomatoes Red From Fresh Fried,Vegetables,169,13.11,20,177,10.93,1.1,2.59,2.7,0.3,58,0.82,206,1 small,75
Tomatoes Ns As To Form Scalloped,Vegetables,124,5.86,13,295,15.67,1.9,4.73,2.75,0,38,0.94,226,1 cup,235
Tomatoes From Fresh Scalloped,Vegetables,85,4.41,0,371,10.34,0.9,4.32,1.8,0.1,27,1,215,1 cup,235
Tomatoes From Fresh Stewed,Vegetables,59,1.83,0,261,9.67,1,4.22,1.74,0,23,0.96,233,1 tomato,114
Tomatoes Green Cooked Ns As To Form,Vegetables,181,11.74,49,336,15.26,1,2.01,3.97,0.3,17,1.26,135,1 small,75
Tomatoes Green Cooked From Fresh,Vegetables,202,15.67,25,216,13.01,1,3.39,3.24,0.3,69,1.07,173,1 small,75
Tomato Green Pickled,Fruits,36,0.24,0,125,8.24,1.1,6.7,1.09,0,15,0.48,180,"1 tomato (2-3/8"" dia)",74
Salsa Pico De Gallo,Soups and Sauces,17,0.14,0,444,3.7,1.1,2.13,0.71,0,11,0.23,157,1 cup,240
Salsa Red Homemade,Soups and Sauces,56,4.36,0,432,4.32,1.8,2.52,0.83,0,29,0.47,178,1 cup,234
Enchilada Sauce Green,Soups and Sauces,28,0.59,0,231,5.5,1.4,3.44,0.99,0,11,0.49,224,1 cup,250
Spaghetti Sauce With Added Vegetables,Soups and Sauces,44,1.31,2,335,6.86,1.7,4.39,1.39,0,22,0.75,305,1 cup,260
Vodka Sauce With Tomatoes And Cream,Soups and Sauces,74,6.58,15,248,3.43,1.3,2.49,1.26,0.2,29,0.59,190,1 cup,260
Tomato Relish,Soups and Sauces,157,0.59,0,370,37.63,2.4,33.17,2.18,0,59,1.19,374,1 cup,320
Cocktail Sauce,Soups and Sauces,124,1.05,0,983,28.22,1.8,11.83,1.36,0,26,0.83,309,1 cup,273
Puerto Rican Seasoning With Ham,Soups and Sauces,258,24.29,13,469,7.35,1.9,3.09,4.02,0.1,32,0.81,253,1 cup,240
Puerto Rican Seasoning With Ham And Tomato Sauce,Soups and Sauces,174,14.91,23,471,5.3,1.5,2.51,5.14,0.2,24,0.81,226,1 cup,240
Puerto Rican Seasoning Without Ham And Tomato Sauce,Soups and Sauces,123,10.54,0,6,7.23,1.7,3.03,1.16,0,25,0.53,181,1 cup,240
Tomato Aspic,Vegetables,28,0.25,0,201,4.71,0.3,3.54,2.57,0,10,0.34,179,1 cup,227
Tomato And Corn Cooked Ns As To Fat Added In Cooking,Vegetables,50,2.28,3,349,7.67,1.9,3.23,1.37,0,21,0.44,163,1 cup,247
Tomato And Corn Cooked Fat Not Added In Cooking,Vegetables,37,0.64,0,342,7.84,1.9,3.3,1.39,0,21,0.45,166,1 cup,242
Tomato And Corn Cooked Fat Added In Cooking,Vegetables,50,2.28,3,349,7.67,1.9,3.23,1.37,0,21,0.44,163,1 cup,247
Tomato And Okra Cooked Ns As To Fat Added In Cooking,Vegetables,33,1.9,3,273,3.79,2.1,2.42,1.2,0,50,0.44,165,1 cup,222
Tomato And Okra Cooked Fat Not Added In Cooking,Vegetables,18,0.23,0,264,3.87,2.1,2.48,1.22,0,50,0.45,168,1 cup,217
Tomato And Okra Cooked Fat Added In Cooking Ns As To Type Of Fat,Vegetables,33,1.9,3,273,3.79,2.1,2.42,1.2,0,50,0.44,165,1 cup,222
Tomato And Okra Cooked Made With Oil,Vegetables,37,2.44,0,258,3.78,2.1,2.42,1.19,0,49,0.45,164,1 cup,222
Tomato And Okra Cooked Made With Butter,Vegetables,34,2.09,5,273,3.78,2.1,2.42,1.21,0,50,0.44,164,1 cup,222
Tomato And Okra Cooked Made With Margarine,Vegetables,30,1.61,0,273,3.8,2.1,2.42,1.19,0.1,50,0.44,165,1 cup,222
Tomato And Onion Cooked Ns As To Fat Added In Cooking,Vegetables,36,1.57,3,185,5.27,0.8,2.92,1.03,0,14,0.57,202,1 cup,242
Tomato And Onion Cooked Fat Not Added In Cooking,Vegetables,24,0.13,0,175,5.37,0.9,2.98,1.04,0,14,0.58,205,1 cup,237
Tomato And Onion Cooked Fat Added In Cooking Ns As To Type Of Fat,Vegetables,36,1.57,3,185,5.27,0.8,2.92,1.03,0,14,0.57,202,1 cup,242
Tomato And Onion Cooked Made With Oil,Vegetables,40,2.03,0,172,5.27,0.8,2.93,1.02,0,13,0.57,201,1 cup,242
Tomato And Onion Cooked Made With Butter,Vegetables,38,1.74,4,184,5.27,0.8,2.92,1.03,0,14,0.57,202,1 cup,242
Tomato And Onion Cooked Made With Margarine,Vegetables,34,1.32,0,185,5.28,0.8,2.92,1.02,0.1,14,0.57,202,1 cup,242
Tomato And Celery Cooked Ns As To Fat Added In Cooking,Vegetables,30,1.77,3,296,3.48,1.8,2.46,0.79,0,34,0.53,202,1 cup,249
Tomato And Celery Cooked Fat Added In Cooking,Vegetables,31,1.65,3,212,3.91,0.8,2.41,0.92,0,17,0.62,224,1 cup,249
Tomato And Celery Cooked Fat Not Added In Cooking,Vegetables,18,0.12,0,202,3.99,0.9,2.46,0.92,0,16,0.63,228,1 cup,244
Tomato With Corn And Okra Cooked Ns As To Fat Added In Cooking,Vegetables,55,2.36,3,265,8.61,2.2,3,1.82,0,36,0.44,178,1 cup,217
Tomato With Corn And Okra Cooked Fat Not Added In Cooking,Vegetables,32,0.52,0,315,6.89,2.1,3.04,1.52,0,37,0.4,157,1 cup,212
Tomato With Corn And Okra Cooked Fat Added In Cooking Ns As To Type Of Fat,Vegetables,55,2.36,3,265,8.61,2.2,3,1.82,0,36,0.44,178,1 cup,217
Tomato With Corn And Okra Cooked Made With Oil,Vegetables,52,2.81,0,302,6.69,2,2.96,1.5,0,37,0.39,153,1 cup,217
Tomato With Corn And Okra Cooked Made With Butter,Vegetables,49,2.48,5,323,6.72,2,2.97,1.51,0,36,0.39,154,1 cup,217
Tomato With Corn And Okra Cooked Made With Margarine,Vegetables,45,1.98,0,324,6.74,2,2.97,1.49,0.1,36,0.39,154,1 cup,217
Tomato And Cucumber Salad Made With Tomato Cucumber Oil And Vinegar,Vegetables,117,9.91,0,213,6.56,0.6,5.06,0.53,0,11,0.23,136,1 cup,159
Tomato Soup Nfs,Soups and Sauces,33,0.22,0,193,7.72,0.6,4.18,0.74,0,8,0.3,285,1 cup,244
Tomato Soup Cream Of Prepared With Milk,Soups and Sauces,58,1.24,4,211,10.04,0.6,6.66,2.36,0.6,66,0.31,351,1 cup,248
Tomato Soup Prepared With Water Or Ready-To-Serve,Soups and Sauces,33,0.22,0,193,7.72,0.6,4.18,0.74,0,8,0.3,285,1 cup,244
Tomato Soup Canned Reduced Sodium Prepared With Water Or Ready-To-Serve,Soups and Sauces,33,0.28,0,13,6.8,0.6,4.11,0.82,0,8,0.56,116,1 cup,244
Tomato Soup Canned Reduced Sodium Prepared With Milk,Soups and Sauces,58,1.3,4,33,9.13,0.6,6.6,2.44,0.6,66,0.57,185,1 cup,248
Tomato Noodle Soup Canned Prepared With Water Or Ready-To-Serve,Soups and Sauces,58,0.67,7,141,11.82,0.7,3.13,1.66,0,9,0.58,216,1 cup,244
Tomato Noodle Soup Canned Prepared With Milk,Soups and Sauces,70,1.36,7,182,12.15,0.6,5.78,2.67,0.5,58,0.47,307,1 cup,248
Tomato Vegetable Soup Prepared With Water,Soups and Sauces,33,0.22,0,193,7.72,0.6,4.18,0.74,0,8,0.3,285,1 cup,241
Tomato Sandwich,Fast Foods,175,6.97,3,265,23.71,1.8,3.8,4.4,0,69,1.74,169,1 sandwich,134
Cucumber Raw,Vegetables,12,0.16,0,2,2.16,0.7,1.38,0.59,0,14,0.22,136,1 piece,7
Mixed Salad Greens Raw,Vegetables,17,0.24,0,29,3.22,2,0.92,1.52,0,48,1.16,291,NULL,NULL
Pepper Hot Chili Raw,Soups and Sauces,40,0.32,0,8,9.14,1.5,5.2,1.94,0,16,1.12,331,1 piece,11
Pepper Raw Nfs,Vegetables,24,0.22,0,3,5.13,1.8,3.03,0.91,0,9,0.37,188,1 piece,10
Pepper Sweet Red Raw,Vegetables,31,0.3,0,4,6.03,2.1,4.2,0.99,0,7,0.43,211,1 piece,10
Seaweed Raw,Vegetables,38,0.26,0,89,8.43,0.8,0.5,2.38,0,91,3.85,184,1 cup,80
Broccoli Salad With Cauliflower Cheese Bacon Bits And Dressing,Vegetables,269,22.87,21,341,10.58,1.7,6.54,5.85,0.1,108,0.37,163,1 cup,154
Broccoli Slaw Salad,Vegetables,116,7.86,6,259,10.9,2,6.26,2.14,0,37,0.55,239,1 cup,186
Cabbage Salad Or Coleslaw Made With Coleslaw Dressing,Vegetables,109,7.64,6,248,10.33,1.9,7.19,1.15,0,33,0.38,145,1 cup,219
Cabbage Salad Or Coleslaw Made With Light Coleslaw Dressing,Vegetables,100,4.87,6,469,14.43,2,11.86,0.94,0,38,0.39,153,1 cup,219
Cabbage Salad Or Coleslaw Made With Italian Dressing,Vegetables,73,4.64,0,303,7.63,1.9,5,1.05,0,33,0.4,163,1 cup,219
Cabbage Salad Or Coleslaw Made With Light Italian Dressing,Vegetables,44,1.55,0,284,7.19,1.9,4.68,1.04,0,33,0.4,164,1 cup,219
Cabbage Salad Or Coleslaw Made With Creamy Dressing,Vegetables,116,9.84,6,286,6.29,1.9,3.7,1.25,0,36,0.41,159,1 cup,219
Cabbage Salad Or Coleslaw Made With Light Creamy Dressing,Vegetables,46,0.72,0,298,9.61,1.9,3.88,1.27,0,38,0.39,173,1 cup,219
Cabbage Salad Or Coleslaw Made With Any Type Of Fat Free Dressing,Vegetables,41,0.71,2,269,8.5,2.4,5,0.99,0,31,0.36,154,1 cup,219
Cabbage Salad Or Coleslaw With Apples And/or Raisins With Dressing,Vegetables,106,6.09,5,197,13.32,2.1,9.54,1.06,0,29,0.39,160,1 cup,219
Cabbage Salad Or Coleslaw With Pineapple With Dressing,Vegetables,103,6.59,5,214,11.06,1.9,8.18,1.06,0,30,0.37,142,1 cup,219
Cabbage Chinese Salad With Dressing,Vegetables,203,15,0,439,15.71,1.9,5.65,2.48,0,49,1.01,208,1 cup,76
Celery Stuffed With Cheese,Vegetables,122,10.44,31,213,3.38,1.1,1.77,3.99,0,110,0.2,223,"1 small stalk (5"" long)",32
Cucumber And Vegetable Namasu,Vegetables,54,0.09,0,118,12.56,0.6,10.78,0.48,0,14,0.21,122,1 cup,155
Cucumber Salad Made With Sour Cream Dressing,Vegetables,63,5.38,16,216,2.86,0.5,1.94,1.09,0,38,0.18,132,1 cup,133
Cucumber Salad Made With Italian Dressing,Vegetables,115,9.68,0,208,6.58,0.5,4.79,0.48,0,13,0.24,112,1 cup,159
Cucumber Salad Made With Cucumber And Vinegar,Vegetables,33,0.08,0,236,7.22,0.5,5.33,0.52,0,14,0.24,123,1 cup,159
Lettuce Salad With Assorted Vegetables Including Tomatoes And/or Carrots No Dressing,Vegetables,21,0.2,0,30,4.42,1.8,1.88,1.2,0,36,0.72,260,1 cup,73
Lettuce Salad With Assorted Vegetables Excluding Tomatoes And Carrots No Dressing,Vegetables,20,0.21,0,26,3.93,1.7,1.52,1.36,0,36,0.79,254,1 cup,74
Lettuce Salad With Avocado Tomato And/or Carrots With Or Without Other Vegetables No Dressing,Vegetables,52,3.4,0,26,5.36,2.9,1.62,1.4,0,31,0.7,313,1 cup,87
Lettuce Salad With Cheese Tomato And/or Carrots With Or Without Other Vegetables No Dressing,Vegetables,88,5.96,17,138,4.19,1.5,1.64,4.97,0.1,153,0.62,228,1 cup,77
Lettuce Salad With Egg Tomato And/or Carrots With Or Without Other Vegetables No Dressing,Vegetables,48,2.31,75,49,3.76,1.4,1.72,3.5,0.4,39,0.82,233,1 cup,88
Lettuce Salad With Egg Cheese Tomato And/or Carrots With Or Without Other Vegetables No Dressing,Vegetables,69,4.29,49,98,3.65,1.4,1.62,4.29,0.3,96,0.67,231,1 garden salad,236
Lettuce Wilted With Bacon Dressing,Vegetables,81,6.57,10,117,2.47,1,0.66,2.98,0.1,30,0.76,190,1 cup,125
Seven-Layer Salad Lettuce Salad Made With A Combination Of Onion Celery Green Pepper Peas Mayonnaise Cheese Eggs And/or Bacon,Vegetables,227,20.71,47,267,5.6,1.3,3.28,4.75,0.3,59,0.55,130,1 cup,119
Greek Salad No Dressing,Vegetables,42,2.16,7,231,3.77,1.7,1.53,2.61,0.1,66,1.07,216,1 cup,105
Spinach Salad No Dressing,Vegetables,81,4.91,86,197,2.97,1.6,0.54,7.02,0.5,83,2.27,462,1 cup,74
Cobb Salad No Dressing,Vegetables,92,4.34,61,157,2.48,1.2,1.08,11.36,0.2,26,0.54,279,1 cup,105
Vegetables Ns As To Type Cooked Ns As To Fat Added In Cooking,Vegetables,79,1.97,3,257,12.7,4.3,3.03,2.79,0,25,0.8,165,1 cup,182
Vegetables Ns As To Type Cooked Fat Not Added In Cooking,Vegetables,65,0.15,0,247,13.02,4.4,3.1,2.84,0,25,0.82,168,1 cup,177
Vegetables Ns As To Type Cooked Fat Added In Cooking Ns As To Type Of Fat,Vegetables,79,1.97,3,257,12.7,4.3,3.03,2.79,0,25,0.8,165,1 cup,182
Vegetables Ns As To Type Cooked Made With Oil,Vegetables,85,2.57,0,241,12.7,4.3,3.03,2.78,0,24,0.8,164,1 cup,182
Vegetables Ns As To Type Cooked Made With Butter,Vegetables,81,2.19,5,257,12.69,4.3,3.03,2.79,0,25,0.8,164,1 cup,182
Vegetables Ns As To Type Cooked Made With Margarine,Vegetables,77,1.66,0,257,12.71,4.3,3.02,2.78,0.1,25,0.8,165,1 cup,182
Artichoke Cooked Ns As To Form Ns As To Fat Added In Cooking,Vegetables,61,2.46,4,292,8.89,4.4,0.81,3.02,0,21,0.54,256,1 small globe,103
Artichoke Cooked From Fresh Ns As To Fat Added In Cooking,Vegetables,69,2.31,4,299,11.57,5.5,0.96,2.81,0,21,0.59,277,1 small globe,103
Artichoke Cooked From Frozen Ns As To Fat Added In Cooking,Vegetables,61,2.46,4,292,8.89,4.4,0.81,3.02,0,21,0.54,256,1 cup hearts,173
Artichoke Cooked From Canned Ns As To Fat Added In Cooking,Vegetables,61,2.46,4,292,8.89,4.4,0.81,3.02,0,21,0.54,256,1 small globe,103
Artichoke Cooked Ns As To Form Fat Not Added In Cooking,Vegetables,45,0.5,0,282,9.13,4.6,0.84,3.09,0,21,0.56,262,1 small globe,100
Artichoke Cooked From Fresh Fat Not Added In Cooking,Vegetables,53,0.34,0,289,11.88,5.7,0.98,2.87,0,21,0.61,284,1 small globe,100
Artichoke Cooked From Frozen Fat Not Added In Cooking,Vegetables,45,0.5,0,282,9.13,4.6,0.84,3.09,0,21,0.56,262,1 cup hearts,168
Artichoke Cooked From Canned Fat Not Added In Cooking,Vegetables,45,0.5,0,282,9.13,4.6,0.84,3.09,0,21,0.56,262,1 small globe,100
Artichoke Cooked Ns As To Form Fat Added In Cooking Ns As To Type Of Fat,Vegetables,61,2.46,4,292,8.89,4.4,0.81,3.02,0,21,0.54,256,1 small globe,103
Artichoke Cooked From Fresh Fat Added In Cooking Ns As To Type Of Fat,Vegetables,69,2.31,4,299,11.57,5.5,0.96,2.81,0,21,0.59,277,1 small globe,103
Artichoke Cooked From Frozen Fat Added In Cooking Ns As To Type Of Fat,Vegetables,61,2.46,4,292,8.89,4.4,0.81,3.02,0,21,0.54,256,1 cup hearts,173
Artichoke Cooked From Canned Fat Added In Cooking Ns As To Type Of Fat,Vegetables,61,2.46,4,292,8.89,4.4,0.81,3.02,0,21,0.54,256,1 small globe,103
Artichoke Salad In Oil,Vegetables,122,8.57,0,55,10.96,5.2,0.91,2.65,0,19,0.61,262,1 cup,130
Artichoke Cooked Ns As To Form Made With Oil,Vegetables,67,3.1,0,275,8.89,4.5,0.81,3.01,0,20,0.55,256,1 small globe,103
Artichoke Cooked Ns As To Form Made With Butter,Vegetables,71,2.54,6,299,11.56,5.5,0.96,2.82,0,21,0.59,277,1 small globe,103
Artichoke Cooked Ns As To Form Made With Margarine,Vegetables,58,2.13,0,293,8.9,4.4,0.81,3.01,0.1,21,0.54,256,1 small globe,103
Artichoke Cooked From Fresh Made With Oil,Vegetables,74,2.95,0,281,11.57,5.5,0.96,2.8,0,20,0.6,277,1 small globe,103
Artichoke Cooked From Fresh Made With Butter,Vegetables,71,2.54,6,299,11.56,5.5,0.96,2.82,0,21,0.59,277,1 small globe,103
Artichoke Cooked From Fresh Made With Margarine,Vegetables,66,1.97,0,300,11.58,5.5,0.96,2.8,0.1,21,0.59,277,1 small globe,103
Artichoke Cooked From Canned Made With Oil,Vegetables,67,3.1,0,275,8.89,4.5,0.81,3.01,0,20,0.55,256,1 small globe,103
Artichoke Cooked From Canned Made With Butter,Vegetables,63,2.69,6,292,8.88,4.4,0.81,3.03,0,21,0.54,256,1 small globe,103
Artichoke Cooked From Canned Made With Margarine,Vegetables,58,2.13,0,293,8.9,4.4,0.81,3.01,0.1,21,0.54,256,1 small globe,103
Artichoke Cooked From Frozen Made With Oil,Vegetables,67,3.1,0,275,8.89,4.5,0.81,3.01,0,20,0.55,256,1 cup hearts,173
Artichoke Cooked From Frozen Made With Butter,Vegetables,63,2.69,6,292,8.88,4.4,0.81,3.03,0,21,0.54,256,1 cup hearts,173
Artichoke Cooked From Frozen Made With Margarine,Vegetables,58,2.13,0,293,8.9,4.4,0.81,3.01,0.1,21,0.54,256,1 cup hearts,173
Asparagus Cooked Ns As To Form Ns As To Fat Added In Cooking,Vegetables,34,2.26,3,228,1.87,1.6,0.31,2.87,0,18,0.55,167,1 piece,3
Asparagus Cooked From Fresh Ns As To Fat Added In Cooking,Vegetables,38,2.06,3,239,3.99,1.9,1.26,2.34,0,23,0.88,218,1 piece,3
Asparagus Cooked From Frozen Ns As To Fat Added In Cooking,Vegetables,41,3.13,5,336,1.85,1.5,0.31,2.84,0.1,18,0.54,165,1 piece,3
Asparagus Cooked From Canned Ns As To Fat Added In Cooking,Vegetables,31,2.02,2,449,2.41,1.6,1.04,2.1,0,16,1.79,169,1 cup,247
Asparagus Cooked Ns As To Form Fat Not Added In Cooking,Vegetables,18,0.42,0,217,1.91,1.6,0.32,2.93,0,18,0.56,171,1 piece,3
Asparagus Cooked From Fresh Fat Not Added In Cooking,Vegetables,22,0.22,0,228,4.09,2,1.29,2.39,0,23,0.91,223,1 piece,3
Asparagus Cooked From Frozen Fat Not Added In Cooking,Vegetables,18,0.42,0,217,1.91,1.6,0.32,2.93,0,18,0.56,171,1 piece,3
Asparagus Cooked From Canned Fat Not Added In Cooking,Vegetables,19,0.65,0,445,2.45,1.6,1.06,2.13,0,16,1.82,171,1 cup,242
Asparagus Cooked Ns As To Form Fat Added In Cooking Ns As To Type Of Fat,Vegetables,34,2.26,3,228,1.87,1.6,0.31,2.87,0,18,0.55,167,1 piece,3
Asparagus Cooked From Fresh Fat Added In Cooking Ns As To Type Of Fat,Vegetables,38,2.06,3,239,3.99,1.9,1.26,2.34,0,23,0.88,218,1 piece,3
Asparagus Cooked From Frozen Fat Added In Cooking Ns As To Type Of Fat,Vegetables,34,2.26,3,228,1.87,1.6,0.31,2.87,0,18,0.55,167,1 piece,3
Asparagus Cooked From Canned Fat Added In Cooking Ns As To Type Of Fat,Vegetables,31,2.02,2,449,2.41,1.6,1.04,2.1,0,16,1.79,169,1 cup,247
Asparagus Cooked Ns As To Form Made With Oil,Vegetables,39,2.86,0,212,1.86,1.6,0.31,2.86,0,18,0.55,167,1 piece,3
Asparagus Cooked Ns As To Form Made With Butter,Vegetables,36,2.47,5,228,1.86,1.6,0.31,2.88,0,18,0.55,167,1 piece,3
Asparagus Cooked Ns As To Form Made With Margarine,Vegetables,31,1.94,0,229,1.88,1.6,0.31,2.86,0.1,18,0.54,167,1 piece,3
Asparagus Cooked From Fresh Made With Oil,Vegetables,43,2.66,0,222,3.99,1.9,1.26,2.33,0,22,0.89,217,1 piece,3
Asparagus Cooked From Fresh Made With Butter,Vegetables,40,2.28,5,239,3.98,1.9,1.26,2.35,0,23,0.88,218,1 piece,3
Asparagus Cooked From Fresh Made With Margarine,Vegetables,35,1.75,0,240,4,1.9,1.26,2.33,0.1,23,0.88,218,1 piece,3
Asparagus Cooked From Frozen Made With Oil,Vegetables,39,2.86,0,212,1.86,1.6,0.31,2.86,0,18,0.55,167,1 piece,3
Asparagus Cooked From Frozen Made With Butter,Vegetables,36,2.47,5,228,1.86,1.6,0.31,2.88,0,18,0.55,167,1 piece,3
Asparagus Cooked From Frozen Made With Margarine,Vegetables,31,1.94,0,229,1.88,1.6,0.31,2.86,0.1,18,0.54,167,1 piece,3
Asparagus Cooked From Canned Made With Oil,Vegetables,35,2.47,0,437,2.4,1.6,1.04,2.09,0,16,1.79,168,1 cup,247
Asparagus Cooked From Canned Made With Butter,Vegetables,32,2.18,4,449,2.4,1.6,1.04,2.11,0,16,1.79,169,1 cup,247
Asparagus Cooked From Canned Made With Margarine,Vegetables,29,1.79,0,450,2.42,1.6,1.03,2.09,0.1,16,1.79,169,1 cup,247
Bamboo Shoots Cooked Fat Not Added In Cooking,Vegetables,36,0.4,0,314,6.89,2.9,3.98,3.45,0,17,0.66,706,1 cup slices,120
Bamboo Shoots Cooked Fat Added In Cooking,Vegetables,71,4.5,0,304,6.68,2.8,3.85,3.34,0,17,0.65,685,1 cup,156
Bamboo Shoots Cooked Ns As To Fat Added In Cooking,Vegetables,71,4.5,0,304,6.68,2.8,3.85,3.34,0,17,0.65,685,1 cup,156
Beans Lima Immature Cooked Ns As To Form Ns As To Fat Added In Cooking,Vegetables,117,2.28,3,305,18.7,5.1,1.3,5.89,0,30,1.76,295,1 cup,185
Beans Lima Immature Cooked From Fresh Ns As To Fat Added In Cooking,Vegetables,136,2.26,3,255,22.88,5.2,1.58,6.6,0,32,2.37,552,1 cup,175
Beans Lima Immature Cooked From Frozen Ns As To Fat Added In Cooking,Vegetables,117,2.28,3,305,18.7,5.1,1.3,5.89,0,30,1.76,295,1 cup,185
Beans Lima Immature Cooked From Canned Ns As To Fat Added In Cooking,Vegetables,117,2.28,3,305,18.7,5.1,1.3,5.89,0,30,1.76,295,1 cup,179
Beans Lima Immature Cooked Ns As To Form Fat Not Added In Cooking,Vegetables,102,0.34,0,295,19.21,5.3,1.33,6.04,0,30,1.81,302,1 cup,180
Beans Lima Immature Cooked From Fresh Fat Not Added In Cooking,Vegetables,122,0.32,0,244,23.5,5.4,1.62,6.77,0,32,2.44,567,1 cup,170
Beans Lima Immature Cooked From Frozen Fat Not Added In Cooking,Vegetables,102,0.34,0,295,19.21,5.3,1.33,6.04,0,30,1.81,302,1 cup,180
Beans Lima Immature Cooked From Canned Fat Not Added In Cooking,Vegetables,102,0.34,0,295,19.21,5.3,1.33,6.04,0,30,1.81,302,1 cup,174
Beans Lima Immature Cooked Ns As To Form Fat Added In Cooking Ns As To Type Of Fat,Vegetables,117,2.28,3,305,18.7,5.1,1.3,5.89,0,30,1.76,295,1 cup,185
Beans Lima Immature Cooked From Fresh Fat Added In Cooking Ns As To Type Of Fat,Vegetables,136,2.26,3,255,22.88,5.2,1.58,6.6,0,32,2.37,552,1 cup,175
Beans Lima Immature Cooked From Frozen Fat Added In Cooking Ns As To Type Of Fat,Vegetables,117,2.28,3,296,18.7,5.1,1.3,5.89,0,30,1.76,295,1 cup,185
Beans Lima Immature Cooked From Canned Fat Added In Cooking Ns As To Type Of Fat,Vegetables,136,2.26,3,255,22.88,5.2,1.58,6.6,0,32,2.37,552,1 cup,179
Beans Lima Immature Cooked Ns As To Form Made With Oil,Vegetables,123,2.92,0,288,18.71,5.1,1.3,5.88,0,29,1.77,294,1 cup,185
Beans Lima Immature Cooked Ns As To Form Made With Butter,Vegetables,119,2.51,6,305,18.69,5.1,1.3,5.9,0,30,1.76,295,1 cup,185
Beans Lima Immature Cooked Ns As To Form Made With Margarine,Vegetables,114,1.95,0,306,18.71,5.1,1.3,5.88,0.1,30,1.76,295,1 cup,185
Beans Lima Immature Cooked From Fresh Made With Oil,Vegetables,142,2.9,0,237,22.89,5.2,1.58,6.6,0,31,2.38,552,1 cup,175
Beans Lima Immature Cooked From Fresh Made With Butter,Vegetables,138,2.49,6,254,22.87,5.2,1.58,6.61,0,32,2.37,552,1 cup,175
Beans Lima Immature Cooked From Fresh Made With Margarine,Vegetables,133,1.93,0,255,22.89,5.2,1.58,6.59,0.1,32,2.37,552,1 cup,175
Beans Lima Immature Cooked From Frozen Made With Oil,Vegetables,123,2.92,0,288,18.71,5.1,1.3,5.88,0,29,1.77,294,1 cup,185
Beans Lima Immature Cooked From Frozen Made With Butter,Vegetables,119,2.51,6,305,18.69,5.1,1.3,5.9,0,30,1.76,295,1 cup,185
Beans Lima Immature Cooked From Frozen Made With Margarine,Vegetables,114,1.95,0,306,18.71,5.1,1.3,5.88,0.1,30,1.76,295,1 cup,185
Beans Lima Immature Cooked From Canned Made With Oil,Vegetables,123,2.92,0,288,18.71,5.1,1.3,5.88,0,29,1.77,294,1 cup,179
Beans Lima Immature Cooked From Canned Made With Butter,Vegetables,119,2.51,6,305,18.69,5.1,1.3,5.9,0,30,1.76,295,1 cup,179
Beans Lima Immature Cooked From Canned Made With Margarine,Vegetables,114,1.95,0,306,18.71,5.1,1.3,5.88,0.1,30,1.76,295,1 cup,179
Beans String Cooked Ns As To Form Ns As To Color Made With Oil,Vegetables,56,3.4,0,277,6.2,2.9,1.81,1.43,0,41,0.64,153,1 cup,140
Beans String Cooked Ns As To Form Ns As To Color Made With Butter,Vegetables,51,2.89,7,298,6.19,2.9,1.8,1.46,0,41,0.64,153,1 cup,140
Beans String Cooked Ns As To Form Ns As To Color Made With Margarine,Vegetables,45,2.19,0,299,6.22,2.9,1.8,1.44,0.1,41,0.64,154,1 cup,140
Beans String Cooked From Fresh Ns As To Color Made With Oil,Vegetables,64,3.75,0,298,7.54,3.1,3.48,1.81,0,42,0.63,140,1 cup,130
Beans String Cooked From Fresh Ns As To Color Made With Butter,Vegetables,59,3.2,8,321,7.54,3.1,3.47,1.84,0,43,0.62,141,1 cup,130
Beans String Cooked From Fresh Ns As To Color Made With Margarine,Vegetables,53,2.45,0,322,7.56,3.1,3.47,1.81,0.1,43,0.62,141,1 cup,130
Beans String Cooked From Frozen Ns As To Color Made With Oil,Vegetables,56,3.4,0,277,6.2,2.9,1.81,1.43,0,41,0.64,153,1 cup,140
Beans String Cooked From Frozen Ns As To Color Made With Butter,Vegetables,51,2.89,7,298,6.19,2.9,1.8,1.46,0,41,0.64,153,1 cup,140
Beans String Cooked From Frozen Ns As To Color Made With Margarine,Vegetables,45,2.19,0,299,6.22,2.9,1.8,1.44,0.1,41,0.64,154,1 cup,140
Beans String Cooked From Canned Ns As To Color Made With Oil,Vegetables,46,3.27,0,358,4.06,1.8,1.4,1.02,0,36,0.87,93,1 cup,140
Beans String Cooked From Canned Ns As To Color Made With Butter,Vegetables,42,2.82,6,377,4.06,1.8,1.4,1.04,0,37,0.86,94,1 cup,140
Beans String Cooked From Canned Ns As To Color Made With Margarine,Vegetables,36,2.2,0,378,4.08,1.8,1.39,1.02,0.1,36,0.86,94,1 cup,140
Beans String Cooked Ns As To Form Ns As To Color Fat Added In Cooking Ns As To Type Of Fat,Vegetables,48,2.6,4,298,6.2,2.9,1.8,1.45,0.1,41,0.64,153,1 cup,140
Beans String Cooked From Fresh Ns As To Color Fat Added In Cooking Ns As To Type Of Fat,Vegetables,57,2.89,5,321,7.55,3.1,3.47,1.83,0.1,43,0.62,141,1 cup,130
Beans String Cooked From Frozen Ns As To Color Fat Added In Cooking Ns As To Type Of Fat,Vegetables,48,2.6,4,298,6.2,2.9,1.8,1.45,0.1,41,0.64,153,1 cup,140
Beans String Cooked From Canned Ns As To Color Fat Added In Cooking Ns As To Type Of Fat,Vegetables,40,2.57,4,377,4.07,1.8,1.39,1.03,0,37,0.86,94,1 cup,140
Beans String Cooked Ns As To Form Ns As To Color Fat Not Added In Cooking,Vegetables,28,0.17,0,286,6.4,3,1.87,1.48,0,42,0.66,158,1 cup,135
Beans String Cooked From Fresh Ns As To Color Fat Not Added In Cooking,Vegetables,35,0.28,0,309,7.82,3.2,3.6,1.88,0,44,0.65,145,1 cup,125
Beans String Cooked From Frozen Ns As To Color Fat Not Added In Cooking,Vegetables,28,0.17,0,286,6.4,3,1.87,1.48,0,42,0.66,158,1 cup,135
Beans String Cooked From Canned Ns As To Color Fat Not Added In Cooking,Vegetables,21,0.41,0,368,4.18,1.9,1.44,1.05,0,37,0.89,96,1 cup,135
Beans String Cooked Ns As To Form Ns As To Color Ns As To Fat Added In Cooking,Vegetables,48,2.6,4,298,6.2,2.9,1.8,1.45,0.1,41,0.64,153,1 cup,140
Beans String Cooked From Fresh Ns As To Color Ns As To Fat Added In Cooking,Vegetables,57,2.89,5,321,7.55,3.1,3.47,1.83,0.1,43,0.62,141,1 cup,130
Beans String Cooked From Frozen Ns As To Color Ns As To Fat Added In Cooking,Vegetables,48,2.6,4,298,6.2,2.9,1.8,1.45,0.1,41,0.64,153,1 cup,140
Beans String Cooked From Canned Ns As To Color Ns As To Fat Added In Cooking,Vegetables,40,2.57,4,377,4.07,1.8,1.39,1.03,0,37,0.86,94,1 cup,140
Beans String Green Cooked Ns As To Form Ns As To Fat Added In Cooking,Vegetables,48,2.6,4,298,6.2,2.9,1.8,1.45,0.1,41,0.64,153,1 cup ns as to from fresh frozen or canned,140
Beans String Green Cooked From Fresh Ns As To Fat Added In Cooking,Vegetables,57,2.89,5,321,7.55,3.1,3.47,1.83,0.1,43,0.62,141,1 cup fresh,130
Beans String Green Cooked From Frozen Ns As To Fat Added In Cooking,Vegetables,48,2.6,4,298,6.2,2.9,1.8,1.45,0.1,41,0.64,153,1 cup frozen,140
Beans String Green Cooked From Canned Ns As To Fat Added In Cooking,Vegetables,40,2.57,4,377,4.07,1.8,1.39,1.03,0,37,0.86,94,1 cup canned,158
Beans String Green Cooked Ns As To Form Fat Not Added In Cooking,Vegetables,28,0.17,0,286,6.4,3,1.87,1.48,0,42,0.66,158,1 cup ns as to from fresh frozen or canned,135
Beans String Green Cooked From Fresh Fat Not Added In Cooking,Vegetables,35,0.28,0,309,7.82,3.2,3.6,1.88,0,44,0.65,145,1 cup fresh,125
Beans String Green Cooked From Frozen Fat Not Added In Cooking,Vegetables,28,0.17,0,286,6.4,3,1.87,1.48,0,42,0.66,158,1 cup frozen,135
Beans String Green Cooked From Canned Fat Not Added In Cooking,Vegetables,21,0.41,0,368,4.18,1.9,1.44,1.05,0,37,0.89,96,1 cup canned,153
Beans String Green Cooked Ns As To Form Fat Added In Cooking Ns As To Type Of Fat,Vegetables,48,2.6,4,298,6.2,2.9,1.8,1.45,0.1,41,0.64,153,1 cup ns as to from fresh frozen or canned,140
Beans String Green Cooked From Fresh Fat Added In Cooking Ns As To Type Of Fat,Vegetables,57,2.89,5,321,7.55,3.1,3.47,1.83,0.1,43,0.62,141,1 cup fresh,130
Beans String Green Cooked From Frozen Fat Added In Cooking Ns As To Type Of Fat,Vegetables,48,2.6,4,298,6.2,2.9,1.8,1.45,0.1,41,0.64,153,1 cup frozen,140
Beans String Green Cooked From Canned Fat Added In Cooking Ns As To Type Of Fat,Vegetables,40,2.57,4,377,4.07,1.8,1.39,1.03,0,37,0.86,94,1 cup canned,158
Beans String Green Cooked Ns As To Form Made With Oil,Vegetables,56,3.4,0,277,6.2,2.9,1.81,1.43,0,41,0.64,153,1 cup ns as to from fresh frozen or canned,140
Beans String Green Cooked Ns As To Form Made With Butter,Vegetables,51,2.89,7,298,6.19,2.9,1.8,1.46,0,41,0.64,153,1 cup ns as to from fresh frozen or canned,140
Beans String Green Cooked Ns As To Form Made With Margarine,Vegetables,45,2.19,0,299,6.22,2.9,1.8,1.44,0.1,41,0.64,154,1 cup ns as to from fresh frozen or canned,140
Beans String Green Cooked From Fresh Made With Oil,Vegetables,64,3.75,0,298,7.54,3.1,3.48,1.81,0,42,0.63,140,1 cup fresh,130
Beans String Green Cooked From Fresh Made With Butter,Vegetables,59,3.2,8,321,7.54,3.1,3.47,1.84,0,43,0.62,141,1 cup fresh,130
Beans String Green Cooked From Fresh Made With Margarine,Vegetables,53,2.45,0,322,7.56,3.1,3.47,1.81,0.1,43,0.62,141,1 cup fresh,130
Beans String Green Cooked From Frozen Made With Oil,Vegetables,56,3.4,0,277,6.2,2.9,1.81,1.43,0,41,0.64,153,1 cup frozen,140
Beans String Green Cooked From Frozen Made With Butter,Vegetables,51,2.89,7,298,6.19,2.9,1.8,1.46,0,41,0.64,153,1 cup frozen,140
Beans String Green Cooked From Frozen Made With Margarine,Vegetables,45,2.19,0,299,6.22,2.9,1.8,1.44,0.1,41,0.64,154,1 cup frozen,140
Beans String Green Cooked From Canned Made With Oil,Vegetables,46,3.27,0,358,4.06,1.8,1.4,1.02,0,36,0.87,93,1 cup canned,158
Beans String Green Cooked From Canned Made With Butter,Vegetables,42,2.82,6,377,4.06,1.8,1.4,1.04,0,37,0.86,94,1 cup canned,158
Beans String Green Cooked From Canned Made With Margarine,Vegetables,36,2.2,0,378,4.08,1.8,1.39,1.02,0.1,36,0.86,94,1 cup canned,158
Beans String Green Canned Low Sodium Ns As To Fat Added In Cooking,Vegetables,41,2.62,4,22,4.2,1.8,0.76,1.1,0,38,1.03,94,1 cup,158
Beans String Green Canned Low Sodium Fat Added In Cooking Ns As To Type Of Fat,Vegetables,41,2.62,4,22,4.2,1.8,0.76,1.1,0,38,1.03,94,1 cup,158
Beans String Green Canned Low Sodium Made With Oil,Vegetables,47,3.33,0,2,4.2,1.8,0.76,1.09,0,37,1.03,93,1 cup,158
Beans String Green Canned Low Sodium Made With Butter,Vegetables,43,2.88,6,21,4.19,1.8,0.76,1.11,0,38,1.03,94,1 cup,158
Beans String Green Canned Low Sodium Made With Margarine,Vegetables,37,2.26,0,22,4.22,1.8,0.76,1.09,0.1,37,1.03,94,1 cup,158
Beans String Yellow Cooked Ns As To Form Ns As To Fat Added In Cooking,Vegetables,48,2.6,4,306,6.2,2.9,1.8,1.45,0.1,48,0.85,122,1 cup ns as to from fresh frozen or canned,140
Beans String Yellow Cooked From Fresh Ns As To Fat Added In Cooking,Vegetables,57,2.89,5,323,7.55,3.2,3.47,1.83,0.1,45,1.23,287,1 cup,130
Beans String Yellow Cooked From Frozen Ns As To Fat Added In Cooking,Vegetables,48,2.6,4,306,6.2,2.9,1.8,1.45,0.1,48,0.85,122,1 cup,140
Beans String Yellow Cooked From Canned Ns As To Fat Added In Cooking,Vegetables,39,2.27,4,361,4.36,1.3,0.76,1.13,0,26,0.87,106,1 cup,158
Beans String Yellow Cooked Ns As To Form Fat Not Added In Cooking,Vegetables,48,2.6,4,306,6.2,2.9,1.8,1.45,0.1,48,0.85,122,1 cup ns as to from fresh frozen or canned,135
Beans String Yellow Cooked From Fresh Fat Not Added In Cooking,Vegetables,35,0.28,0,311,7.82,3.3,3.6,1.88,0,46,1.27,297,1 cup,125
Beans String Yellow Cooked From Frozen Fat Not Added In Cooking,Vegetables,28,0.17,0,294,6.4,3,1.87,1.48,0,49,0.88,125,1 cup,135
Beans String Yellow Cooked From Canned Fat Not Added In Cooking,Vegetables,20,0.1,0,351,4.49,1.3,0.78,1.15,0,26,0.9,109,1 cup,153
Beans String Yellow Cooked Ns As To Form Fat Added In Cooking Ns As To Type Of Fat,Vegetables,48,2.6,4,306,6.2,2.9,1.8,1.45,0.1,48,0.85,122,1 cup ns as to from fresh frozen or canned,140
Beans String Yellow Cooked From Fresh Fat Added In Cooking Ns As To Type Of Fat,Vegetables,57,2.89,5,323,7.55,3.2,3.47,1.83,0.1,45,1.23,287,1 cup,130
Beans String Yellow Cooked From Frozen Fat Added In Cooking Ns As To Type Of Fat,Vegetables,48,2.6,4,306,6.2,2.9,1.8,1.45,0.1,48,0.85,122,1 cup,140
Beans String Yellow Cooked From Canned Fat Added In Cooking Ns As To Type Of Fat,Vegetables,39,2.27,4,361,4.36,1.3,0.76,1.13,0,26,0.87,106,1 cup,158
Beans String Yellow Cooked Ns As To Form Made With Oil,Vegetables,56,3.4,0,284,6.2,2.9,1.81,1.43,0,47,0.85,121,1 cup ns as to from fresh frozen or canned,140
Beans String Yellow Cooked Ns As To Form Made With Butter,Vegetables,51,2.89,7,306,6.19,2.9,1.8,1.46,0,48,0.85,122,1 cup ns as to from fresh frozen or canned,140
Beans String Yellow Cooked Ns As To Form Made With Margarine,Vegetables,45,2.19,0,307,6.22,2.9,1.8,1.44,0.1,48,0.85,122,1 cup ns as to from fresh frozen or canned,140
Beans String Yellow Cooked From Fresh Made With Oil,Vegetables,64,3.75,0,300,7.54,3.2,3.48,1.81,0,44,1.23,286,1 cup,130
Beans String Yellow Cooked From Fresh Made With Butter,Vegetables,59,3.2,8,323,7.54,3.2,3.47,1.84,0,45,1.23,287,1 cup,130
Beans String Yellow Cooked From Fresh Made With Margarine,Vegetables,53,2.45,0,324,7.56,3.2,3.47,1.81,0.1,45,1.23,287,1 cup,130
Beans String Yellow Cooked From Frozen Made With Oil,Vegetables,56,3.4,0,284,6.2,2.9,1.81,1.43,0,47,0.85,121,1 cup,140
Beans String Yellow Cooked From Frozen Made With Butter,Vegetables,51,2.89,7,306,6.19,2.9,1.8,1.46,0,48,0.85,122,1 cup,140
Beans String Yellow Cooked From Frozen Made With Margarine,Vegetables,45,2.19,0,307,6.22,2.9,1.8,1.44,0.1,48,0.85,122,1 cup,140
Beans String Yellow Cooked From Canned Made With Oil,Vegetables,45,2.97,0,341,4.36,1.3,0.76,1.11,0,25,0.88,106,1 cup,158
Beans String Yellow Cooked From Canned Made With Butter,Vegetables,41,2.52,6,360,4.36,1.3,0.76,1.14,0,26,0.87,106,1 cup,158
Beans String Yellow Cooked From Canned Made With Margarine,Vegetables,35,1.9,0,361,4.38,1.3,0.75,1.12,0.1,26,0.87,106,1 cup,158
Bean Sprouts Cooked Ns As To Form Ns As To Fat Added In Cooking,Vegetables,80,5.84,0,348,4.95,0.8,1.75,4.57,0,31,0.9,200,1 cup,129
Bean Sprouts Cooked From Fresh Ns As To Fat Added In Cooking,Vegetables,80,5.84,0,348,4.95,0.8,1.75,4.57,0,31,0.9,200,1 cup,129
Bean Sprouts Cooked Ns As To Form Fat Added In Cooking,Vegetables,80,5.84,0,348,4.95,0.8,1.75,4.57,0,31,0.9,200,1 cup,129
Bean Sprouts Cooked From Fresh Fat Added In Cooking,Vegetables,80,5.84,0,348,4.95,0.8,1.75,4.57,0,31,0.9,200,1 cup,129
Beets Cooked Ns As To Form Ns As To Fat Added In Cooking,Vegetables,60,2.13,3,313,9.65,1.9,7.7,1.64,0,16,0.77,296,1 cup whole,168
Beets Cooked From Fresh Ns As To Fat Added In Cooking,Vegetables,60,2.13,3,313,9.65,1.9,7.7,1.64,0,16,0.77,296,1 cup whole,168
Beets Cooked From Frozen Ns As To Fat Added In Cooking,Vegetables,60,2.13,3,313,9.65,1.9,7.7,1.64,0,16,0.77,296,1 cup whole,168
Beets Cooked From Canned Ns As To Fat Added In Cooking,Vegetables,47,2.09,3,426,6.98,1.7,5.33,0.9,0,15,1.76,144,1 cup whole,168
Beets Cooked Ns As To Form Fat Not Added In Cooking,Vegetables,44,0.18,0,303,9.9,2,7.91,1.67,0,16,0.79,303,1 cup slices,170
Beets Cooked From Fresh Fat Not Added In Cooking,Vegetables,44,0.18,0,303,9.9,2,7.91,1.67,0,16,0.79,303,1 cup whole,163
Beets Cooked From Frozen Fat Not Added In Cooking,Vegetables,44,0.18,0,303,9.9,2,7.91,1.67,0,16,0.79,303,1 cup whole,163
Beets Cooked From Canned Fat Not Added In Cooking,Vegetables,31,0.14,0,420,7.17,1.8,5.48,0.9,0,15,1.81,147,1 cup whole,163
Beets Cooked Ns As To Form Fat Added In Cooking Ns As To Type Of Fat,Vegetables,60,2.13,3,313,9.65,1.9,7.7,1.64,0,16,0.77,296,1 cup slices,175
Beets Cooked From Fresh Fat Added In Cooking Ns As To Type Of Fat,Vegetables,60,2.13,3,313,9.65,1.9,7.7,1.64,0,16,0.77,296,1 cup whole,168
Beets Cooked From Frozen Fat Added In Cooking Ns As To Type Of Fat,Vegetables,60,2.13,3,313,9.65,1.9,7.7,1.64,0,16,0.77,296,1 cup whole,168
Beets Cooked From Canned Fat Added In Cooking Ns As To Type Of Fat,Vegetables,47,2.09,3,426,6.98,1.7,5.33,0.9,0,15,1.76,144,1 cup whole,168
Beets Canned Low Sodium Ns As To Fat Added In Cooking,Vegetables,60,2.18,4,50,9.78,1.8,8,1.21,0,20,0.94,212,1 cup nfs,175
Beets Canned Low Sodium Fat Not Added In Cooking,Vegetables,42,0.11,0,32,9.96,1.8,8.15,1.21,0,20,0.96,215,1 cup nfs,170
Beets Canned Low Sodium Made With Oil,Vegetables,66,2.85,0,31,9.77,1.8,8,1.19,0,19,0.94,211,1 cup nfs,175
Beets Canned Low Sodium Made With Butter,Vegetables,62,2.42,6,50,9.77,1.8,8,1.21,0,20,0.94,212,1 cup nfs,175
Beets Canned Low Sodium Made With Margarine,Vegetables,57,1.83,0,51,9.79,1.8,8,1.19,0.1,20,0.94,212,1 cup nfs,175
Beets Canned Low Sodium Fat Added In Cooking Ns As To Type Of Fat,Vegetables,60,2.18,4,50,9.78,1.8,8,1.21,0,20,0.94,212,1 cup nfs,175
Beets Cooked Ns As To Form Made With Oil,Vegetables,66,2.76,0,295,9.65,1.9,7.71,1.63,0,16,0.77,295,1 cup slices,175
Beets Cooked Ns As To Form Made With Butter,Vegetables,62,2.36,6,312,9.64,1.9,7.7,1.65,0,16,0.77,296,1 cup slices,175
Beets Cooked Ns As To Form Made With Margarine,Vegetables,57,1.8,0,313,9.66,1.9,7.7,1.63,0.1,16,0.77,296,1 cup slices,175
Beets Cooked From Fresh Made With Oil,Vegetables,66,2.76,0,295,9.65,1.9,7.71,1.63,0,16,0.77,295,1 cup whole,168
Beets Cooked From Fresh Made With Butter,Vegetables,62,2.36,6,312,9.64,1.9,7.7,1.65,0,16,0.77,296,1 cup whole,168
Beets Cooked From Fresh Made With Margarine,Vegetables,57,1.8,0,313,9.66,1.9,7.7,1.63,0.1,16,0.77,296,1 cup whole,168
Beets Cooked From Frozen Made With Oil,Vegetables,66,2.76,0,295,9.65,1.9,7.71,1.63,0,16,0.77,295,1 cup whole,168
Beets Cooked From Frozen Made With Butter,Vegetables,62,2.36,6,312,9.64,1.9,7.7,1.65,0,16,0.77,296,1 cup whole,168
Beets Cooked From Frozen Made With Margarine,Vegetables,57,1.8,0,313,9.66,1.9,7.7,1.63,0.1,16,0.77,296,1 cup whole,168
Beets Cooked From Canned Made With Oil,Vegetables,53,2.72,0,409,6.98,1.7,5.34,0.88,0,15,1.77,143,1 cup whole,168
Beets Cooked From Canned Made With Butter,Vegetables,49,2.32,6,426,6.98,1.7,5.33,0.9,0,15,1.76,144,1 cup whole,168
Beets Cooked From Canned Made With Margarine,Vegetables,44,1.76,0,426,7,1.7,5.33,0.88,0.1,15,1.76,144,1 cup whole,168
Bitter Melon Cooked Ns As To Fat Added In Cooking,Vegetables,49,3.68,0,305,4.14,1.9,1.87,0.8,0,9,0.37,305,1 cup,129
Bitter Melon Cooked Fat Not Added In Cooking,Vegetables,19,0.18,0,316,4.28,2,1.93,0.83,0,9,0.38,317,1 cup,124
Bitter Melon Cooked Fat Added In Cooking,Vegetables,49,3.68,0,305,4.14,1.9,1.87,0.8,0,9,0.37,305,1 cup,129
Breadfruit Cooked Ns As To Fat Added In Cooking,Vegetables,131,2.7,4,270,28.72,5.2,11.65,1.15,0.1,18,0.55,468,1 cup,257
Breadfruit Cooked Fat Not Added In Cooking,Vegetables,114,0.26,0,260,30.02,5.4,12.18,1.18,0,18,0.57,488,1 cup,252
Breadfruit Cooked Fat Added In Cooking,Vegetables,131,2.7,4,270,28.72,5.2,11.65,1.15,0.1,18,0.55,468,1 cup,257
Breadfruit Fried,Vegetables,158,4.13,0,282,32.66,5.9,13.25,1.29,0,20,0.66,531,1 cup,170
Broccoflower Cooked Ns As To Fat Added In Cooking,Vegetables,59,3.55,6,272,5.98,3.1,2.96,2.91,0.1,32,0.69,265,1 cup fresh,87
Broccoflower Cooked Fat Not Added In Cooking,Vegetables,32,0.31,0,254,6.24,3.3,3.1,3.02,0,32,0.72,276,1 cup fresh,82
Broccoflower Cooked Fat Added In Cooking Ns As To Type Of Fat,Vegetables,51,2.54,4,266,6.06,3.2,3.01,2.95,0,32,0.7,269,1 cup fresh,87
Broccoflower Cooked Made With Oil,Vegetables,58,3.38,0,246,6.05,3.2,3.01,2.93,0,31,0.7,268,1 cup fresh,87
Broccoflower Cooked Made With Butter,Vegetables,53,2.8,7,266,6.05,3.2,3.01,2.96,0,32,0.7,269,1 cup fresh,87
Broccoflower Cooked Made With Margarine,Vegetables,47,2.14,0,267,6.08,3.2,3.01,2.93,0.1,32,0.7,269,1 cup fresh,87
Brussels Sprouts Cooked Ns As To Form Ns As To Fat Added In Cooking,Vegetables,59,2.51,4,275,8.04,4,2.01,3.53,0,26,0.46,280,1 cup,160
Brussels Sprouts Cooked From Fresh Ns As To Fat Added In Cooking,Vegetables,54,2.6,4,279,6.86,2.5,1.68,2.48,0,36,1.16,307,1 cup,160
Brussels Sprouts Cooked From Frozen Ns As To Fat Added In Cooking,Vegetables,59,2.51,4,275,8.04,4,2.01,3.53,0,26,0.46,280,1 cup,160
Brussels Sprouts Cooked Ns As To Form Fat Not Added In Cooking,Vegetables,42,0.39,0,263,8.27,4.1,2.07,3.62,0,26,0.48,288,1 cup,155
Brussels Sprouts Cooked From Fresh Fat Not Added In Cooking,Vegetables,36,0.5,0,268,7.06,2.6,1.73,2.53,0,36,1.19,315,1 cup,155
Brussels Sprouts Cooked From Frozen Fat Not Added In Cooking,Vegetables,42,0.39,0,263,8.27,4.1,2.07,3.62,0,26,0.48,288,1 cup,155
Brussels Sprouts Cooked Ns As To Form Fat Added In Cooking Ns As To Type Of Fat,Vegetables,59,2.51,4,275,8.04,4,2.01,3.53,0,26,0.46,280,1 cup,160
Brussels Sprouts Cooked From Fresh Fat Added In Cooking Ns As To Type Of Fat,Vegetables,54,2.6,4,270,6.86,2.5,1.68,2.48,0,36,1.16,307,1 cup,160
Brussels Sprouts Cooked From Frozen Fat Added In Cooking Ns As To Type Of Fat,Vegetables,59,2.51,4,275,8.04,4,2.01,3.53,0,26,0.46,280,1 cup,160
Brussels Sprouts Cooked Ns As To Form Made With Oil,Vegetables,66,3.21,0,256,8.03,4,2.01,3.51,0,25,0.47,280,1 cup,160
Brussels Sprouts Cooked Ns As To Form Made With Butter,Vegetables,62,2.76,6,275,8.02,4,2.01,3.54,0,26,0.47,280,1 cup,160
Brussels Sprouts Cooked Ns As To Form Made With Margarine,Vegetables,56,2.15,0,276,8.05,4,2,3.51,0.1,26,0.46,281,1 cup,160
Brussels Sprouts Cooked From Fresh Made With Oil,Vegetables,60,3.29,0,260,6.86,2.5,1.68,2.46,0,35,1.17,306,1 cup,160
Brussels Sprouts Cooked From Fresh Made With Butter,Vegetables,56,2.85,6,279,6.85,2.5,1.68,2.48,0,36,1.16,307,1 cup,160
Brussels Sprouts Cooked From Fresh Made With Margarine,Vegetables,50,2.25,0,280,6.87,2.5,1.68,2.46,0.1,35,1.16,307,1 cup,160
Brussels Sprouts Cooked From Frozen Made With Oil,Vegetables,66,3.21,0,256,8.03,4,2.01,3.51,0,25,0.47,280,1 cup,160
Brussels Sprouts Cooked From Frozen Made With Butter,Vegetables,62,2.76,6,275,8.02,4,2.01,3.54,0,26,0.47,280,1 cup,160
Brussels Sprouts Cooked From Frozen Made With Margarine,Vegetables,56,2.15,0,276,8.05,4,2,3.51,0.1,26,0.46,281,1 cup,160
Burdock Cooked Ns As To Fat Added In Cooking,Vegetables,115,3.61,0,301,20.25,1.7,3.4,2,0,47,0.75,345,1 cup,130
Burdock Cooked Fat Not Added In Cooking,Vegetables,87,0.14,0,312,20.98,1.8,3.52,2.07,0,49,0.77,357,1 cup,125
Burdock Cooked Fat Added In Cooking,Vegetables,115,3.61,0,301,20.25,1.7,3.4,2,0,47,0.75,345,1 cup,130
Cabbage Chinese Cooked Ns As To Fat Added In Cooking,Vegetables,35,2.74,0,254,1.72,1,0.8,1.51,0,90,1.01,359,1 cup,175
Cabbage Chinese Cooked Fat Not Added In Cooking,Vegetables,12,0.16,0,260,1.77,1,0.82,1.55,0,93,1.04,369,1 cup,170
Cabbage Chinese Cooked Fat Added In Cooking Ns As To Type Of Fat,Vegetables,35,2.74,0,254,1.72,1,0.8,1.51,0,90,1.01,359,1 cup,175
Cabbage Chinese Cooked Made With Oil,Vegetables,35,2.74,0,254,1.72,1,0.8,1.51,0,90,1.01,359,1 cup,175
Cabbage Chinese Cooked Made With Butter,Vegetables,31,2.34,6,271,1.72,1,0.8,1.53,0,91,1.01,360,1 cup,175
Cabbage Chinese Cooked Made With Margarine,Vegetables,26,1.78,0,272,1.74,1,0.8,1.51,0.1,91,1.01,360,1 cup,175
Cabbage Green Cooked Ns As To Fat Added In Cooking,Vegetables,42,2.26,4,277,5.32,1.8,2.69,1.24,0,47,0.17,190,1 cup,155
Cabbage Green Cooked Fat Not Added In Cooking,Vegetables,23,0.06,0,265,5.47,1.9,2.77,1.26,0,48,0.17,195,1 cup,150
Cabbage Green Cooked Fat Added In Cooking Ns As To Type Of Fat,Vegetables,42,2.26,4,277,5.32,1.8,2.69,1.24,0,47,0.17,190,1 cup,155
Cabbage Green Cooked Made With Oil,Vegetables,48,2.98,0,257,5.31,1.8,2.69,1.23,0,46,0.17,189,1 cup,155
Cabbage Green Cooked Made With Butter,Vegetables,44,2.52,7,276,5.31,1.8,2.69,1.25,0,47,0.17,190,1 cup,155
Cabbage Green Cooked Made With Margarine,Vegetables,38,1.89,0,277,5.33,1.8,2.69,1.23,0.1,47,0.17,190,1 cup,155
Cabbage Red Cooked Ns As To Fat Added In Cooking,Vegetables,47,2.29,4,296,6.7,2.5,3.2,1.47,0,41,0.64,253,1 cup,155
Cabbage Red Cooked Fat Not Added In Cooking,Vegetables,29,0.09,0,284,6.89,2.6,3.3,1.5,0,42,0.66,260,1 cup,150
Cabbage Red Cooked Fat Added In Cooking Ns As To Type Of Fat,Vegetables,47,2.29,4,296,6.7,2.5,3.2,1.47,0,41,0.64,253,1 cup,155
Cabbage Red Cooked Made With Oil,Vegetables,54,3.01,0,276,6.69,2.5,3.2,1.46,0,41,0.64,253,1 cup,155
Cabbage Red Cooked Made With Butter,Vegetables,50,2.55,7,295,6.69,2.5,3.2,1.48,0,41,0.64,253,1 cup,155
Cabbage Red Cooked Made With Margarine,Vegetables,44,1.92,0,296,6.71,2.5,3.2,1.46,0.1,41,0.64,253,1 cup,155
Cabbage Savoy Cooked Ns As To Fat Added In Cooking,Vegetables,48,2.43,4,281,6.13,3.1,2.28,2.03,0.1,34,0.38,209,1 cup,150
Cabbage Savoy Cooked Fat Not Added In Cooking,Vegetables,28,0.1,0,268,6.32,3.2,2.35,2.07,0,35,0.4,214,1 cup,145
Cabbage Savoy Cooked Fat Added In Cooking Ns As To Type Of Fat,Vegetables,48,2.43,4,281,6.13,3.1,2.28,2.03,0.1,34,0.38,209,1 cup,150
Cabbage Savoy Cooked Made With Oil,Vegetables,56,3.31,0,260,6.12,3.1,2.28,2.01,0,34,0.39,208,1 cup,150
Cabbage Savoy Cooked Made With Butter,Vegetables,50,2.7,7,281,6.12,3.1,2.28,2.03,0,34,0.38,209,1 cup,150
Cabbage Savoy Cooked Made With Margarine,Vegetables,44,2.02,0,282,6.15,3.1,2.28,2.01,0.1,34,0.38,209,1 cup,150
Cactus Cooked Ns As To Fat Added In Cooking,Vegetables,34,2.27,4,290,3.17,1.9,1.08,1.32,0,159,0.48,189,1 cup,154
Cactus Cooked Fat Not Added In Cooking,Vegetables,15,0.05,0,278,3.26,2,1.11,1.34,0,163,0.5,194,1 cup,149
Cactus Cooked Fat Added In Cooking Ns As To Type Of Fat,Vegetables,34,2.27,4,290,3.17,1.9,1.08,1.32,0,159,0.48,189,1 cup,154
Cactus Cooked Made With Oil,Vegetables,40,2.99,0,270,3.16,1.9,1.08,1.3,0,158,0.49,188,1 cup,154
Cactus Cooked Made With Butter,Vegetables,36,2.53,7,289,3.16,1.9,1.08,1.33,0,159,0.48,189,1 cup,154
Cactus Cooked Made With Margarine,Vegetables,31,1.89,0,290,3.18,1.9,1.08,1.3,0.1,159,0.48,189,1 cup,154
Cauliflower Cooked Ns As To Form Ns As To Fat Added In Cooking,Vegetables,35,2.06,3,243,3.64,2.6,1.02,1.58,0,17,0.4,135,1 piece,23
Cauliflower Cooked From Fresh Ns As To Fat Added In Cooking,Vegetables,45,3.08,5,337,3.94,2.2,1.99,1.78,0.1,16,0.31,137,1 piece,23
Cauliflower Cooked From Frozen Ns As To Fat Added In Cooking,Vegetables,35,2.06,3,243,3.64,2.6,1.02,1.58,0,17,0.4,135,1 cup,185
Cauliflower Cooked From Canned Ns As To Fat Added In Cooking,Vegetables,35,2.06,3,243,3.64,2.6,1.02,1.58,0,17,0.4,135,1 cup,185
Cauliflower Cooked Ns As To Form Fat Not Added In Cooking,Vegetables,19,0.22,0,232,3.73,2.7,1.04,1.6,0,17,0.41,138,1 piece,22
Cauliflower Cooked From Fresh Fat Not Added In Cooking,Vegetables,23,0.45,0,325,4.08,2.3,2.06,1.82,0,16,0.32,141,1 piece,22
Cauliflower Cooked From Frozen Fat Not Added In Cooking,Vegetables,19,0.22,0,232,3.73,2.7,1.04,1.6,0,17,0.41,138,1 cup,180
Cauliflower Cooked From Canned Fat Not Added In Cooking,Vegetables,19,0.22,0,232,3.73,2.7,1.04,1.6,0,17,0.41,138,1 cup,180
Cauliflower Cooked Ns As To Form Fat Added In Cooking Ns As To Type Of Fat,Vegetables,35,2.06,3,243,3.64,2.6,1.02,1.58,0,17,0.4,135,1 piece,23
Cauliflower Cooked From Fresh Fat Added In Cooking Ns As To Type Of Fat,Vegetables,45,3.08,5,337,3.94,2.2,1.99,1.78,0.1,16,0.31,137,1 piece,23
Cauliflower Cooked From Frozen Fat Added In Cooking Ns As To Type Of Fat,Vegetables,35,2.06,3,243,3.64,2.6,1.02,1.58,0,17,0.4,135,1 cup,185
Cauliflower Cooked From Canned Fat Added In Cooking Ns As To Type Of Fat,Vegetables,45,3.08,5,337,3.94,2.2,1.99,1.78,0.1,16,0.31,137,1 cup,185
Cauliflower Cooked Ns As To Form Made With Oil,Vegetables,40,2.66,0,226,3.64,2.6,1.02,1.56,0,17,0.4,135,1 piece,23
Cauliflower Cooked Ns As To Form Made With Butter,Vegetables,37,2.28,5,242,3.64,2.6,1.02,1.58,0,17,0.4,135,1 piece,23
Cauliflower Cooked Ns As To Form Made With Margarine,Vegetables,32,1.75,0,243,3.66,2.6,1.02,1.56,0.1,17,0.4,135,1 piece,23
Cauliflower Cooked From Fresh Made With Oil,Vegetables,53,3.94,0,314,3.93,2.2,1.99,1.76,0,16,0.32,136,1 piece,23
Cauliflower Cooked From Fresh Made With Butter,Vegetables,48,3.39,8,337,3.93,2.2,1.99,1.79,0,16,0.31,137,1 piece,23
Cauliflower Cooked From Fresh Made With Margarine,Vegetables,42,2.63,0,338,3.96,2.2,1.99,1.76,0.1,16,0.31,137,1 piece,23
Cauliflower Cooked From Frozen Made With Oil,Vegetables,40,2.66,0,226,3.64,2.6,1.02,1.56,0,17,0.4,135,1 cup,180
Cauliflower Cooked From Frozen Made With Butter,Vegetables,37,2.28,5,242,3.64,2.6,1.02,1.58,0,17,0.4,135,1 cup,180
Cauliflower Cooked From Frozen Made With Margarine,Vegetables,32,1.75,0,243,3.66,2.6,1.02,1.56,0.1,17,0.4,135,1 cup,185
Cauliflower Cooked From Canned Made With Oil,Vegetables,40,2.66,0,226,3.64,2.6,1.02,1.56,0,17,0.4,135,1 cup,185
Cauliflower Cooked From Canned Made With Butter,Vegetables,37,2.28,5,242,3.64,2.6,1.02,1.58,0,17,0.4,135,1 cup,185
Cauliflower Cooked From Canned Made With Margarine,Vegetables,32,1.75,0,243,3.66,2.6,1.02,1.56,0.1,17,0.4,135,1 cup,185
Celery Cooked Ns As To Fat Added In Cooking,Vegetables,37,2.36,4,356,3.86,1.5,2.28,0.82,0,41,0.41,274,1 cup diced,155
Celery Cooked Fat Not Added In Cooking,Vegetables,18,0.16,0,347,3.97,1.6,2.35,0.82,0,42,0.42,282,1 cup diced,150
Celery Cooked Fat Added In Cooking Ns As To Type Of Fat,Vegetables,37,2.36,4,356,3.86,1.5,2.28,0.82,0,41,0.41,274,1 cup diced,155
Celery Cooked Made With Oil,Vegetables,43,3.07,0,337,3.86,1.5,2.29,0.8,0,41,0.41,274,1 cup diced,155
Celery Cooked Made With Butter,Vegetables,39,2.62,7,356,3.86,1.5,2.28,0.82,0,41,0.41,274,1 cup diced,155
Celery Cooked Made With Margarine,Vegetables,34,1.99,0,357,3.88,1.5,2.28,0.8,0.1,41,0.41,274,1 cup diced,155
Fennel Bulb Cooked Ns As To Fat Added In Cooking,Vegetables,79,3.86,6,463,11.18,4.7,6.01,1.92,0.1,73,1.06,571,1 fennel bulb,218
Fennel Bulb Cooked Fat Not Added In Cooking,Vegetables,49,0.32,0,445,11.52,4.9,6.2,1.96,0,74,1.1,588,1 fennel bulb,211
Fennel Bulb Cooked Fat Added In Cooking Ns As To Type Of Fat,Vegetables,79,3.86,6,463,11.18,4.7,6.01,1.92,0.1,73,1.06,571,1 fennel bulb,218
Fennel Bulb Cooked Made With Oil,Vegetables,91,5.2,0,431,11.16,4.7,6.01,1.9,0,71,1.07,570,1 fennel bulb,218
Fennel Bulb Cooked Made With Butter,Vegetables,82,4.28,11,463,11.17,4.7,6.01,1.94,0,73,1.06,571,1 fennel bulb,218
Fennel Bulb Cooked Made With Margarine,Vegetables,73,3.23,0,464,11.2,4.7,6.01,1.9,0.2,72,1.06,571,1 fennel bulb,218
Christophine Cooked Ns As To Fat Added In Cooking,Vegetables,42,2.54,4,254,4.92,2.7,1.83,0.62,0,13,0.22,168,1 cup,165
Christophine Cooked Fat Not Added In Cooking,Vegetables,24,0.48,0,242,5.06,2.8,1.88,0.62,0,13,0.22,172,1 cup,160
Christophine Cooked Fat Added In Cooking,Vegetables,42,2.54,4,254,4.92,2.7,1.83,0.62,0,13,0.22,168,1 cup,165
Corn Cooked Ns As To Form Ns As To Color Ns As To Fat Added In Cooking,Vegetables,96,2.67,4,248,18.66,2.3,2.97,2.48,0,4,0.46,226,1 cup,169
Corn Cooked From Frozen Ns As To Color Ns As To Fat Added In Cooking,Vegetables,96,2.67,4,248,18.66,2.3,2.97,2.48,0,4,0.46,226,1 cup,169
Corn Cooked From Canned Ns As To Color Ns As To Fat Added In Cooking,Vegetables,83,3.21,4,309,13.92,1.9,4.31,2.24,0,4,0.26,129,1 cup,169
Corn Cooked From Canned Ns As To Color Fat Not Added In Cooking,Vegetables,67,1.22,0,299,14.3,2,4.43,2.28,0,3,0.27,132,1 cup,164
Corn Cooked Ns As To Form Ns As To Color Fat Added In Cooking Ns As To Type Of Fat,Vegetables,96,2.67,4,248,18.66,2.3,2.97,2.48,0,4,0.46,226,1 cup,169
Corn Cooked From Frozen Ns As To Color Fat Added In Cooking Ns As To Type Of Fat,Vegetables,96,2.67,4,248,18.66,2.3,2.97,2.48,0,4,0.46,226,1 cup,169
Corn Cooked From Canned Ns As To Color Fat Added In Cooking Ns As To Type Of Fat,Vegetables,83,3.21,4,309,13.92,1.9,4.31,2.24,0,4,0.26,129,1 cup,169
Corn Cooked Ns As To Form Ns As To Color Made With Oil,Vegetables,102,3.33,0,230,18.67,2.3,2.97,2.47,0,3,0.46,225,1 cup,169
Corn Cooked Ns As To Form Ns As To Color Made With Butter,Vegetables,98,2.91,6,247,18.65,2.3,2.97,2.49,0,4,0.46,226,1 cup,169
Corn Cooked Ns As To Form Ns As To Color Made With Margarine,Vegetables,93,2.33,0,248,18.67,2.3,2.97,2.47,0.1,4,0.46,226,1 cup,169
Corn Cooked From Fresh Ns As To Color Made With Oil,Vegetables,117,4.13,0,230,20.29,2.3,4.39,3.3,0,3,0.44,211,1 cup,158
Corn Cooked From Frozen Ns As To Color Made With Oil,Vegetables,102,3.33,0,230,18.67,2.3,2.97,2.47,0,3,0.46,225,1 cup,169
Corn Cooked From Frozen Ns As To Color Made With Butter,Vegetables,98,2.91,6,247,18.65,2.3,2.97,2.49,0,4,0.46,226,1 cup,169
Corn Cooked From Frozen Ns As To Color Made With Margarine,Vegetables,93,2.33,0,248,18.67,2.3,2.97,2.47,0.1,4,0.46,226,1 cup,169
Corn Cooked From Canned Ns As To Color Made With Oil,Vegetables,89,3.87,0,291,13.92,1.9,4.31,2.22,0,3,0.27,128,1 cup,169
Corn Cooked From Canned Ns As To Color Made With Butter,Vegetables,85,3.45,6,308,13.91,1.9,4.31,2.24,0,4,0.26,129,1 cup,169
Corn Cooked From Canned Ns As To Color Made With Margarine,Vegetables,80,2.87,0,309,13.93,1.9,4.3,2.22,0.1,4,0.26,129,1 cup,169
Corn Ns As To Form Ns As To Color Cream Style,Vegetables,72,0.42,0,411,18.06,1.2,3.22,1.73,0,3,0.38,134,1 cup,256
Corn From Canned Ns As To Color Cream Style,Vegetables,72,0.42,0,321,18.1,1.2,3.22,1.74,0,3,0.38,134,1 cup,256
Corn Dried Cooked,Vegetables,109,5.46,1,218,15.32,1.6,7.15,2.14,0.2,13,0.22,121,1 oz,28
Corn Yellow Cooked Ns As To Form Ns As To Fat Added In Cooking,Vegetables,96,2.67,4,248,18.66,2.3,2.97,2.48,0,4,0.46,226,1 cup,169
Corn Yellow Cooked From Frozen Ns As To Fat Added In Cooking,Vegetables,96,2.67,4,248,18.66,2.3,2.97,2.48,0,4,0.46,226,1 cup,169
Corn Yellow Cooked From Canned Ns As To Fat Added In Cooking,Vegetables,83,3.21,4,309,13.92,1.9,4.31,2.24,0,4,0.26,129,1 cup,169
Corn Yellow Cooked From Canned Fat Not Added In Cooking,Vegetables,67,1.22,0,299,14.3,2,4.43,2.28,0,3,0.27,132,1 cup,164
Corn Yellow Cooked Ns As To Form Fat Added In Cooking Ns As To Type Of Fat,Vegetables,96,2.67,4,248,18.66,2.3,2.97,2.48,0,4,0.46,226,1 cup,169
Corn Yellow Cooked From Frozen Fat Added In Cooking Ns As To Type Of Fat,Vegetables,96,2.67,4,248,18.66,2.3,2.97,2.48,0,4,0.46,226,1 cup,169
Corn Yellow Cooked From Canned Fat Added In Cooking Ns As To Type Of Fat,Vegetables,83,3.21,4,309,13.92,1.9,4.31,2.24,0,4,0.26,129,1 cup,169
Corn Yellow Cooked Ns As To Form Made With Oil,Vegetables,102,3.33,0,230,18.67,2.3,2.97,2.47,0,3,0.46,225,1 cup,169
Corn Yellow Cooked Ns As To Form Made With Butter,Vegetables,98,2.91,6,247,18.65,2.3,2.97,2.49,0,4,0.46,226,1 cup,169
Corn Yellow Cooked Ns As To Form Made With Margarine,Vegetables,93,2.33,0,248,18.67,2.3,2.97,2.47,0.1,4,0.46,226,1 cup,169
Corn Yellow Cooked From Fresh Made With Oil,Vegetables,117,4.13,0,230,20.29,2.3,4.39,3.3,0,3,0.44,211,1 cup,154
Corn Yellow Cooked From Frozen Made With Oil,Vegetables,102,3.33,0,230,18.67,2.3,2.97,2.47,0,3,0.46,225,1 cup,169
Corn Yellow Cooked From Frozen Made With Butter,Vegetables,98,2.91,6,247,18.65,2.3,2.97,2.49,0,4,0.46,226,1 cup,169
Corn Yellow Cooked From Frozen Made With Margarine,Vegetables,93,2.33,0,248,18.67,2.3,2.97,2.47,0.1,4,0.46,226,1 cup,169
Corn Yellow Cooked From Canned Made With Oil,Vegetables,89,3.87,0,291,13.92,1.9,4.31,2.22,0,3,0.27,128,1 cup,169
Corn Yellow Cooked From Canned Made With Butter,Vegetables,85,3.45,6,308,13.91,1.9,4.31,2.24,0,4,0.26,129,1 cup,169
Corn Yellow Cooked From Canned Made With Margarine,Vegetables,80,2.87,0,309,13.93,1.9,4.3,2.22,0.1,4,0.26,129,1 cup,169
Corn Yellow Ns As To Form Cream Style,Vegetables,72,0.42,0,411,18.06,1.2,3.22,1.73,0,3,0.38,134,1 cup,256
Corn Yellow From Canned Cream Style,Vegetables,72,0.42,0,321,18.1,1.2,3.22,1.74,0,3,0.38,134,1 cup,256
Corn Yellow And White Cooked Ns As To Form Ns As To Fat Added In Cooking,Vegetables,96,2.55,4,250,18.78,2.3,2.99,2.58,0,4,0.4,184,1 cup,169
Corn Yellow And White Cooked From Frozen Ns As To Fat Added In Cooking,Vegetables,96,2.55,4,250,18.78,2.3,2.99,2.58,0,4,0.4,184,1 cup,169
Corn Yellow And White Cooked From Canned Ns As To Fat Added In Cooking,Vegetables,85,3.28,4,299,14.26,2.1,3.33,2.25,0,4,0.27,134,1 cup,169
Corn Yellow And White Cooked From Canned Fat Not Added In Cooking,Vegetables,69,1.29,0,289,14.66,2.1,3.42,2.3,0,3,0.28,137,1 cup,164
Corn Yellow And White Cooked Ns As To Form Made With Oil,Vegetables,102,3.33,0,230,18.67,2.3,2.97,2.47,0,3,0.46,225,1 cup,169
Corn Yellow And White Cooked Ns As To Form Made With Butter,Vegetables,98,2.91,6,247,18.65,2.3,2.97,2.49,0,4,0.46,226,1 cup,169
Corn Yellow And White Cooked Ns As To Form Made With Margarine,Vegetables,93,2.21,0,250,18.79,2.3,2.99,2.56,0.1,4,0.4,184,1 cup,169
Corn Yellow And White Cooked Ns As To Form Fat Added In Cooking Ns As To Type Of Fat,Vegetables,96,2.55,4,250,18.78,2.3,2.99,2.58,0,4,0.4,184,1 cup,169
Corn Yellow And White Cooked From Frozen Fat Added In Cooking Ns As To Type Of Fat,Vegetables,96,2.55,4,250,18.78,2.3,2.99,2.58,0,4,0.4,184,1 cup,169
Corn Yellow And White Cooked From Canned Fat Added In Cooking Ns As To Type Of Fat,Vegetables,85,3.28,4,299,14.26,2.1,3.33,2.25,0,4,0.27,134,1 cup,169
Corn Yellow And White Cooked From Frozen Made With Oil,Vegetables,102,3.21,0,232,18.8,2.3,2.99,2.56,0,4,0.4,184,1 cup,169
Corn Yellow And White Cooked From Frozen Made With Butter,Vegetables,98,2.79,6,249,18.78,2.3,2.99,2.58,0,4,0.4,184,1 cup,169
Corn Yellow And White Cooked From Frozen Made With Margarine,Vegetables,93,2.21,0,250,18.79,2.3,2.99,2.56,0.1,4,0.4,184,1 cup,169
Corn Yellow And White Cooked From Canned Made With Oil,Vegetables,91,3.95,0,281,14.27,2.1,3.33,2.24,0,3,0.27,133,1 cup,169
Corn Yellow And White Cooked From Canned Made With Butter,Vegetables,87,3.52,6,299,14.26,2.1,3.33,2.26,0,4,0.27,134,1 cup,169
Corn Yellow And White Cooked From Canned Made With Margarine,Vegetables,82,2.94,0,300,14.28,2.1,3.32,2.24,0.1,4,0.27,134,1 cup,169
Corn Yellow Ns As To Form Cream Style Fat Added In Cooking,Vegetables,82,1.72,2,415,17.74,1.2,3.16,1.71,0,3,0.37,132,1 cup,261
Corn Yellow From Canned Cream Style Fat Added In Cooking,Vegetables,82,1.73,2,327,17.78,1.2,3.17,1.72,0,3,0.37,132,1 cup,261
Corn White Cooked From Canned Ns As To Fat Added In Cooking,Vegetables,87,3.36,4,289,14.61,2.2,2.35,2.27,0,4,0.27,138,1 cup,169
Corn White Cooked From Canned Fat Not Added In Cooking,Vegetables,71,1.37,0,279,15.02,2.3,2.41,2.31,0,3,0.28,142,1 cup,164
Corn White Cooked From Canned Fat Added In Cooking Ns As To Type Of Fat,Vegetables,87,3.36,4,289,14.61,2.2,2.35,2.27,0,4,0.27,138,1 cup,169
Corn White Cooked Ns As To Form Made With Oil,Vegetables,101,3.1,0,233,18.92,2.3,3.02,2.66,0,4,0.34,142,1 cup,169
Corn White Cooked Ns As To Form Made With Butter,Vegetables,97,2.68,6,251,18.9,2.3,3.02,2.68,0,5,0.34,143,1 cup,169
Corn White Cooked From Frozen Made With Oil,Vegetables,101,3.1,0,233,18.92,2.3,3.02,2.66,0,4,0.34,142,1 cup,169
Corn White Cooked From Frozen Made With Butter,Vegetables,97,2.68,6,251,18.9,2.3,3.02,2.68,0,5,0.34,143,1 cup,169
Corn White Cooked From Canned Made With Oil,Vegetables,93,4.02,0,271,14.62,2.2,2.35,2.25,0,3,0.28,138,1 cup,169
Corn White Cooked From Canned Made With Butter,Vegetables,89,3.6,6,289,14.6,2.2,2.35,2.27,0,4,0.27,138,1 cup,169
Corn White Cooked From Canned Made With Margarine,Vegetables,84,3.02,0,290,14.62,2.2,2.35,2.25,0.1,4,0.27,139,1 cup,169
Corn White Ns As To Form Cream Style,Vegetables,74,0.42,0,411,18.55,1.2,6.07,1.73,0,4,0.31,119,1 cup,256
Corn White From Canned Cream Style,Vegetables,74,0.42,0,321,18.59,1.2,6.08,1.74,0,4,0.31,119,1 cup,256
Corn Yellow Canned Low Sodium Ns As To Fat Added In Cooking,Vegetables,113,4.01,5,43,19.84,2.4,5.94,2.81,0.1,7,0.52,196,1 cup,169
Corn Yellow Canned Low Sodium Fat Added In Cooking Ns As To Type Of Fat,Vegetables,113,4.01,5,43,19.84,2.4,5.94,2.81,0.1,7,0.52,196,1 cup,169
Corn Yellow Canned Low Sodium Made With Oil,Vegetables,121,4.95,0,17,19.85,2.4,5.94,2.79,0,6,0.52,195,1 cup,169
Corn Yellow Canned Low Sodium Made With Butter,Vegetables,116,4.35,9,43,19.83,2.4,5.94,2.82,0,7,0.52,196,1 cup,169
Corn Yellow Canned Low Sodium Made With Margarine,Vegetables,109,3.52,0,44,19.86,2.4,5.94,2.8,0.2,7,0.52,196,1 cup,169
Cucumber Cooked Ns As To Fat Added In Cooking,Vegetables,42,2.89,5,304,4.33,0.6,1.99,0.8,0.1,19,0.32,158,1 cup,185
Cucumber Cooked Fat Not Added In Cooking,Vegetables,18,0.14,0,288,4.46,0.6,2.05,0.8,0,19,0.33,162,1 cup,180
Cucumber Cooked Fat Added In Cooking Ns As To Type Of Fat,Vegetables,42,2.89,5,304,4.33,0.6,1.99,0.8,0.1,19,0.32,158,1 cup,185
Cucumber Cooked Made With Oil,Vegetables,52,3.94,0,279,4.32,0.6,1.99,0.77,0,18,0.32,157,1 cup,185
Cucumber Cooked Made With Butter,Vegetables,45,3.22,8,303,4.32,0.6,1.99,0.8,0,19,0.32,158,1 cup,185
Cucumber Cooked Made With Margarine,Vegetables,38,2.41,0,305,4.35,0.6,1.99,0.78,0.1,19,0.32,159,1 cup,185
Eggplant Cooked Ns As To Fat Added In Cooking,Vegetables,63,3.59,6,412,8.26,2.4,3.02,0.81,0.1,7,0.24,117,1 eggplant nfs,566
Eggplant Cooked Fat Not Added In Cooking,Vegetables,35,0.23,0,401,8.64,2.5,3.17,0.82,0,6,0.25,122,1 eggplant nfs,538
Eggplant Cooked Fat Added In Cooking Ns As To Type Of Fat,Vegetables,63,3.59,6,412,8.26,2.4,3.02,0.81,0.1,7,0.24,117,1 eggplant nfs,566
Eggplant Cooked Made With Oil,Vegetables,73,4.69,0,383,8.25,2.4,3.02,0.78,0,6,0.25,116,1 eggplant nfs,566
Eggplant Cooked Made With Butter,Vegetables,66,3.99,10,412,8.24,2.4,3.02,0.82,0,7,0.24,117,1 eggplant nfs,566
Eggplant Cooked Made With Margarine,Vegetables,58,3.02,0,413,8.28,2.4,3.02,0.79,0.2,7,0.24,118,1 eggplant nfs,566
Flowers Or Blossoms Of Sesbania Squash Or Lily Ns As To Fat Added In Cooking,Vegetables,36,2.53,4,305,3.18,0.9,2.3,1.06,0.1,36,0.85,103,1 cup,109
Flowers Or Blossoms Of Sesbania Squash Or Lily Fat Not Added In Cooking,Vegetables,15,0.08,0,293,3.28,0.9,2.38,1.08,0,37,0.88,105,1 cup,104
Flowers Or Blossoms Of Sesbania Squash Or Lily Fat Added In Cooking,Vegetables,36,2.53,4,305,3.18,0.9,2.3,1.06,0.1,36,0.85,103,1 cup,109
Garlic Cooked,Soups and Sauces,148,0.5,0,248,32.86,2.1,0.99,6.32,0,180,1.69,399,1 clove,2
Hominy Cooked Ns As To Fat Added In Cooking,Breakfast Cereals,87,2.86,4,579,13.79,2.4,1.76,1.45,0,10,0.6,9,1 cup,170
Hominy Cooked Fat Not Added In Cooking,Breakfast Cereals,72,0.88,0,576,14.17,2.5,1.81,1.47,0,10,0.62,9,1 cup,165
Hominy Cooked Fat Added In Cooking,Breakfast Cereals,87,2.86,4,579,13.79,2.4,1.76,1.45,0,10,0.6,9,1 cup,170
Kohlrabi Cooked Ns As To Fat Added In Cooking,Vegetables,46,2.12,4,266,6.48,1.1,2.71,1.76,0,25,0.39,329,1 cup,170
Kohlrabi Cooked Fat Not Added In Cooking,Vegetables,29,0.11,0,254,6.65,1.1,2.78,1.79,0,25,0.4,338,1 cup,165
Kohlrabi Cooked Fat Added In Cooking,Vegetables,46,2.12,4,266,6.48,1.1,2.71,1.76,0,25,0.39,329,1 cup,170
Leek Cooked Ns As To Fat Added In Cooking,Vegetables,83,2.66,4,276,14.36,1.8,3.96,1.54,0.1,58,2.03,165,"1 leek (about 6-3/4"" long 1"" dia)",84
Lotus Root Cooked Ns As To Fat Added In Cooking,Vegetables,95,3.68,0,352,15.31,3,0.48,1.51,0,25,0.87,347,1 cup,125
Lotus Root Cooked Fat Not Added In Cooking,Vegetables,65,0.07,0,365,15.89,3.1,0.5,1.57,0,26,0.9,360,1 cup,120
Lotus Root Cooked Fat Added In Cooking,Vegetables,122,6.99,0,633,14.66,2.8,0.46,1.45,0,24,0.84,332,1 cup,125
Mushrooms Cooked Ns As To Form Ns As To Fat Added In Cooking,Vegetables,46,2.58,4,261,5.11,2.1,2.26,2.11,0.2,7,1.68,344,1 piece,4
Mushrooms Cooked From Fresh Ns As To Fat Added In Cooking,Vegetables,46,2.58,4,261,5.11,2.1,2.26,2.11,0.2,7,1.68,344,1 piece,4
Mushrooms Cooked From Frozen Ns As To Fat Added In Cooking,Vegetables,46,2.58,4,261,5.11,2.1,2.26,2.11,0.2,7,1.68,344,1 piece,4
Mushrooms Cooked From Canned Ns As To Fat Added In Cooking,Vegetables,49,3.09,0,650,4.92,2.3,2.26,1.81,0.2,11,0.77,125,1 piece,4
Mushrooms Cooked Ns As To Form Fat Not Added In Cooking,Vegetables,28,0.47,0,249,5.26,2.2,2.33,2.16,0.2,6,1.73,354,1 piece,4
Mushrooms Cooked From Fresh Fat Not Added In Cooking,Vegetables,28,0.47,0,249,5.26,2.2,2.33,2.16,0.2,6,1.73,354,1 piece,4
Mushrooms Cooked From Frozen Fat Not Added In Cooking,Vegetables,28,0.47,0,249,5.26,2.2,2.33,2.16,0.2,6,1.73,354,1 piece,4
Mushrooms Cooked From Canned Fat Not Added In Cooking,Vegetables,25,0.29,0,669,5.06,2.4,2.33,1.86,0.2,11,0.79,128,1 piece,4
Mushrooms Cooked Ns As To Form Fat Added In Cooking Ns Asa To Type Of Fat,Vegetables,46,2.58,4,261,5.11,2.1,2.26,2.11,0.2,7,1.68,344,1 piece,4
Mushrooms Cooked From Fresh Fat Added In Cooking Ns As To Type Of Fat,Vegetables,46,2.58,4,261,5.11,2.1,2.26,2.11,0.2,7,1.68,344,1 piece,4
Mushrooms Cooked From Frozen Fat Added In Cooking Ns As To Type Of Fat,Vegetables,46,2.58,4,261,5.11,2.1,2.26,2.11,0.2,7,1.68,344,1 piece,4
Mushrooms Cooked From Canned Fat Added In Cooking Ns As To Type Of Fat,Vegetables,49,3.09,0,650,4.92,2.3,2.26,1.81,0.2,11,0.77,125,1 piece,4
Mushrooms Cooked Ns As To Form Made With Oil,Vegetables,52,3.27,0,242,5.11,2.1,2.26,2.1,0.2,6,1.69,344,1 piece,4
Mushrooms Cooked Ns As To Form Made With Butter,Vegetables,48,2.82,6,260,5.1,2.1,2.26,2.12,0.2,7,1.68,344,1 piece,4
Mushrooms Cooked Ns As To Form Made With Margarine,Vegetables,43,2.22,0,261,5.13,2.1,2.26,2.1,0.3,7,1.68,344,1 piece,4
Mushrooms Cooked From Fresh Made With Oil,Vegetables,52,3.27,0,242,5.11,2.1,2.26,2.1,0.2,6,1.69,344,1 piece,4
Mushrooms Cooked From Fresh Made With Butter,Vegetables,48,2.82,6,260,5.1,2.1,2.26,2.12,0.2,7,1.68,344,1 piece,4
Mushrooms Cooked From Fresh Made With Margarine,Vegetables,43,2.22,0,261,5.13,2.1,2.26,2.1,0.3,7,1.68,344,1 piece,4
Mushrooms Cooked From Frozen Made With Oil,Vegetables,52,3.27,0,242,5.11,2.1,2.26,2.1,0.2,6,1.69,344,1 piece,4
Mushrooms Cooked From Frozen Made With Butter,Vegetables,48,2.82,6,260,5.1,2.1,2.26,2.12,0.2,7,1.68,344,1 piece,4
Mushrooms Cooked From Frozen Made With Margarine,Vegetables,43,2.22,0,261,5.13,2.1,2.26,2.1,0.3,7,1.68,344,1 piece,4
Mushrooms Cooked From Canned Made With Oil,Vegetables,49,3.09,0,650,4.92,2.3,2.26,1.81,0.2,11,0.77,125,1 piece,4
Mushrooms Cooked From Canned Made With Butter,Vegetables,45,2.65,6,668,4.91,2.3,2.26,1.83,0.2,11,0.76,125,1 piece,4
Mushrooms Cooked From Canned Made With Margarine,Vegetables,40,2.04,0,669,4.93,2.3,2.26,1.81,0.3,11,0.76,125,1 piece,4
Mushroom Asian Cooked From Dried,Vegetables,56,0.22,0,269,14.29,2.1,3.81,1.55,0.7,3,0.44,116,1 cup,145
Okra Cooked Ns As To Form Ns As To Fat Added In Cooking,Vegetables,44,2.04,3,224,6.23,2,2.78,1.6,0,72,0.51,179,1 cup,189
Okra Cooked From Fresh Ns As To Fat Added In Cooking,Vegetables,40,2.27,4,258,4.36,2.4,2.32,1.82,0,75,0.27,131,1 cup,165
Okra Cooked From Frozen Ns As To Fat Added In Cooking,Vegetables,44,2.04,3,224,6.23,2,2.78,1.6,0,72,0.51,179,1 cup,189
Okra Cooked From Canned Ns As To Fat Added In Cooking,Vegetables,40,2.27,4,258,4.36,2.4,2.32,1.82,0,75,0.27,131,1 cup,172
Okra Cooked Ns As To Form Fat Not Added In Cooking,Vegetables,29,0.24,0,212,6.38,2.1,2.85,1.62,0,74,0.52,183,1 cup,184
Okra Cooked From Fresh Fat Not Added In Cooking,Vegetables,22,0.21,0,247,4.48,2.5,2.38,1.86,0,77,0.28,134,1 cup,160
Okra Cooked From Frozen Fat Not Added In Cooking,Vegetables,29,0.24,0,212,6.38,2.1,2.85,1.62,0,74,0.52,183,1 cup,184
Okra Cooked From Canned Fat Not Added In Cooking,Vegetables,22,0.21,0,247,4.48,2.5,2.38,1.86,0,77,0.28,134,1 cup,167
Okra Cooked Ns As To Form Fat Added In Cooking Ns As To Type Of Fat,Vegetables,44,2.04,3,224,6.23,2,2.78,1.6,0,72,0.51,179,1 cup,189
Okra Cooked From Fresh Fat Added In Cooking Ns As To Type Of Fat,Vegetables,40,2.27,4,258,4.36,2.4,2.32,1.82,0,75,0.27,131,1 cup,165
Okra Cooked From Frozen Fat Added In Cooking Ns As To Type Of Fat,Vegetables,44,2.04,3,224,6.23,2,2.78,1.6,0,72,0.51,179,1 cup,189
Okra Cooked From Canned Fat Added In Cooking Ns As To Type Of Fat,Vegetables,40,2.27,4,258,4.36,2.4,2.32,1.82,0,75,0.27,131,1 cup,172
Okra Cooked Ns As To Form Made With Oil,Vegetables,49,2.63,0,207,6.22,2,2.79,1.58,0,72,0.51,179,1 cup,189
Okra Cooked Ns As To Form Made With Butter,Vegetables,46,2.25,5,223,6.22,2,2.78,1.6,0,72,0.51,179,1 cup,189
Okra Cooked Ns As To Form Made With Margarine,Vegetables,42,1.74,0,224,6.24,2,2.78,1.58,0.1,72,0.51,179,1 cup,189
Okra Cooked From Fresh Made With Oil,Vegetables,46,2.95,0,240,4.36,2.4,2.32,1.81,0,75,0.28,131,1 cup,165
Okra Cooked From Fresh Made With Butter,Vegetables,42,2.52,6,258,4.36,2.4,2.32,1.83,0,75,0.27,131,1 cup,165
Okra Cooked From Fresh Made With Margarine,Vegetables,37,1.92,0,259,4.38,2.4,2.32,1.81,0.1,75,0.27,131,1 cup,165
Okra Cooked From Frozen Made With Oil,Vegetables,49,2.63,0,207,6.22,2,2.79,1.58,0,72,0.51,179,1 cup,189
Okra Cooked From Frozen Made With Butter,Vegetables,46,2.25,5,223,6.22,2,2.78,1.6,0,72,0.51,179,1 cup,189
Okra Cooked From Frozen Made With Margarine,Vegetables,42,1.74,0,224,6.24,2,2.78,1.58,0.1,72,0.51,179,1 cup,189
Okra Cooked From Canned Made With Oil,Vegetables,46,2.95,0,240,4.36,2.4,2.32,1.81,0,75,0.28,131,1 cup,172
Okra Cooked From Canned Made With Butter,Vegetables,42,2.52,6,258,4.36,2.4,2.32,1.83,0,75,0.27,131,1 cup,172
Okra Cooked From Canned Made With Margarine,Vegetables,37,1.92,0,259,4.38,2.4,2.32,1.81,0.1,75,0.27,131,1 cup,172
Lettuce Cooked Ns As To Fat Added In Cooking,Vegetables,50,3.54,6,379,4.29,1.7,2.83,1.32,0.1,27,0.59,204,1 cup,86
Lettuce Cooked Fat Not Added In Cooking,Vegetables,14,0.14,0,241,2.95,1.2,1.96,0.9,0,18,0.41,140,1 cup,81
Lettuce Cooked Fat Added In Cooking,Vegetables,50,3.54,6,379,4.29,1.7,2.83,1.32,0.1,27,0.59,204,1 cup,86
Luffa Cooked Ns As To Fat Added In Cooking,Vegetables,46,2.95,0,240,4.36,2.4,2.32,1.81,0,75,0.28,131,1 cup,183
Luffa Cooked Fat Not Added In Cooking,Vegetables,22,0.21,0,247,4.48,2.5,2.38,1.86,0,77,0.28,134,1 cup,178
Luffa Cooked Fat Added In Cooking,Vegetables,46,2.95,0,240,4.36,2.4,2.32,1.81,0,75,0.28,131,1 cup,183
Onions Cooked Ns As To Form Ns As To Fat Added In Cooking,Vegetables,40,1.5,2,182,6.44,1.8,2.83,0.76,0,16,0.3,106,1 cup,215
Onions Cooked From Fresh Ns As To Fat Added In Cooking,Vegetables,57,1.78,3,197,9.89,1.4,4.61,1.34,0,22,0.24,162,1 cup,215
Onions Cooked From Frozen Ns As To Fat Added In Cooking,Vegetables,40,1.5,2,182,6.44,1.8,2.83,0.76,0,16,0.3,106,1 cup,215
Onions Cooked Ns As To Form Fat Not Added In Cooking,Vegetables,28,0.1,0,173,6.56,1.8,2.89,0.77,0,16,0.3,108,1 cup,210
Onions Cooked From Fresh Fat Not Added In Cooking,Vegetables,44,0.19,0,187,10.1,1.4,4.71,1.35,0,22,0.24,165,1 cup,210
Onions Cooked From Frozen Fat Not Added In Cooking,Vegetables,28,0.1,0,93,6.58,1.8,2.89,0.77,0,16,0.3,108,1 cup,210
Onions Cooked Ns As To Form Made With Oil,Vegetables,44,1.95,0,170,6.44,1.8,2.84,0.75,0,16,0.3,106,1 cup,215
Onions Cooked Ns As To Form Made With Butter,Vegetables,41,1.66,4,182,6.44,1.8,2.83,0.77,0,16,0.3,106,1 cup,215
Onions Cooked Ns As To Form Made With Margarine,Vegetables,38,1.26,0,183,6.45,1.8,2.83,0.76,0.1,16,0.29,106,1 cup,215
Onions Cooked From Fresh Made With Oil,Vegetables,62,2.29,0,183,9.89,1.4,4.61,1.32,0,22,0.24,162,1 cup,210
Onions Cooked From Fresh Made With Butter,Vegetables,59,1.96,5,197,9.88,1.4,4.61,1.34,0,22,0.24,162,1 cup,210
Onions Cooked From Fresh Made With Margarine,Vegetables,55,1.51,0,197,9.9,1.4,4.6,1.33,0.1,22,0.24,162,1 cup,210
Onions Cooked Ns As To Form Fat Added In Cooking Ns As To Type Of Fat,Vegetables,40,1.5,2,182,6.44,1.8,2.83,0.76,0,16,0.3,106,1 cup,215
Onions Cooked From Fresh Fat Added In Cooking Ns As To Type Of Fat,Vegetables,57,1.78,3,197,9.89,1.4,4.61,1.34,0,22,0.24,162,1 cup,215
Onions Cooked From Frozen Fat Added In Cooking Ns As To Type Of Fat,Vegetables,40,1.5,2,182,6.44,1.8,2.83,0.76,0,16,0.3,106,1 cup,215
Onions Cooked From Frozen Made With Oil,Vegetables,46,2.2,0,192,6.42,1.8,2.82,0.75,0,16,0.3,105,1 cup,215
Onions Cooked From Frozen Made With Butter,Vegetables,43,1.88,5,205,6.42,1.8,2.82,0.77,0,16,0.29,106,1 cup,215
Onions Cooked From Frozen Made With Margarine,Vegetables,39,1.42,0,206,6.43,1.8,2.82,0.75,0.1,16,0.29,106,1 cup,215
Onions Pearl Cooked Ns As To Form,Vegetables,28,0.05,0,192,6.67,1.4,2.89,0.71,0,27,0.34,101,1 cup,185
Onions Pearl Cooked From Fresh,Vegetables,44,0.19,0,187,10.1,1.4,4.71,1.35,0,22,0.24,165,1 cup,185
Onions Pearl Cooked From Frozen,Vegetables,28,0.05,0,192,6.67,1.4,2.89,0.71,0,27,0.34,101,1 cup,185
Onions Pearl Cooked From Canned,Vegetables,44,0.19,0,187,10.1,1.4,4.71,1.35,0,22,0.24,165,1 cup,185
Onions Green Cooked Ns As To Form Ns As To Fat Added In Cooking,Vegetables,53,2.55,4,273,7.46,2.6,2.36,1.88,0.1,70,1.43,253,1 cup,224
Onions Green Cooked From Fresh Ns As To Fat Added In Cooking,Vegetables,53,2.55,4,273,7.46,2.6,2.36,1.88,0.1,70,1.43,253,1 cup,224
Onions Green Cooked Ns As To Form Fat Not Added In Cooking,Vegetables,33,0.2,0,259,7.68,2.7,2.44,1.92,0,72,1.47,260,1 cup,219
Onions Green Cooked From Fresh Fat Not Added In Cooking,Vegetables,33,0.2,0,420,7.65,2.7,2.43,1.91,0,72,1.47,259,1 cup,219
Onions Green Cooked Ns As To Form Fat Added In Cooking,Vegetables,53,2.55,4,273,7.46,2.6,2.36,1.88,0.1,70,1.43,253,1 cup,224
Onions Green Cooked From Fresh Fat Added In Cooking,Vegetables,50,2.13,0,272,7.47,2.6,2.36,1.86,0.1,70,1.43,253,1 cup,224
Palm Hearts Cooked Assume Fat Not Added In Cooking,Vegetables,114,0.2,0,245,25.46,1.5,17.06,2.68,0,18,1.68,1795,1 cup,146
Parsnips Cooked Ns As To Fat Added In Cooking,Vegetables,87,2.41,4,269,16.42,3.5,4.63,1.29,0,37,0.56,355,1 cup pieces,161
Parsnips Cooked Fat Not Added In Cooking,Vegetables,71,0.3,0,257,16.9,3.6,4.77,1.31,0,37,0.58,365,1 cup pieces,156
Parsnips Cooked Fat Added In Cooking Ns As To Type Of Fat,Vegetables,87,2.41,4,269,16.42,3.5,4.63,1.29,0,37,0.56,355,1 cup pieces,161
Parsnips Cooked Made With Oil,Vegetables,93,3.1,0,250,16.43,3.5,4.64,1.27,0,36,0.57,354,1 cup pieces,161
Parsnips Cooked Made With Butter,Vegetables,89,2.66,6,268,16.41,3.5,4.63,1.3,0,37,0.56,355,1 cup pieces,161
Parsnips Cooked Made With Margarine,Vegetables,84,2.05,0,269,16.43,3.5,4.63,1.28,0.1,36,0.56,355,1 cup pieces,161
Peas Cowpeas Field Peas Or Blackeye Peas Not Dried Cooked Ns As To Form Ns As To Fat Added In Cooking,Vegetables,145,2.59,3,243,23,6.2,4.32,8.23,0,23,2.05,364,1 cup,175
Peas Cowpeas Field Peas Or Blackeye Peas Not Dried Cooked From Fresh Ns As To Fat Added In Cooking,Vegetables,145,2.59,3,243,23,6.2,4.32,8.23,0,23,2.05,364,1 cup,170
Peas Cowpeas Field Peas Or Blackeye Peas Not Dried Cooked From Frozen Ns As To Fat Added In Cooking,Vegetables,145,2.59,3,243,23,6.2,4.32,8.23,0,23,2.05,364,1 cup,175
Peas Cowpeas Field Peas Or Blackeye Peas Not Dried Cooked From Canned Ns As To Fat Added In Cooking,Vegetables,144,2.58,3,385,22.91,6.2,4.3,8.2,0,23,2.05,362,1 cup,185
Peas Cowpeas Field Peas Or Blackeye Peas Not Dried Cooked Ns As To Form Fat Not Added In Cooking,Vegetables,131,0.66,0,232,23.62,6.4,4.43,8.44,0,23,2.11,373,1 cup,170
Peas Cowpeas Field Peas Or Blackeye Peas Not Dried Cooked From Fresh Fat Not Added In Cooking,Vegetables,96,0.38,0,237,20.2,5,3.21,3.15,0,127,1.12,416,1 cup,165
Peas Cowpeas Field Peas Or Blackeye Peas Not Dried Cooked From Frozen Fat Not Added In Cooking,Vegetables,131,0.66,0,232,23.62,6.4,4.43,8.44,0,23,2.11,373,1 cup,170
Peas Cowpeas Field Peas Or Blackeye Peas Not Dried Cooked From Canned Fat Not Added In Cooking,Vegetables,131,0.65,0,378,23.53,6.3,4.42,8.41,0,23,2.1,371,1 cup,180
Peas Cowpeas Field Peas Or Blackeye Peas Not Dried Cooked Ns As To Form Fat Added In Cooking Ns As To Type Of Fat,Vegetables,145,2.59,3,243,23,6.2,4.32,8.23,0,23,2.05,364,1 cup,175
Peas Cowpeas Field Peas Or Blackeye Peas Not Dried Cooked From Fresh Fat Added In Cooking Ns As To Type Of Fat,Vegetables,112,2.38,4,249,19.65,4.8,3.12,3.08,0,124,1.08,405,1 cup,170
Peas Cowpeas Field Peas Or Blackeye Peas Not Dried Cooked From Frozen Fat Added In Cooking Ns As To Type Of Fat,Vegetables,145,2.59,3,243,23,6.2,4.32,8.23,0,23,2.05,364,1 cup,175
Peas Cowpeas Field Peas Or Blackeye Peas Not Dried Cooked From Canned Fat Added In Cooking Ns As To Type Of Fat,Vegetables,144,2.58,3,385,22.91,6.2,4.3,8.2,0,23,2.05,362,1 cup,185
Peas Cowpeas Field Peas Or Blackeye Peas Not Dried Cooked Ns As To Form Made With Oil,Vegetables,151,3.23,0,226,23.01,6.2,4.32,8.22,0,22,2.06,363,1 cup,175
Peas Cowpeas Field Peas Or Blackeye Peas Not Dried Cooked Ns As To Form Made With Butter,Vegetables,147,2.82,6,243,22.99,6.2,4.32,8.24,0,23,2.05,363,1 cup,175
Peas Cowpeas Field Peas Or Blackeye Peas Not Dried Cooked Ns As To Form Made With Margarine,Vegetables,142,2.26,0,244,23,6.2,4.31,8.22,0.1,23,2.05,364,1 cup,175
Peas Cowpeas Field Peas Or Blackeye Peas Not Dried Cooked From Fresh Made With Oil,Vegetables,117,3.03,0,231,19.66,4.8,3.12,3.07,0,124,1.09,404,1 cup,170
Peas Cowpeas Field Peas Or Blackeye Peas Not Dried Cooked From Fresh Made With Butter,Vegetables,114,2.61,6,249,19.64,4.8,3.12,3.09,0,125,1.08,405,1 cup,170
Peas Cowpeas Field Peas Or Blackeye Peas Not Dried Cooked From Fresh Made With Margarine,Vegetables,109,2.04,0,250,19.66,4.8,3.12,3.07,0.1,124,1.08,405,1 cup,170
Peas Cowpeas Field Peas Or Blackeye Peas Not Dried Cooked From Frozen Made With Oil,Vegetables,151,3.23,0,226,23.01,6.2,4.32,8.22,0,22,2.06,363,1 cup,175
Peas Cowpeas Field Peas Or Blackeye Peas Not Dried Cooked From Frozen Made With Butter,Vegetables,147,2.82,6,243,22.99,6.2,4.32,8.24,0,23,2.05,363,1 cup,175
Peas Cowpeas Field Peas Or Blackeye Peas Not Dried Cooked From Frozen Made With Margarine,Vegetables,133,0.93,0,234,23.52,6.3,4.41,8.4,0,23,2.1,371,1 cup,175
Peas Cowpeas Field Peas Or Blackeye Peas Not Dried Cooked From Canned Made With Oil,Vegetables,150,3.22,0,368,22.92,6.2,4.3,8.19,0,22,2.05,362,1 cup,185
Peas Cowpeas Field Peas Or Blackeye Peas Not Dried Cooked From Canned Made With Butter,Vegetables,146,2.81,6,385,22.9,6.2,4.3,8.21,0,23,2.05,362,1 cup,185
Peas Cowpeas Field Peas Or Blackeye Peas Not Dried Cooked From Canned Made With Margarine,Vegetables,142,2.25,0,386,22.92,6.2,4.3,8.19,0.1,23,2.05,362,1 cup,185
Peas Green Cooked Ns As To Form Ns As To Fat Added In Cooking,Vegetables,94,2.33,4,322,13.78,4.3,4.25,4.99,0,24,1.47,107,1 cup ns as to from fresh frozen or canned,165
Peas Green Cooked From Fresh Ns As To Fat Added In Cooking,Vegetables,99,2.28,4,256,15.1,5.3,5.73,5.19,0,27,1.49,262,1 cup,165
Peas Green Cooked From Frozen Ns As To Fat Added In Cooking,Vegetables,94,2.33,4,322,13.78,4.3,4.25,4.99,0,24,1.47,107,1 cup,165
Peas Green Cooked From Canned Ns As To Fat Added In Cooking,Vegetables,83,2.74,3,371,11.04,4.8,2.9,4.36,0,23,1.15,104,1 cup,175
Peas Green Cooked Ns As To Form Fat Not Added In Cooking,Vegetables,78,0.27,0,312,14.17,4.5,4.37,5.12,0,24,1.51,109,1 cup ns as to from fresh frozen or canned,160
Peas Green Cooked From Fresh Fat Not Added In Cooking,Vegetables,83,0.22,0,244,15.53,5.5,5.89,5.33,0,27,1.53,269,1 cup,160
Peas Green Cooked From Frozen Fat Not Added In Cooking,Vegetables,78,0.27,0,312,14.17,4.5,4.37,5.12,0,24,1.51,109,1 cup,160
Peas Green Cooked From Canned Fat Not Added In Cooking,Vegetables,68,0.8,0,363,11.33,4.9,2.98,4.46,0,23,1.18,106,1 cup,170
Peas Green Cooked Ns As To Form Fat Added In Cooking Ns As To Type Of Fat,Vegetables,94,2.33,4,313,13.78,4.3,4.25,4.99,0,24,1.47,107,1 cup ns as to from fresh frozen or canned,165
Peas Green Cooked From Fresh Fat Added In Cooking Ns As To Type Of Fat,Vegetables,99,2.28,4,256,15.1,5.3,5.73,5.19,0,27,1.49,262,1 cup,165
Peas Green Cooked From Frozen Fat Added In Cooking Ns As To Type Of Fat,Vegetables,94,2.33,4,322,13.78,4.3,4.25,4.99,0,24,1.47,107,1 cup,165
Peas Green Cooked From Canned Fat Added In Cooking Ns As To Type Of Fat,Vegetables,83,2.74,3,371,11.04,4.8,2.9,4.36,0,23,1.15,104,1 cup,175
Peas Green Cooked Ns As To Form Made With Oil,Vegetables,100,3,0,304,13.78,4.3,4.25,4.98,0,23,1.48,106,1 cup ns as to from fresh frozen or canned,165
Peas Green Cooked Ns As To Form Made With Butter,Vegetables,96,2.58,6,322,13.77,4.3,4.25,5,0,24,1.47,107,1 cup ns as to from fresh frozen or canned,165
Peas Green Cooked Ns As To Form Made With Margarine,Vegetables,91,1.98,0,323,13.79,4.3,4.25,4.98,0.1,24,1.47,107,1 cup ns as to from fresh frozen or canned,165
Peas Green Cooked From Fresh Made With Oil,Vegetables,105,2.96,0,237,15.11,5.3,5.73,5.18,0,26,1.5,262,1 cup,165
Peas Green Cooked From Fresh Made With Butter,Vegetables,102,2.53,6,255,15.09,5.3,5.73,5.2,0,27,1.49,262,1 cup,165
Peas Green Cooked From Fresh Made With Margarine,Vegetables,96,1.93,0,256,15.11,5.3,5.72,5.18,0.1,27,1.49,262,1 cup,165
Peas Green Cooked From Frozen Made With Oil,Vegetables,100,3,0,304,13.78,4.3,4.25,4.98,0,23,1.48,106,1 cup,165
Peas Green Cooked From Frozen Made With Butter,Vegetables,96,2.58,6,322,13.77,4.3,4.25,5,0,24,1.47,107,1 cup,165
Peas Green Cooked From Frozen Made With Margarine,Vegetables,91,1.98,0,323,13.79,4.3,4.25,4.98,0.1,24,1.47,107,1 cup,165
Peas Green Cooked From Canned Made With Oil,Vegetables,89,3.37,0,354,11.04,4.8,2.91,4.34,0,22,1.15,103,1 cup,175
Peas Green Cooked From Canned Made With Butter,Vegetables,85,2.97,6,371,11.03,4.8,2.9,4.36,0,23,1.15,104,1 cup,175
Peas Green Cooked From Canned Made With Margarine,Vegetables,81,2.4,0,372,11.05,4.8,2.9,4.34,0.1,23,1.15,104,1 cup,175
Peas Green Canned Low Sodium Ns As To Fat Added In Cooking,Vegetables,100,2.58,4,33,14.96,5.1,4.91,4.91,0,28,1.56,154,1 cup,175
Peas Green Canned Low Sodium Fat Not Added In Cooking,Vegetables,83,0.47,0,14,15.23,5.2,5,4.98,0,28,1.59,156,1 cup,170
Peas Green Canned Low Sodium Fat Added In Cooking Ns As To Type Of Fat,Vegetables,100,2.58,4,33,14.96,5.1,4.91,4.91,0,28,1.56,154,1 cup,175
Peas Green Canned Low Sodium Made With Oil,Vegetables,106,3.27,0,14,14.96,5.1,4.91,4.89,0,28,1.57,153,1 cup,175
Peas Green Canned Low Sodium Made With Butter,Vegetables,102,2.83,6,33,14.95,5.1,4.91,4.92,0,28,1.56,154,1 cup,175
Peas Green Canned Low Sodium Made With Margarine,Vegetables,97,2.22,0,34,14.97,5.1,4.91,4.89,0.1,28,1.56,154,1 cup,175
Pigeon Peas Cooked Ns As To Form Fat Not Added In Cooking,Vegetables,110,1.35,0,257,19.36,4.2,2.46,5.92,0,41,1.56,453,1 cup,153
Pigeon Peas Cooked From Fresh Fat Not Added In Cooking,Vegetables,110,1.35,0,257,19.36,4.2,2.46,5.92,0,41,1.56,453,1 cup,153
Pigeon Peas Cooked From Canned Fat Not Added In Cooking,Vegetables,110,1.35,0,257,19.36,4.2,2.46,5.92,0,41,1.56,453,1 cup,153
Pigeon Peas Cooked Ns As To Form Ns As To Fat Added In Cooking,Vegetables,126,3.47,4,269,18.8,4,2.39,5.76,0,40,1.52,440,1 cup,158
Pigeon Peas Cooked Ns As To Form Fat Added In Cooking,Vegetables,126,3.47,4,269,18.8,4,2.39,5.76,0,40,1.52,440,1 cup,158
Pigeon Peas Cooked From Fresh Ns As To Fat Added In Cooking,Vegetables,126,3.47,4,269,18.8,4,2.39,5.76,0,40,1.52,440,1 cup,158
Pigeon Peas Cooked From Fresh Fat Added In Cooking,Vegetables,126,3.47,4,269,18.8,4,2.39,5.76,0,40,1.52,440,1 cup,158
Pigeon Peas Cooked From Canned Ns As To Fat Added In Cooking,Vegetables,126,3.47,4,269,18.8,4,2.39,5.76,0,40,1.52,440,1 cup,158
Pigeon Peas Cooked From Canned Fat Added In Cooking,Vegetables,126,3.47,4,269,18.8,4,2.39,5.76,0,40,1.52,440,1 cup,158
Peppers Green Cooked Ns As To Fat Added In Cooking,Vegetables,48,2.61,4,297,6.44,1.2,3.06,0.9,0.1,10,0.44,160,1 cup,141
Peppers Green Cooked Fat Not Added In Cooking,Vegetables,28,0.2,0,285,6.65,1.2,3.17,0.91,0,9,0.46,165,1 cup,136
Peppers Green Cooked Fat Added In Cooking Ns As To Type Of Fat,Vegetables,48,2.61,4,297,6.44,1.2,3.06,0.9,0.1,10,0.44,160,1 piece,6
Peppers Green Cooked Made With Oil,Vegetables,55,3.4,0,276,6.44,1.2,3.06,0.88,0,9,0.45,160,1 piece,6
Peppers Green Cooked Made With Butter,Vegetables,51,2.9,7,297,6.43,1.2,3.06,0.91,0,10,0.44,160,1 piece,6
Peppers Green Cooked Made With Margarine,Vegetables,45,2.2,0,298,6.46,1.2,3.06,0.89,0.1,10,0.44,160,1 piece,6
Peppers Red Cooked Ns As To Fat Added In Cooking,Vegetables,48,2.61,4,297,6.44,1.2,4.21,0.9,0.1,10,0.44,160,1 piece,6
Peppers Red Cooked Fat Not Added In Cooking,Vegetables,28,0.2,0,285,6.65,1.2,4.36,0.91,0,9,0.46,165,1 cup,136
Peppers Red Cooked Fat Added In Cooking Ns As To Type Of Fat,Vegetables,48,2.61,4,297,6.44,1.2,4.21,0.9,0.1,10,0.44,160,1 piece,6
Peppers Red Cooked Made With Oil,Vegetables,55,3.4,0,276,6.44,1.2,4.22,0.88,0,9,0.45,160,1 piece,6
Peppers Red Cooked Made With Butter,Vegetables,51,2.9,7,297,6.43,1.2,4.22,0.91,0,10,0.44,160,1 piece,6
Peppers Red Cooked Made With Margarine,Vegetables,45,2.2,0,298,6.46,1.2,4.21,0.89,0.1,10,0.44,160,1 piece,6
Peppers Hot Cooked Ns As To Form Ns As To Fat Added In Cooking,Soups and Sauces,61,2.53,4,261,9.51,1.5,5.12,2.03,0.1,18,1.15,308,1 cup chopped,141
Peppers Hot Cooked From Fresh Ns As To Fat Added In Cooking,Soups and Sauces,61,2.53,4,261,9.51,1.5,5.12,2.03,0.1,18,1.15,308,1 cup chopped,141
Peppers Hot Cooked From Frozen Ns As To Fat Added In Cooking,Soups and Sauces,61,2.53,4,261,9.51,1.5,5.12,2.03,0.1,18,1.15,308,1 cup chopped,141
Peppers Hot Cooked From Canned Ns As To Fat Added In Cooking,Soups and Sauces,42,2.43,4,1432,5.13,1.3,3.33,0.92,0.1,8,0.5,189,1 cup chopped,141
Peppers Hot Cooked Ns As To Form Fat Not Added In Cooking,Soups and Sauces,41,0.21,0,248,9.8,1.6,5.28,2.07,0,18,1.18,317,1 cup chopped,136
Peppers Hot Cooked From Fresh Fat Not Added In Cooking,Soups and Sauces,41,0.21,0,248,9.8,1.6,5.28,2.07,0,18,1.18,317,1 cup chopped,136
Peppers Hot Cooked From Frozen Fat Not Added In Cooking,Soups and Sauces,41,0.21,0,248,9.8,1.6,5.28,2.07,0,18,1.18,317,1 cup chopped,136
Peppers Hot Cooked From Canned Fat Not Added In Cooking,Soups and Sauces,22,0.1,0,1455,5.28,1.3,3.44,0.93,0,7,0.52,194,1 cup chopped,136
Peppers Hot Cooked Ns As To Form Fat Added In Cooking Ns As To Type Of Fat,Soups and Sauces,61,2.53,4,261,9.51,1.5,5.12,2.03,0.1,18,1.15,308,1 cup chopped,141
Peppers Hot Cooked From Fresh Fat Added In Cooking Ns As To Type Of Fat,Soups and Sauces,61,2.53,4,261,9.51,1.5,5.12,2.03,0.1,18,1.15,308,1 cup chopped,141
Peppers Hot Cooked From Frozen Fat Added In Cooking Ns As To Type Of Fat,Soups and Sauces,61,2.53,4,261,9.51,1.5,5.12,2.03,0.1,18,1.15,308,1 cup chopped,141
Peppers Hot Cooked From Canned Fat Added In Cooking Ns As To Type Of Fat,Soups and Sauces,42,2.43,4,1432,5.13,1.3,3.33,0.92,0.1,8,0.5,189,1 cup chopped,141
Pimiento,Soups and Sauces,28,0.37,0,17,6.24,2.3,3.32,1.35,0,7,2.06,193,1 cup,192
Radish Daikon Cooked Ns As To Fat Added In Cooking,Vegetables,43,3.19,0,265,3.31,1.5,1.76,0.65,0,17,0.15,275,1 cup,153
Radish Daikon Cooked Fat Not Added In Cooking,Vegetables,17,0.24,0,275,3.41,1.6,1.82,0.66,0,17,0.15,283,1 cup,147
Radish Daikon Cooked Fat Added In Cooking,Vegetables,43,3.21,0,267,3.3,1.5,1.76,0.65,0,17,0.15,275,1 cup,153
Rutabaga Cooked Ns As To Fat Added In Cooking,Vegetables,46,2.13,3,243,6.63,1.7,3.82,0.92,0,18,0.18,210,1 cup pieces,175
Rutabaga Cooked Fat Not Added In Cooking,Vegetables,30,0.18,0,232,6.8,1.8,3.93,0.92,0,18,0.18,215,1 cup pieces,170
Rutabaga Cooked Fat Added In Cooking Ns As To Type Of Fat,Vegetables,46,2.13,3,243,6.63,1.7,3.82,0.92,0,18,0.18,210,1 cup pieces,175
Rutabaga Cooked Made With Oil,Vegetables,52,2.76,0,226,6.62,1.7,3.82,0.9,0,18,0.18,209,1 cup pieces,175
Rutabaga Cooked Made With Butter,Vegetables,48,2.36,6,243,6.62,1.7,3.82,0.92,0,18,0.18,210,1 cup pieces,175
Rutabaga Cooked Made With Margarine,Vegetables,43,1.8,0,244,6.64,1.7,3.82,0.9,0.1,18,0.18,210,1 cup pieces,175
Salsify Cooked Ns As To Fat Added In Cooking,Vegetables,87,2.6,4,313,14.75,3,2.78,2.64,0.1,46,0.53,272,1 cup,140
Salsify Cooked Fat Not Added In Cooking,Vegetables,68,0.17,0,301,15.25,3.1,2.88,2.71,0,47,0.55,281,1 cup,135
Salsify Cooked Fat Added In Cooking,Vegetables,87,2.6,4,313,14.75,3,2.78,2.64,0.1,46,0.53,272,1 cup,140
Sauerkraut Cooked Ns As To Fat Added In Cooking,Fruits,39,2.48,4,661,4.15,2.8,1.72,0.9,0.1,30,1.42,165,1 cup,142
Sauerkraut Cooked Fat Added In Cooking,Fruits,31,1.56,3,661,4.2,2.8,1.75,0.9,0,30,1.44,167,1 cup,147
Snowpea Cooked Ns As To Form Ns As To Fat Added In Cooking,Vegetables,75,3.11,0,239,8.72,3,4.66,3.38,0,57,2.33,210,1 cup,165
Snowpea Cooked From Fresh Ns As To Fat Added In Cooking,Vegetables,65,2.97,0,238,6.81,2.7,3.86,3.16,0,41,1.91,232,1 cup,165
Snowpea Cooked From Frozen Ns As To Fat Added In Cooking,Vegetables,75,3.11,0,239,8.72,3,4.66,3.38,0,57,2.33,210,1 cup,165
Snowpea Cooked Ns As To Form Fat Not Added In Cooking,Vegetables,52,0.38,0,246,8.96,3.1,4.79,3.48,0,59,2.39,216,1 cup,160
Snowpea Cooked From Fresh Fat Not Added In Cooking,Vegetables,42,0.23,0,245,7.01,2.8,3.96,3.25,0,42,1.96,239,1 cup,160
Snowpea Cooked From Frozen Fat Not Added In Cooking,Vegetables,52,0.38,0,246,8.96,3.1,4.79,3.48,0,59,2.39,216,1 cup,160
Snowpea Cooked Ns As To Form Fat Added In Cooking Ns As To Type Of Fat,Vegetables,75,3.11,0,239,8.72,3,4.66,3.38,0,57,2.33,210,1 cup,165
Snowpea Cooked From Fresh Fat Added In Cooking Ns As To Type Of Fat,Vegetables,65,2.97,0,238,6.81,2.7,3.86,3.16,0,41,1.91,232,1 cup,165
Snowpea Cooked From Frozen Fat Added In Cooking Ns As To Type Of Fat,Vegetables,75,3.11,0,239,8.72,3,4.66,3.38,0,57,2.33,210,1 cup,165
Snowpea Cooked Ns As To Form Made With Oil,Vegetables,75,3.11,0,239,8.72,3,4.66,3.38,0,57,2.33,210,1 cup,165
Snowpea Cooked Ns As To Form Made With Butter,Vegetables,71,2.68,6,257,8.71,3,4.66,3.4,0,58,2.32,210,1 cup,165
Snowpea Cooked Ns As To Form Made With Margarine,Vegetables,66,2.09,0,258,8.73,3,4.65,3.38,0.1,58,2.32,210,1 cup,165
Snowpea Cooked From Fresh Made With Oil,Vegetables,65,2.97,0,238,6.81,2.7,3.86,3.16,0,41,1.91,232,1 cup,165
Snowpea Cooked From Fresh Made With Butter,Vegetables,61,2.54,6,256,6.81,2.7,3.85,3.18,0,41,1.9,232,1 cup,165
Snowpea Cooked From Fresh Made With Margarine,Vegetables,56,1.94,0,257,6.83,2.7,3.85,3.16,0.1,41,1.9,233,1 cup,165
Snowpea Cooked From Frozen Made With Oil,Vegetables,75,3.11,0,239,8.72,3,4.66,3.38,0,57,2.33,210,1 cup,165
Snowpea Cooked From Frozen Made With Butter,Vegetables,71,2.68,6,257,8.71,3,4.66,3.4,0,58,2.32,210,1 cup,165
Snowpea Cooked From Frozen Made With Margarine,Vegetables,66,2.09,0,258,8.73,3,4.65,3.38,0.1,58,2.32,210,1 cup,165
Seaweed Prepared With Soy Sauce,Prepared Meals,43,0.5,0,1075,7.52,0.7,0.56,4.15,0,110,2.06,188,1 cup,96
Seaweed Cooked Ns As To Fat Added In Cooking,Vegetables,61,3.35,0,268,4.92,0.3,0.47,5.6,0,64,1.65,309,1 cup,96
Seaweed Cooked Fat Added In Cooking Ns As To Type Of Fat,Vegetables,61,3.35,0,268,4.92,0.3,0.47,5.6,0,64,1.65,309,1 cup,96
Seaweed Cooked Made With Oil,Vegetables,61,3.35,0,268,4.92,0.3,0.47,5.6,0,64,1.65,309,1 cup,96
Seaweed Cooked Made With Butter,Vegetables,56,2.77,7,288,4.92,0.3,0.47,5.62,0,65,1.65,309,1 cup,96
Squash Summer Yellow Or Green Cooked Ns As To Form Ns As To Fat Added In Cooking,Vegetables,34,1.76,3,200,4.36,1.3,1.93,1.19,0,19,0.49,216,1 cup slices,185
Squash Summer Yellow Or Green Cooked From Fresh Ns As To Fat Added In Cooking,Vegetables,36,2.15,3,226,4.19,1.4,2.51,0.9,0,27,0.35,187,1 cup slices,185
Squash Summer Yellow Or Green Cooked From Frozen Ns As To Fat Added In Cooking,Vegetables,34,1.76,3,200,4.36,1.3,1.93,1.19,0,19,0.49,216,1 cup slices,185
Squash Summer Yellow Or Green Cooked From Canned Ns As To Fat Added In Cooking,Vegetables,26,1.62,3,194,2.89,1.4,1.16,0.61,0,12,0.69,94,1 cup slices,185
Squash Summer Yellow Or Green Cooked Ns As To Form Fat Not Added In Cooking,Vegetables,21,0.16,0,189,4.45,1.3,1.98,1.2,0,18,0.5,220,1 cup nfs,180
Squash Summer Yellow Or Green Cooked From Fresh Fat Not Added In Cooking,Vegetables,20,0.31,0,215,4.29,1.4,2.58,0.9,0,27,0.36,191,1 cup nfs,180
Squash Summer Yellow Or Green Cooked From Frozen Fat Not Added In Cooking,Vegetables,21,0.16,0,189,4.45,1.3,1.98,1.2,0,18,0.5,220,1 cup nfs,180
Squash Summer Yellow Or Green Cooked From Canned Fat Not Added In Cooking,Vegetables,13,0.07,0,184,2.95,1.4,1.18,0.61,0,12,0.71,96,1 cup nfs,216
Squash Summer Yellow Or Green Cooked Ns As To Form Fat Added In Cooking Ns As To Type Of Fat,Vegetables,34,1.76,3,200,4.36,1.3,1.93,1.19,0,19,0.49,216,1 cup slices,185
Squash Summer Yellow Or Green Cooked From Fresh Fat Added In Cooking Ns As To Type Of Fat,Vegetables,36,2.15,3,226,4.19,1.4,2.51,0.9,0,27,0.35,187,1 cup slices,185
Squash Summer Yellow Or Green Cooked From Frozen Fat Added In Cooking Ns As To Type Of Fat,Vegetables,34,1.76,3,200,4.36,1.3,1.93,1.19,0,19,0.49,216,1 cup slices,185
Squash Summer Yellow Or Green Cooked From Canned Fat Added In Cooking Ns As To Type Of Fat,Vegetables,26,1.62,3,194,2.89,1.4,1.16,0.61,0,12,0.69,94,1 cup slices,185
Squash Summer Yellow Or Green Cooked Ns As To Form Made With Oil,Vegetables,39,2.28,0,185,4.36,1.3,1.93,1.18,0,18,0.49,216,1 cup slices,185
Squash Summer Yellow Or Green Cooked Ns As To Form Made With Butter,Vegetables,36,1.95,5,199,4.36,1.3,1.93,1.2,0,19,0.49,216,1 cup slices,185
Squash Summer Yellow Or Green Cooked Ns As To Form Made With Margarine,Vegetables,32,1.49,0,200,4.37,1.3,1.93,1.18,0.1,18,0.49,216,1 cup slices,185
Squash Summer Yellow Or Green Cooked From Fresh Made With Oil,Vegetables,41,2.75,0,210,4.18,1.4,2.51,0.88,0,26,0.36,186,1 cup slices,185
Squash Summer Yellow Or Green Cooked From Fresh Made With Butter,Vegetables,38,2.37,5,226,4.18,1.4,2.51,0.9,0,27,0.35,187,1 cup slices,185
Squash Summer Yellow Or Green Cooked From Fresh Made With Margarine,Vegetables,33,1.84,0,227,4.2,1.4,2.51,0.89,0.1,27,0.35,187,1 cup slices,185
Squash Summer Yellow Or Green Cooked From Frozen Made With Oil,Vegetables,45,2.49,0,202,5.38,1.4,2.26,1.24,0,20,0.51,246,1 cup slices,185
Squash Summer Yellow Or Green Cooked From Frozen Made With Butter,Vegetables,41,2.13,5,217,5.38,1.4,2.26,1.26,0,20,0.51,246,1 cup slices,185
Squash Summer Yellow Or Green Cooked From Frozen Made With Margarine,Vegetables,37,1.64,0,218,5.4,1.4,2.26,1.25,0.1,20,0.51,246,1 cup slices,185
Squash Summer Yellow Or Green Cooked From Canned Made With Oil,Vegetables,31,2.12,0,180,2.89,1.4,1.16,0.6,0,12,0.7,94,1 cup slices,185
Squash Summer Yellow Or Green Cooked From Canned Made With Butter,Vegetables,28,1.8,5,193,2.88,1.4,1.16,0.61,0,12,0.69,94,1 cup slices,185
Squash Summer Yellow Or Green Cooked From Canned Made With Margarine,Vegetables,24,1.36,0,194,2.9,1.4,1.16,0.6,0.1,12,0.69,94,1 cup slices,185
Squash Spaghetti Cooked Ns As To Fat Added In Cooking,Vegetables,45,2.4,4,77,6.27,1.4,2.45,0.66,0,21,0.33,114,1 cup cooked,160
Squash Spaghetti Cooked Fat Added In Cooking Ns As To Type Of Fat,Vegetables,45,2.39,4,278,6.24,1.4,2.44,0.65,0,21,0.33,114,1 cup cooked,160
Squash Spaghetti Cooked Fat Not Added In Cooking,Vegetables,27,0.26,0,266,6.42,1.4,2.51,0.66,0,21,0.34,116,1 cup cooked,155
Squash Spaghetti Cooked Made With Oil,Vegetables,51,3.08,0,259,6.24,1.4,2.44,0.64,0,20,0.34,113,1 cup cooked,160
Squash Spaghetti Cooked Made With Butter,Vegetables,47,2.64,6,277,6.23,1.4,2.44,0.66,0,21,0.33,114,1 cup cooked,160
Squash Spaghetti Cooked Made With Margarine,Vegetables,42,2.03,0,278,6.25,1.4,2.44,0.64,0.1,21,0.33,114,1 cup cooked,160
Turnip Cooked Ns As To Form Ns As To Fat Added In Cooking,Vegetables,41,2.35,4,294,4.21,1.9,2.27,1.49,0,32,0.95,176,1 cup pieces,160
Turnip Cooked From Fresh Ns As To Fat Added In Cooking,Vegetables,40,2.2,4,274,4.89,1.9,2.88,0.7,0,33,0.18,172,1 cup pieces,160
Turnip Cooked From Frozen Ns As To Fat Added In Cooking,Vegetables,41,2.35,4,294,4.21,1.9,2.27,1.49,0,32,0.95,176,1 cup pieces,160
Turnip Cooked From Canned Ns As To Fat Added In Cooking,Vegetables,41,2.35,4,294,4.21,1.9,2.27,1.49,0,32,0.95,176,1 cup pieces,160
Turnip Cooked Ns As To Form Fat Not Added In Cooking,Vegetables,23,0.24,0,283,4.32,2,2.34,1.52,0,32,0.98,181,1 cup pieces,155
Turnip Cooked From Fresh Fat Not Added In Cooking,Vegetables,22,0.08,0,263,5.03,2,2.97,0.7,0,33,0.18,176,1 cup pieces,155
Turnip Cooked From Frozen Fat Not Added In Cooking,Vegetables,23,0.24,0,283,4.32,2,2.34,1.52,0,32,0.98,181,1 cup pieces,155
Turnip Cooked From Canned Fat Not Added In Cooking,Vegetables,22,0.08,0,263,5.03,2,2.97,0.7,0,33,0.18,176,1 cup pieces,155
Turnip Cooked Ns As To Form Fat Added In Cooking Ns As To Type Of Fat,Vegetables,41,2.35,4,294,4.21,1.9,2.27,1.49,0,32,0.95,176,1 cup pieces,160
Turnip Cooked From Fresh Fat Added In Cooking Ns As To Type Of Fat,Vegetables,40,2.2,4,274,4.89,1.9,2.88,0.7,0,33,0.18,172,1 cup pieces,160
Turnip Cooked From Frozen Fat Added In Cooking Ns As To Type Of Fat,Vegetables,41,2.35,4,294,4.21,1.9,2.27,1.49,0,32,0.95,176,1 cup pieces,160
Turnip Cooked From Canned Fat Added In Cooking Ns As To Type Of Fat,Vegetables,40,2.2,4,274,4.89,1.9,2.88,0.7,0,33,0.18,172,1 cup pieces,160
Turnip Cooked From Canned Made With Oil,Vegetables,46,2.82,0,250,4.89,1.9,2.89,0.69,0,32,0.18,171,1 cup pieces,160
Turnip Cooked From Canned Made With Butter,Vegetables,42,2.39,6,268,4.89,1.9,2.89,0.71,0,33,0.18,172,1 cup pieces,160
Turnip Cooked From Canned Made With Margarine,Vegetables,37,1.8,0,269,4.91,1.9,2.89,0.69,0.1,33,0.18,172,1 cup pieces,160
Turnip Cooked From Fresh Made With Oil,Vegetables,46,2.89,0,255,4.89,1.9,2.89,0.69,0,32,0.18,171,1 cup pieces,160
Turnip Cooked From Fresh Made With Butter,Vegetables,42,2.45,6,274,4.88,1.9,2.89,0.71,0,33,0.18,171,1 cup pieces,160
Turnip Cooked From Fresh Made With Margarine,Vegetables,37,1.84,0,275,4.9,1.9,2.88,0.69,0.1,33,0.18,172,1 cup pieces,160
Turnip Cooked From Frozen Made With Oil,Vegetables,47,2.98,0,269,4.2,1.9,2.27,1.48,0,31,0.95,176,1 cup pieces,160
Turnip Cooked From Frozen Made With Butter,Vegetables,43,2.6,6,293,4.2,1.9,2.27,1.5,0,32,0.95,176,1 cup pieces,160
Turnip Cooked From Frozen Made With Margarine,Vegetables,38,2,0,294,4.22,1.9,2.27,1.48,0.1,32,0.95,176,1 cup pieces,160
Turnip Cooked Ns As To Form Made With Oil,Vegetables,47,3.04,0,275,4.2,1.9,2.27,1.48,0,31,0.95,176,1 cup pieces,160
Turnip Cooked Ns As To Form Made With Butter,Vegetables,43,2.6,6,293,4.2,1.9,2.27,1.5,0,32,0.95,176,1 cup pieces,160
Turnip Cooked Ns As To Form Made With Margarine,Vegetables,38,2,0,294,4.22,1.9,2.27,1.48,0.1,32,0.95,176,1 cup pieces,160
Water Chestnut,Vegetables,78,0.09,0,12,19.22,3.9,3.84,1.38,0,6,1.36,184,1 cup,158
Winter Melon Cooked,Vegetables,14,0.2,0,327,3.02,1,1.17,0.4,0,18,0.38,5,1 cup,175
Beans Lima And Corn Cooked Ns As To Fat Added In Cooking,Vegetables,107,2.81,3,282,19.31,4,2.14,4.18,0,15,0.86,257,1 cup,197
Beans Lima And Corn Cooked Fat Not Added In Cooking,Vegetables,92,0.88,0,271,19.83,4.1,2.2,4.28,0,15,0.89,263,1 cup,192
Beans Lima And Corn Cooked Fat Added In Cooking Ns As To Type Of Fat,Vegetables,107,2.81,3,282,19.31,4,2.14,4.18,0,15,0.86,257,1 cup,197
Beans Lima And Corn Cooked Made With Oil,Vegetables,113,3.45,0,264,19.32,4,2.14,4.17,0,15,0.87,257,1 cup,197
Beans Lima And Corn Cooked Made With Butter,Vegetables,109,3.04,6,281,19.3,4,2.14,4.19,0,15,0.86,257,1 cup,197
Beans Lima And Corn Cooked Made With Margarine,Vegetables,104,2.48,0,282,19.32,4,2.14,4.17,0.1,15,0.86,257,1 cup,197
Beans String Green With Tomatoes Cooked Ns As To Fat Added In Cooking,Vegetables,44,1.87,3,275,6.68,2.4,3.52,1.58,0,32,0.76,203,1 cup,153
Beans String Green With Tomatoes Cooked Fat Not Added In Cooking,Vegetables,30,0.29,0,266,6.82,2.5,3.6,1.61,0,32,0.78,207,1 cup,148
Beans String Green With Tomatoes Cooked Fat Added In Cooking,Vegetables,44,1.87,3,275,6.68,2.4,3.52,1.58,0,32,0.76,203,1 cup,153
Beans String Green With Chickpeas Cooked Ns As To Fat Added In Cooking,Vegetables,93,3.39,4,301,13.27,4.4,3.82,3.87,0.1,45,1.28,183,1 cup,139
Beans String Green With Chickpeas Cooked Fat Not Added In Cooking,Vegetables,74,0.98,0,288,13.72,4.5,3.96,3.98,0,45,1.32,189,1 cup,134
Beans String Green With Chickpeas Cooked Fat Added In Cooking,Vegetables,93,3.39,4,301,13.27,4.4,3.82,3.87,0.1,45,1.28,183,1 cup,139
Beans String Green With Almonds Cooked Ns As To Fat Added In Cooking,Vegetables,107,7.57,4,293,8.6,3.7,3.58,3.67,0.1,61,0.88,189,1 cup,127
Beans String Green With Almonds Cooked Fat Not Added In Cooking,Vegetables,89,5.36,0,280,8.87,3.8,3.7,3.78,0,63,0.9,195,1 cup,122
Beans String Green With Almonds Cooked Fat Added In Cooking Ns As To Type Of Fat,Vegetables,107,7.57,4,293,8.6,3.7,3.58,3.67,0.1,61,0.88,189,1 cup,127
Beans String Green With Almonds Cooked Made With Oil,Vegetables,114,8.35,0,272,8.6,3.7,3.58,3.66,0,61,0.88,189,1 cup,127
Beans String Green With Almonds Cooked Made With Butter,Vegetables,109,7.85,7,292,8.59,3.7,3.58,3.68,0,61,0.88,189,1 cup,127
Beans String Green With Almonds Cooked Made With Margarine,Vegetables,103,7.16,0,293,8.61,3.7,3.58,3.66,0.1,61,0.87,190,1 cup,127
Beans String Green With Pinto Beans Cooked Ns As To Fat Added In Cooking,Vegetables,87,2.79,4,295,13.09,4.8,2.5,3.97,0.1,44,1.06,228,1 cup,141
Beans String Green With Pinto Beans Cooked Fat Not Added In Cooking,Vegetables,68,0.39,0,283,13.52,5,2.58,4.09,0,44,1.1,235,1 cup,136
Beans String Green With Pinto Beans Cooked Fat Added In Cooking,Vegetables,87,2.79,4,295,13.09,4.8,2.5,3.97,0.1,44,1.06,228,1 cup,141
Beans String Green With Spaetzel Cooked Ns As To Fat Added In Cooking,Vegetables,85,3.24,13,302,12.52,2.5,2.56,2.59,0.1,34,0.86,110,1 cup,152
Beans String Green With Spaetzel Cooked Fat Not Added In Cooking,Vegetables,65,0.81,9,290,12.95,2.6,2.64,2.66,0,34,0.89,113,1 cup,147
Beans String Green With Spaetzel Cooked Fat Added In Cooking,Vegetables,85,3.24,13,302,12.52,2.5,2.56,2.59,0.1,34,0.86,110,1 cup,152
Bean Salad Yellow And/or Green String Beans,Vegetables,107,4.99,0,299,12.71,3.2,3.34,3.48,0,24,1.35,208,1 cup,150
Beans String Green With Onions Ns As To Fat Added In Cooking,Vegetables,57,2.5,4,277,8.38,2.5,3.87,1.65,0,36,0.49,148,1 cup,151
Beans String Green With Onions Cooked Fat Not Added In Cooking,Vegetables,38,0.25,0,265,8.64,2.5,4,1.69,0,36,0.5,152,1 cup,146
Beans String Green With Onions Cooked Fat Added In Cooking Ns As To Type Of Fat,Vegetables,57,2.5,4,277,8.38,2.5,3.87,1.65,0,36,0.49,148,1 cup,151
Beans String Green With Onions Cooked Made With Oil,Vegetables,63,3.23,0,257,8.38,2.5,3.88,1.64,0,35,0.49,148,1 cup,151
Beans String Green With Onions Cooked Made With Butter,Vegetables,59,2.76,7,277,8.37,2.5,3.88,1.66,0,36,0.49,148,1 cup,151
Beans String Green With Onions Cooked Made With Margarine,Vegetables,54,2.12,0,278,8.39,2.5,3.87,1.64,0.1,36,0.49,148,1 cup,151
Beans String Green And Potatoes Cooked Ns As To Fat Added In Cooking,Vegetables,82,2.52,4,289,14.05,2.3,2.03,1.74,0.1,24,0.45,238,1 cup,143
Beans String Green And Potatoes Cooked Fat Not Added In Cooking,Vegetables,63,0.18,0,277,14.51,2.4,2.09,1.78,0,24,0.46,245,1 cup,138
Beans String Green And Potatoes Cooked Fat Added In Cooking Ns As To Type Of Fat,Vegetables,82,2.52,4,289,14.05,2.3,2.03,1.74,0.1,24,0.45,238,1 cup,143
Beans String Green And Potatoes Cooked Made With Oil,Vegetables,88,3.28,0,269,14.06,2.3,2.03,1.72,0,23,0.45,238,1 cup,143
Beans String Green And Potatoes Cooked Made With Butter,Vegetables,84,2.8,7,289,14.04,2.3,2.03,1.75,0,24,0.45,238,1 cup,143
Beans String Green And Potatoes Cooked Made With Margarine,Vegetables,78,2.12,0,290,14.07,2.3,2.03,1.72,0.1,24,0.44,238,1 cup,143
Corn With Peppers Red Or Green Cooked Ns As To Fat Added In Cooking,Vegetables,97,3.28,4,258,17.27,2.1,4.1,2.79,0,5,0.44,200,1 cup,183
Corn With Peppers Red Or Green Cooked Fat Added In Cooking Ns As To Type Of Fat,Vegetables,97,3.28,4,258,17.27,2.1,4.1,2.79,0,5,0.44,200,1 cup,183
Corn With Peppers Red Or Green Cooked Made With Oil,Vegetables,103,3.97,0,240,17.28,2.1,4.1,2.77,0,4,0.44,200,1 cup,183
Corn With Peppers Red Or Green Cooked Made With Butter,Vegetables,99,3.53,6,258,17.26,2.1,4.1,2.79,0,5,0.44,200,1 cup,183
Corn With Peppers Red Or Green Cooked Made With Margarine,Vegetables,94,2.93,0,259,17.28,2.1,4.1,2.77,0.1,5,0.44,200,1 cup,183
Eggplant In Tomato Sauce Cooked Fat Not Added In Cooking,Vegetables,30,0.26,0,309,7.1,2,3.36,1,0,10,0.58,205,1 cup,231
Green Peppers And Onions Cooked Fat Not Added In Cooking,Vegetables,37,0.19,0,225,8.74,1.3,4.1,1.18,0,17,0.33,165,1 cup,139
Green Peppers And Onions Cooked Ns As To Fat Added In Cooking,Vegetables,54,2.11,3,237,8.52,1.3,3.99,1.16,0,17,0.32,161,1 cup,144
Green Peppers And Onions Cooked Fat Added In Cooking Ns As To Type Of Fat,Vegetables,54,2.11,3,237,8.52,1.3,3.99,1.16,0,17,0.32,161,1 cup,144
Green Peppers And Onions Cooked Made With Oil,Vegetables,59,2.73,0,220,8.52,1.3,4,1.15,0,17,0.32,161,1 cup,144
Green Peppers And Onions Cooked Made With Butter,Vegetables,55,2.33,6,236,8.51,1.3,3.99,1.17,0,17,0.32,161,1 cup,144
Green Peppers And Onions Cooked Made With Margarine,Vegetables,51,1.78,0,237,8.53,1.3,3.99,1.15,0.1,17,0.32,161,1 cup,144
Mixed Vegetables Cooked Ns As To Form Ns As To Fat Added In Cooking,Vegetables,79,1.97,3,257,12.7,4.3,3.03,2.79,0,25,0.8,165,1 cup,187
Mixed Vegetables Cooked From Frozen Ns As To Fat Added In Cooking,Vegetables,79,1.97,3,257,12.7,4.3,3.03,2.79,0,25,0.8,165,1 cup,187
Mixed Vegetables Cooked From Canned Ns As To Fat Added In Cooking,Vegetables,66,2.28,4,318,8.99,2.9,2.34,2.53,0,27,1.02,283,1 cup,187
Mixed Vegetables Cooked Ns As To Form Fat Not Added In Cooking,Vegetables,65,0.15,0,247,13.02,4.4,3.1,2.84,0,25,0.82,168,1 cup,182
Mixed Vegetables Cooked From Frozen Fat Not Added In Cooking,Vegetables,65,0.15,0,247,13.02,4.4,3.1,2.84,0,25,0.82,168,1 cup,182
Mixed Vegetables Cooked From Canned Fat Not Added In Cooking,Vegetables,49,0.25,0,308,9.24,3,2.4,2.58,0,27,1.05,290,1 cup,182
Mixed Vegetables Cooked Ns As To Form Fat Added In Cooking Ns As To Type Of Fat,Vegetables,79,1.97,3,257,12.7,4.3,3.03,2.79,0,25,0.8,165,1 cup,187
Mixed Vegetables Cooked From Frozen Fat Added In Cooking Ns As To Type Of Fat,Vegetables,79,1.97,3,257,12.7,4.3,3.03,2.79,0,25,0.8,165,1 cup,187
Mixed Vegetables Cooked From Canned Fat Added In Cooking Ns As To Type Of Fat,Vegetables,66,2.28,4,318,8.99,2.9,2.34,2.53,0,27,1.02,283,1 cup,187
Mixed Vegetables Cooked Ns As To Form Made With Oil,Vegetables,85,2.57,0,241,12.7,4.3,3.03,2.78,0,24,0.8,164,1 cup,187
Mixed Vegetables Cooked Ns As To Form Made With Butter,Vegetables,81,2.19,5,257,12.69,4.3,3.03,2.79,0,25,0.8,164,1 cup,187
Mixed Vegetables Cooked Ns As To Form Made With Margarine,Vegetables,77,1.66,0,257,12.71,4.3,3.02,2.78,0.1,25,0.8,165,1 cup,187
Mixed Vegetables Cooked From Frozen Made With Oil,Vegetables,85,2.57,0,241,12.7,4.3,3.03,2.78,0,24,0.8,164,1 cup,187
Mixed Vegetables Cooked From Frozen Made With Butter,Vegetables,81,2.19,5,257,12.69,4.3,3.03,2.79,0,25,0.8,164,1 cup,187
Mixed Vegetables Cooked From Frozen Made With Margarine,Vegetables,77,1.66,0,257,12.71,4.3,3.02,2.78,0.1,25,0.8,165,1 cup,187
Mixed Vegetables Cooked From Canned Made With Oil,Vegetables,72,2.95,0,300,8.99,2.9,2.34,2.51,0,26,1.02,282,1 cup,187
Mixed Vegetables Cooked From Canned Made With Butter,Vegetables,68,2.52,6,318,8.98,2.9,2.34,2.54,0,27,1.02,283,1 cup,187
Mixed Vegetables Cooked From Canned Made With Margarine,Vegetables,63,1.94,0,319,9,2.9,2.34,2.52,0.1,27,1.02,283,1 cup,187
Mixed Vegetables Canned Low Sodium Ns As To Fat Added In Cooking,Vegetables,52,2.03,3,42,7.13,3,2.35,1.38,0,21,0.63,135,1 cup,187
Mixed Vegetables Canned Low Sodium Fat Added In Cooking Ns As To Type Of Fat,Vegetables,52,2.03,3,42,7.13,3,2.35,1.38,0,21,0.63,135,1 cup,187
Mixed Vegetables Canned Low Sodium Made With Oil,Vegetables,58,2.63,0,25,7.13,3,2.35,1.37,0,20,0.64,135,1 cup,187
Mixed Vegetables Canned Low Sodium Made With Butter,Vegetables,54,2.25,5,42,7.13,3,2.35,1.39,0,21,0.63,135,1 cup,187
Mixed Vegetables Canned Low Sodium Made With Margarine,Vegetables,50,1.72,0,43,7.14,3,2.35,1.37,0.1,21,0.63,135,1 cup,187
Peas And Corn Cooked Ns As To Fat Added In Cooking,Vegetables,105,2.88,4,252,17.72,3.8,5.05,4.24,0,15,0.96,237,1 cup,167
Peas And Corn Cooked Fat Not Added In Cooking,Vegetables,90,0.86,0,240,18.23,3.9,5.19,4.35,0,15,0.98,243,1 cup,162
Peas And Corn Cooked Fat Added In Cooking Ns As To Type Of Fat,Vegetables,105,2.88,4,252,17.72,3.8,5.05,4.24,0,15,0.96,237,1 cup,167
Peas And Corn Cooked Made With Oil,Vegetables,111,3.55,0,233,17.73,3.8,5.05,4.23,0,15,0.96,236,1 cup,167
Peas And Corn Cooked Made With Butter,Vegetables,107,3.12,6,251,17.71,3.8,5.05,4.25,0,15,0.96,237,1 cup,167
Peas And Corn Cooked Made With Margarine,Vegetables,102,2.54,0,252,17.73,3.8,5.05,4.23,0.1,15,0.96,237,1 cup,167
Peas And Onions Cooked Ns As To Fat Added In Cooking,Vegetables,60,2.04,3,261,8.37,2.1,3.66,2.48,0,14,0.91,114,1 cup,185
Peas And Onions Cooked Fat Not Added In Cooking,Vegetables,45,0.2,0,251,8.58,2.2,3.75,2.53,0,14,0.94,116,1 cup,180
Peas And Onions Cooked Fat Added In Cooking Ns As To Type Of Fat,Vegetables,60,2.04,3,261,8.37,2.1,3.66,2.48,0,14,0.91,114,1 cup,185
Peas And Onions Cooked Made With Oil,Vegetables,65,2.64,0,245,8.37,2.1,3.66,2.46,0,14,0.92,114,1 cup,185
Peas And Onions Cooked Made With Butter,Vegetables,62,2.26,5,261,8.36,2.1,3.66,2.48,0,14,0.91,114,1 cup,185
Peas And Onions Cooked Made With Margarine,Vegetables,57,1.73,0,262,8.38,2.1,3.65,2.46,0.1,14,0.91,114,1 cup,185
Peas And Mushrooms Cooked Ns As To Fat Added In Cooking,Vegetables,82,2.39,4,307,11.65,3.8,3.76,4.28,0.1,20,1.52,165,1 cup,159
Peas And Mushrooms Cooked Fat Not Added In Cooking,Vegetables,65,0.32,0,297,11.98,3.9,3.87,4.39,0,20,1.57,169,1 cup,159
Peas And Mushrooms Cooked Fat Added In Cooking Ns As To Type Of Fat,Vegetables,82,2.39,4,307,11.65,3.8,3.76,4.28,0.1,20,1.52,165,1 cup,159
Peas And Mushrooms Cooked Made With Oil,Vegetables,88,3.07,0,289,11.65,3.8,3.76,4.27,0,19,1.53,165,1 cup,159
Peas And Mushrooms Cooked Made With Butter,Vegetables,84,2.64,6,307,11.64,3.8,3.76,4.29,0,20,1.52,165,1 cup,159
Peas And Mushrooms Cooked Made With Margarine,Vegetables,79,2.04,0,308,11.66,3.8,3.76,4.27,0.2,20,1.52,165,1 cup,159
Cowpeas With Snap Beans Cooked Ns As To Fat Added In Cooking,Vegetables,107,3.18,0,245,17.2,4.5,3.2,2.81,0,107,1,351,1 cup,143
Cowpeas With Snap Beans Cooked Fat Not Added In Cooking,Vegetables,84,0.36,0,252,17.7,4.6,3.29,2.89,0,111,1.02,361,1 cup,138
Cowpeas With Snap Beans Cooked Fat Added In Cooking,Vegetables,100,2.48,4,264,17.19,4.5,3.19,2.82,0,108,0.99,351,1 cup,143
Peas And Potatoes Cooked Fat Not Added In Cooking,Vegetables,84,0.16,0,248,17.68,3.6,3.42,3.54,0,18,0.93,297,1 cup,158
Peas And Potatoes Cooked Ns As To Fat Added In Cooking,Vegetables,101,2.25,4,260,17.18,3.5,3.32,3.45,0,18,0.9,289,1 cup,158
Peas And Potatoes Cooked Fat Added In Cooking Ns As To Type Of Fat,Vegetables,101,2.25,4,260,17.18,3.5,3.32,3.45,0,18,0.9,289,1 cup,158
Peas And Potatoes Cooked Made With Oil,Vegetables,107,2.93,0,241,17.19,3.5,3.32,3.44,0,17,0.91,289,1 cup,158
Peas And Potatoes Cooked Made With Butter,Vegetables,103,2.5,6,259,17.17,3.5,3.32,3.46,0,18,0.9,289,1 cup,158
Peas And Potatoes Cooked Made With Margarine,Vegetables,98,1.9,0,260,17.19,3.5,3.32,3.44,0.1,18,0.9,290,1 cup,158
Squash Summer Yellow Or Green And Onions Cooked Ns As To Fat Added In Cooking,Vegetables,42,2.04,3,218,5.78,1.4,3.1,1.02,0,26,0.32,180,1 cup,190
Squash Summer Yellow Or Green And Onions Cooked Fat Not Added In Cooking,Vegetables,27,0.28,0,207,5.91,1.4,3.17,1.03,0,26,0.33,184,1 cup,185
Squash Summer Yellow Or Green And Onions Cooked Fat Added In Cooking,Vegetables,42,2.04,3,218,5.78,1.4,3.1,1.02,0,26,0.32,180,1 cup,190
Squash Summer Yellow Or Green And Onions Cooked Made With Oil,Vegetables,47,2.62,0,202,5.78,1.4,3.1,1.01,0,25,0.32,179,1 cup,190
Squash Summer Yellow Or Green And Onions Cooked Made With Butter,Vegetables,43,2.25,5,218,5.77,1.4,3.1,1.03,0,26,0.32,180,1 cup,190
Squash Summer Yellow Or Green And Onions Cooked Made With Margarine,Vegetables,39,1.74,0,219,5.79,1.4,3.09,1.01,0.1,25,0.32,180,1 cup,190
Squash Summer Yellow Or Green With Tomato Sauce Cooked Fat Not Added In Cooking,Vegetables,21,0.31,0,212,4.62,1.4,2.9,1,0,23,0.55,226,1 cup,233
Squash Summer Yellow Or Green With Tomato Sauce Cooked Fat Added In Cooking,Vegetables,32,1.57,2,219,4.55,1.4,2.85,1,0,23,0.54,222,1 cup,238
Squash Summer Yellow Or Green With Tomato Sauce Cooked Ns As To Fat Added In Cooking,Vegetables,32,1.57,2,219,4.55,1.4,2.85,1,0,23,0.54,222,1 cup,238
Ratatouille,Vegetables,65,4.6,0,151,6,1.6,2.88,1,0,19,0.43,180,1 cup,214
Vegetables Stew Type Cooked Ns As To Fat Added In Cooking,Vegetables,72,2.56,4,279,11.72,2.3,2.42,1.05,0,23,0.4,239,1 cup,165
Vegetables Stew Type Cooked Fat Added In Cooking Ns As To Type Of Fat,Vegetables,72,2.56,4,279,11.72,2.3,2.42,1.05,0,23,0.4,239,1 cup,165
Vegetables Stew Type Cooked Made With Oil,Vegetables,79,3.41,0,259,11.71,2.3,2.42,1.04,0,22,0.4,238,1 cup,165
Vegetables Stew Type Cooked Made With Butter,Vegetables,74,2.83,7,278,11.71,2.3,2.42,1.06,0,23,0.4,239,1 cup,165
Vegetables Stew Type Cooked Made With Margarine,Vegetables,68,2.17,0,279,11.74,2.3,2.42,1.04,0.1,23,0.4,239,1 cup,165
Vegetables Stew Type Cooked Fat Not Added In Cooking,Vegetables,53,0.34,0,267,12.08,2.4,2.5,1.07,0,23,0.41,246,1 cup,160
Vegetable Combination Including Carrots Broccoli And/or Dark-Green Leafy; Cooked No Sauce Ns As To Fat Added In Cooking,Vegetables,50,2.61,4,311,6.44,2.4,2.57,1.44,0.1,25,0.44,207,1 cup,146
Vegetable Combination Including Carrots Broccoli And/or Dark-Green Leafy; Cooked No Sauce Fat Not Added In Cooking,Vegetables,31,0.3,0,300,6.64,2.5,2.65,1.46,0,25,0.45,213,1 cup,141
Vegetable Combination Including Carrots Broccoli And/or Dark-Green Leafy; Cooked No Sauce Fat Added In Cooking Ns As To Type Of Fat,Vegetables,50,2.6,4,311,6.44,2.4,2.57,1.44,0.1,25,0.44,207,1 cup,146
Vegetable Combination Including Carrots Broccoli And/or Dark-Green Leafy; Cooked No Sauce Made With Oil,Vegetables,57,3.35,0,291,6.44,2.4,2.57,1.42,0,24,0.44,206,1 cup,146
Vegetable Combination Including Carrots Broccoli And/or Dark-Green Leafy; Cooked No Sauce Made With Butter,Vegetables,52,2.87,7,311,6.43,2.4,2.57,1.44,0,25,0.44,207,1 cup,146
Vegetable Combination Including Carrots Broccoli And/or Dark-Green Leafy; Cooked No Sauce Made With Margarine,Vegetables,47,2.21,0,312,6.45,2.4,2.57,1.42,0.1,25,0.44,207,1 cup,146
Vegetable Combination Excluding Carrots Broccoli And Dark-Green Leafy; Cooked No Sauce Ns As To Fat Added In Cooking,Vegetables,74,2.42,4,274,11.98,2.7,3.32,2.53,0,21,0.71,163,1 cup,146
Vegetable Combination Excluding Carrots Broccoli And Dark-Green Leafy; Cooked No Sauce  Fat Not Added In Cooking,Vegetables,57,0.33,0,263,12.32,2.7,3.42,2.59,0,20,0.74,167,1 cup,141
Vegetable Combination Excluding Carrots Broccoli And Dark-Green Leafy; Cooked No Sauce Fat Added In Cooking Ns As To Type Of Fat,Vegetables,74,2.42,4,274,11.98,2.7,3.32,2.53,0,21,0.71,163,1 cup,146
Vegetable Combination Excluding Carrots Broccoli And Dark-Green Leafy; Cooked No Sauce Made With Oil,Vegetables,80,3.1,0,256,11.98,2.7,3.32,2.52,0,20,0.72,162,1 cup,146
Vegetable Combination Excluding Carrots Broccoli And Dark-Green Leafy; Cooked No Sauce Made With Butter,Vegetables,76,2.66,6,274,11.97,2.7,3.32,2.54,0,21,0.71,163,1 cup,146
Vegetable Combination Excluding Carrots Broccoli And Dark-Green Leafy; Cooked No Sauce Made With Margarine,Vegetables,71,2.06,0,275,11.99,2.7,3.32,2.52,0.1,20,0.71,163,1 cup,146
Vegetable Combinations Asian Style Broccoli Green Pepper Water Chestnut Etc. Cooked Ns As To Fat Added In Cooking,Vegetables,61,2.43,4,295,8.81,2.7,3.19,1.88,0,31,0.81,265,1 cup,132
Vegetable Combinations Asian Style Broccoli Green Pepper Water Chestnut Etc. Cooked Fat Not Added In Cooking,Vegetables,43,0.22,0,319,9.36,2.7,3.57,1.85,0,30,0.86,270,1 cup,127
Vegetable Combinations Asian Style Broccoli Green Pepper Water Chestnut Etc. Cooked Fat Added In Cooking Ns As To Type Of Fat,Vegetables,61,2.43,4,295,8.81,2.7,3.19,1.88,0,31,0.81,265,1 cup,132
Vegetable Combinations Asian Style Broccoli Green Pepper Water Chestnut Etc. Cooked Made With Oil,Vegetables,67,3.14,0,275,8.81,2.7,3.19,1.86,0,30,0.82,265,1 cup,132
Vegetable Combinations Asian Style Broccoli Green Pepper Water Chestnut Etc. Cooked Made With Butter,Vegetables,63,2.69,6,294,8.8,2.7,3.19,1.89,0,31,0.81,265,1 cup,132
Vegetable Combinations Asian Style Broccoli Green Pepper Water Chestnut Etc. Cooked Made With Margarine,Vegetables,53,1.69,0,248,8.71,2.8,3.24,1.64,0.1,31,0.72,259,1 cup,132
Vegetable And Pasta Combinations With Cream Or Cheese Sauce Broccoli Pasta Carrots Corn Zucchini Peppers Cauliflower Peas Etc. Cooked,Vegetables,109,5.33,3,410,12.69,2.3,2.58,3.71,0.2,56,0.76,176,1 cup,162
Jai Monk's Food,Vegetables,89,1.96,0,15,15.39,2.5,1.18,5.08,0.4,55,1.01,341,1 cup,188
Pinacbet,Vegetables,45,2.53,0,315,5.3,1.2,2.59,1.06,0,14,0.42,185,1 cup,214
Artichokes Stuffed,Vegetables,159,5.81,3,405,22.33,3.9,2.14,5.31,0,83,1.45,218,1 stuffed globe,251
Asparagus Ns As To Form Creamed Or With Cheese Sauce,Vegetables,66,4.28,7,193,3.62,1.1,0.94,4.23,0.3,79,0.49,165,1 cup,235
Asparagus From Fresh Creamed Or With Cheese Sauce,Vegetables,69,4.14,7,201,5.12,1.4,1.62,3.85,0.3,83,0.73,200,1 cup,235
Asparagus From Frozen Creamed Or With Cheese Sauce,Vegetables,66,4.28,7,193,3.62,1.1,0.94,4.22,0.3,79,0.49,165,1 cup,235
Asparagus From Canned Creamed Or With Cheese Sauce,Vegetables,58,3.71,6,369,3.7,1.2,1.38,3.38,0.3,66,1.45,166,1 cup,235
Beans Lima Immature Ns As To Form Creamed Or With Cheese Sauce,Vegetables,125,4.38,7,245,15.39,3.6,1.66,6.38,0.4,90,1.34,253,1 cup,228
Beans Lima Immature From Fresh Creamed Or With Cheese Sauce,Vegetables,139,4.36,7,210,18.3,3.7,1.85,6.87,0.4,91,1.76,432,1 cup,228
Beans Lima Immature From Frozen Creamed Or With Cheese Sauce,Vegetables,125,4.38,7,245,15.4,3.6,1.66,6.38,0.4,90,1.34,253,1 cup,228
Beans Lima Immature From Canned Creamed Or With Cheese Sauce,Vegetables,125,4.38,7,245,15.4,3.6,1.66,6.38,0.4,90,1.34,253,1 cup,228
Beans Lima Immature Cooked Ns As To Form With Mushroom Sauce,Vegetables,90,1.98,1,304,14.06,3.4,1.46,4.37,0.2,34,1.14,216,1 cup,228
Beans Lima Immature Cooked From Fresh With Mushroom Sauce,Vegetables,102,1.97,1,273,16.64,3.4,1.64,4.82,0.2,35,1.52,374,1 cup,228
Beans Lima Immature Cooked From Frozen With Mushroom Sauce,Vegetables,90,1.98,1,304,14.06,3.4,1.46,4.37,0.2,34,1.14,216,1 cup,228
Beans Lima Immature Cooked From Canned With Mushroom Sauce,Vegetables,90,1.98,1,304,14.06,3.4,1.46,4.37,0.2,34,1.14,216,1 cup,228
Beans String Green Ns As To Form Creamed Or With Cheese Sauce,Vegetables,82,4.92,8,232,6.78,1.9,2.04,3.58,0.4,107,0.54,155,1 cup,228
Beans String Green From Fresh Creamed Or With Cheese Sauce,Vegetables,89,5.21,9,243,7.66,2,3.1,3.92,0.4,111,0.53,147,1 cup,228
Beans String Green From Frozen Creamed Or With Cheese Sauce,Vegetables,82,4.92,8,231,6.78,1.9,2.04,3.58,0.4,107,0.54,155,1 cup,228
Beans String Green From Canned Creamed Or With Cheese Sauce,Vegetables,74,4.72,8,387,5.29,1.3,1.74,3.14,0.4,98,0.7,114,1 cup,228
Beans String Green Cooked Ns As To Form With Mushroom Sauce,Vegetables,48,2.12,1,300,6.36,1.9,1.77,1.66,0.2,41,0.42,125,1 cup,228
Beans String Green Cooked From Fresh With Mushroom Sauce,Vegetables,52,2.26,1,312,7.1,1.9,2.68,1.87,0.2,42,0.41,116,1 cup,228
Beans String Green Cooked From Frozen With Mushroom Sauce,Vegetables,48,2.12,1,300,6.36,1.9,1.77,1.66,0.2,41,0.42,125,1 cup,228
Beans String Green Cooked From Canned With Mushroom Sauce,Vegetables,42,2.12,1,432,5.08,1.3,1.53,1.4,0.2,38,0.57,91,1 cup,228
Beans String Green Cooked Szechuan-Style,Prepared Meals,95,6.64,0,232,8.23,2.8,3.07,2.38,0,45,1.17,241,1 cup,185
Beans String Yellow Ns As To Form Creamed Or With Cheese Sauce,Vegetables,82,4.92,8,237,6.78,1.9,2.04,3.58,0.4,111,0.68,135,1 cup,228
Beans String Yellow From Fresh Creamed Or With Cheese Sauce,Vegetables,89,5.21,9,244,7.66,2,3.1,3.92,0.4,112,0.91,239,1 cup,228
Beans String Yellow From Frozen Creamed Or With Cheese Sauce,Vegetables,82,4.92,8,236,6.78,1.9,2.04,3.58,0.4,111,0.68,135,1 cup,228
Beans String Yellow From Canned Creamed Or With Cheese Sauce,Vegetables,73,4.51,8,376,5.49,0.9,1.31,3.2,0.4,91,0.7,123,1 cup,228
Beets With Harvard Sauce,Vegetables,78,0.13,0,233,18.97,1.4,11.4,1.23,0,14,0.6,239,1 cup,246
Brussels Sprouts Ns As To Form Creamed,Vegetables,89,4.95,3,221,8.69,2.4,3.1,3.72,0.5,67,0.41,230,1 cup,228
Brussels Sprouts From Fresh Creamed,Vegetables,85,5,3,224,8.01,1.5,2.91,3.12,0.5,72,0.81,245,1 cup,228
Brussels Sprouts From Frozen Creamed,Vegetables,89,4.95,3,221,8.69,2.4,3.1,3.72,0.5,67,0.41,230,1 cup,228
Cabbage Creamed,Vegetables,79,4.86,3,221,7.16,1.1,3.51,2.44,0.5,80,0.24,178,1 cup,200
Cauliflower Ns As To Form Creamed,Vegetables,71,4.48,3,206,5.96,1.7,2.41,2.52,0.5,58,0.38,146,1 cup,228
Cauliflower From Fresh Creamed,Vegetables,85,5.55,4,247,6.64,1.2,3.23,2.84,0.6,67,0.32,149,1 cup,228
Cauliflower From Frozen Creamed,Vegetables,71,4.48,3,206,5.96,1.7,2.41,2.52,0.5,58,0.38,146,1 cup,228
Cauliflower From Canned Creamed,Vegetables,71,4.48,3,206,5.96,1.7,2.41,2.52,0.5,58,0.38,146,1 cup,228
Cauliflower Batter-Dipped Fried,Vegetables,216,16.28,17,190,14.46,1.6,1.2,3.91,0.1,45,1,202,1 floweret,26
Celery Creamed,Vegetables,77,4.91,3,267,6.34,1,3.28,2.19,0.5,76,0.38,226,1 cup,228
Chiles Rellenos Cheese-Filled,Prepared Meals,219,16.86,116,302,6.35,1.1,1.99,10.88,0.7,228,1.16,196,1 chili,143
Chiles Rellenos Filled With Meat And Cheese,Prepared Meals,205,14.82,112,361,7.19,1.2,2.22,11.04,0.6,127,1.57,255,1 chili,143
Jalapeno Pepper Stuffed With Cheese Breaded Or Battered Fried,Prepared Meals,240,15.65,129,444,16.35,2.5,3.78,8.98,0.7,124,1.97,233,1 jalapeno pepper,25
Corn Scalloped Or Pudding,Vegetables,120,5.09,63,315,15.84,1.3,4.36,4.84,0.7,44,0.57,195,1 cup,214
Corn Fritter,Vegetables,394,22.57,63,504,40.81,2.2,3.6,8.24,0.6,131,2.54,167,1 cup,107
Corn Cooked Ns As To Form With Cream Sauce Made With Milk,Vegetables,109,4.97,3,207,14.9,1.4,3.63,3.1,0.5,53,0.41,199,1 cup,256
Corn Cooked From Fresh With Cream Sauce Made With Milk,Vegetables,118,5.44,3,207,15.85,1.4,4.46,3.59,0.5,53,0.4,191,1 cup,256
Corn Cooked From Frozen With Cream Sauce Made With Milk,Vegetables,109,4.97,3,207,14.9,1.4,3.63,3.1,0.5,53,0.41,199,1 cup,256
Corn Cooked From Canned With Cream Sauce Made With Milk,Vegetables,101,5.28,3,323,12.09,1.2,4.41,2.96,0.5,53,0.3,142,1 cup,256
Eggplant Batter-Dipped Fried,Vegetables,151,10.94,16,63,11.92,2.8,3.46,2.43,0.1,31,0.68,226,1 cup,220
Eggplant Dip,Soups and Sauces,167,13.2,0,219,11.18,3.6,2.43,4.11,0,95,2.09,187,1 tablespoon,15
Eggplant Parmesan Casserole Regular,Vegetables,158,11.18,28,356,8.68,1.9,2.88,6.59,0.2,159,0.68,217,1 cup,198
Eggplant With Cheese And Tomato Sauce,Vegetables,94,4.75,14,322,7.98,1.8,3.06,5.98,0.1,160,0.45,187,1 cup,198
Kohlrabi Creamed,Vegetables,80,4.64,3,218,7.75,0.7,3.48,2.68,0.5,65,0.37,260,1 cup,187
Mushrooms Ns As To Form Creamed,Vegetables,79,4.88,3,448,6.9,1.4,3.24,2.74,0.6,59,0.58,141,1 cup,217
Mushrooms From Fresh Creamed,Vegetables,81,4.98,3,213,7.01,1.3,3.24,2.91,0.6,56,1.11,267,1 cup,217
Mushrooms From Frozen Creamed,Vegetables,81,4.98,3,213,7.01,1.3,3.24,2.91,0.6,56,1.11,267,1 cup,217
Mushrooms From Canned Creamed,Vegetables,79,4.89,3,393,6.9,1.4,3.25,2.75,0.6,59,0.58,141,1 cup,217
Mushrooms Stuffed,Vegetables,280,14.98,14,643,27.11,2.3,4,10.76,0.5,142,2.07,388,1 stuffed cap,24
Mushrooms Batter-Dipped Fried,Vegetables,122,5.6,17,241,14.95,0.9,0.86,3.34,0.2,7,1.07,150,1 small,8
Okra Batter-Dipped Fried,Vegetables,194,8.7,48,172,24.66,2.8,1.23,4.83,0.3,57,1.76,229,1 cup,92
Onions Ns As To Form Creamed,Vegetables,72,3.99,3,183,7.61,1,3.45,1.88,0.4,61,0.34,121,1 cup,228
Onions From Fresh Creamed,Vegetables,82,4.08,3,180,9.77,1,4.59,2.28,0.4,58,0.27,162,1 cup,228
Onion Rings From Fresh Batter-Dipped Baked Or Fried,Vegetables,328,19.45,33,471,31.6,1.6,4.84,6.85,0.2,92,1.78,209,"10 small rings (1"" - 2"" dia)",48
Parsnips Creamed,Vegetables,105,4.89,3,218,13.5,2.1,4.61,2.44,0.5,73,0.47,273,1 cup,228
Pea Salad,Vegetables,179,14.1,8,269,10.23,2.7,5.2,3.04,0,26,0.9,140,1 cup,214
Pea Salad With Cheese,Vegetables,202,16.02,17,307,9.52,2.5,4.73,5.02,0.1,94,0.82,133,1 cup,214
Peas Ns As To Form Creamed,Vegetables,108,4.81,3,250,12.01,2.6,4.38,4.57,0.5,65,1,130,1 cup,244
Peas From Fresh Creamed,Vegetables,111,4.78,3,211,12.78,3.2,5.24,4.69,0.5,67,1.01,220,1 cup,244
Peas From Frozen Creamed,Vegetables,108,4.81,3,250,12.01,2.6,4.38,4.57,0.5,65,1,130,1 cup,244
Peas From Canned Creamed,Vegetables,101,4.96,3,307,10.43,2.9,3.58,4.2,0.5,63,0.82,127,1 cup,244
Peas Cooked Ns As To Form With Mushroom Sauce,Vegetables,75,2,1,314,10.92,2.8,3.25,3.78,0.2,31,0.94,99,1 cup,244
Peas Cooked From Fresh With Mushroom Sauce,Vegetables,79,1.97,1,274,11.72,3.4,4.14,3.9,0.2,33,0.96,193,1 cup,244
Peas Cooked From Frozen With Mushroom Sauce,Vegetables,75,2,1,314,10.92,2.8,3.25,3.78,0.2,31,0.94,99,1 cup,244
Peas Cooked From Canned With Mushroom Sauce,Vegetables,69,2.26,1,426,9.31,3.1,2.45,3.42,0.2,30,0.76,97,1 cup,244
Peas Cooked Ns As To Form With Tomato Sauce,Vegetables,59,0.28,0,275,11.12,3.4,4.1,3.77,0,21,1.32,175,1 cup,244
Peas Cooked From Fresh With Tomato Sauce,Vegetables,63,0.25,0,230,12.01,4.1,5.1,3.9,0,22,1.34,280,1 cup,244
Peas Cooked From Frozen With Tomato Sauce,Vegetables,59,0.28,0,275,11.12,3.4,4.1,3.77,0,21,1.32,175,1 cup,244
Peas Cooked From Canned With Tomato Sauce,Vegetables,53,0.63,0,400,9.32,3.8,3.18,3.37,0,20,1.1,170,1 cup,244
Squash Summer Yellow Or Green Breaded Or Battered Baked,Vegetables,70,0.86,21,116,12.68,0.9,1.37,2.85,0.1,15,0.96,160,1 cup,220
Squash Summer Yellow Or Green Breaded Or Battered Fried,Vegetables,178,13.33,21,112,12.17,0.9,1.31,2.73,0.1,14,0.95,154,1 cup,220
Squash Summer Casserole With Tomato And Cheese,Vegetables,83,4.15,10,223,9.08,1.5,2.96,3.17,0.2,103,0.76,204,1 cup,217
Squash Summer Casserole With Rice And Tomato Sauce,Vegetables,82,1.64,3,120,15,1.3,2.1,2.12,0,28,0.91,156,1 cup,233
Squash Summer Casserole With Cheese Sauce,Vegetables,91,4.68,11,171,9.43,1.4,2.41,3.4,0.2,86,0.68,181,1 cup,217
Squash Summer Ns As To Form Creamed,Vegetables,68,4.09,3,182,6.23,0.9,2.88,2.19,0.4,56,0.44,197,1 cup,217
Squash Summer From Fresh Creamed,Vegetables,72,4.53,3,196,6.29,0.9,3.32,2.11,0.5,64,0.35,177,1 cup,217
Squash Summer From Frozen Creamed,Vegetables,68,4.09,3,182,6.23,0.9,2.88,2.19,0.4,56,0.44,197,1 cup,217
Squash Summer From Canned Creamed,Vegetables,62,3.94,3,133,5.24,1,2.36,1.79,0.4,51,0.57,118,1 cup,217
Squash Summer Souffle,Dairy and Egg Products ,122,8.77,92,244,6.88,0.8,2.95,4.44,0.8,64,0.72,169,1 cup,136
Turnips Ns As To Form Creamed,Vegetables,78,4.86,3,232,6.48,1.2,3.25,2.55,0.5,70,0.69,170,1 cup,226
Turnips From Fresh Creamed,Vegetables,77,4.77,3,221,6.88,1.2,3.6,2.1,0.5,71,0.25,167,1 cup,226
Turnips From Frozen Creamed,Vegetables,78,4.86,3,232,6.48,1.2,3.25,2.55,0.5,70,0.69,170,1 cup,226
Turnips From Canned Creamed,Vegetables,78,4.77,3,166,6.89,1.2,3.61,2.1,0.5,71,0.25,168,1 cup,226
Creamed Christophine Puerto Rican Style,Vegetables,141,4.09,37,280,25.07,1.5,17.4,2.21,0.5,44,0.59,146,"1 serving (1/2 chayote 4-1/2"" x 3-1/2"" x 1-1/2"") (without shell)",107
Vegetable Stew Without Meat,Vegetables,56,0.98,1,225,9.62,1.8,1.96,2.68,0,16,0.7,221,1 cup,239
Vegetable Combination Including Carrots Broccoli And/or Dark-Green Leafy; Cooked With Soy-Based Sauce,Prepared Meals,105,8.33,0,349,7.04,1.9,2.32,1.8,0,31,0.47,207,1 cup,185
Vegetable Combination Excluding Carrots Broccoli And Dark-Green Leafy; Cooked With Soy-Based Sauce,Prepared Meals,107,8.8,0,346,6.59,1.4,2.62,1.76,0,24,0.58,174,1 cup,185
Vegetable Tempura,Vegetables,234,15.63,38,13,20.26,1.6,1.57,3.7,0.2,21,1.38,166,1 cup,63
Vegetable Combinations Including Carrots Broccoli And/or Dark-Green Leafy; Cooked With Tomato Sauce,Vegetables,28,0.3,0,264,6.16,2.1,3,1.37,0,21,0.64,245,1 cup,228
Vegetable Combinations Excluding Carrots Broccoli And Dark-Green Leafy; Cooked With Tomato Sauce,Vegetables,45,0.32,0,242,9.89,2.3,3.48,2.11,0,18,0.82,213,1 cup,228
Vegetables Dipped In Chick-Pea Flour Batter Fried Pakora,Vegetables,123,4.68,0,381,16.25,3.2,2.95,4.92,0,19,1.13,215,1 pakora,12
Vegetable Combinations Including Carrots Broccoli And/or Dark-Green Leafy; Cooked With Cheese Sauce,Vegetables,91,5.58,14,267,6.24,1.6,1.77,4.67,0.4,128,0.42,188,1 cup,228
Vegetable Combinations Excluding Carrots Broccoli And Dark-Green Leafy; Cooked With Cheese Sauce,Vegetables,104,5.27,13,244,10.04,1.9,2.34,5.22,0.3,119,0.6,159,1 cup,228
Vegetable Curry,Vegetables,67,2.85,0,80,9.06,2.4,1.97,2.16,0,35,0.93,231,1 cup,236
Vegetable Combination Including Carrots Broccoli And/or Dark-Green Leafy; Cooked With Cream Sauce,Vegetables,73,4.1,3,218,7.58,1.6,3.3,2.34,0.4,59,0.41,192,1 cup,228
Vegetable Combination Excluding Carrots Broccoli And Dark-Green Leafy; Cooked With Cream Sauce,Vegetables,88,3.88,2,199,11.27,1.9,3.76,3.03,0.4,54,0.6,163,1 cup,228
Vegetable Combination Including Carrots Broccoli And/or Dark-Green Leafy; Cooked With Butter Sauce,Vegetables,50,2.61,4,155,6.46,2.4,2.58,1.44,0.1,25,0.44,208,1 cup,196
Vegetable Combinations Including Carrots Broccoli And/or Dark-Green Leafy; Cooked With Pasta,Vegetables,76,2.2,3,237,12.28,2.3,2.09,2.48,0,20,0.64,168,1 cup,137
Vegetable Combinations Excluding Carrots Broccoli And Dark-Green Leafy; Cooked With Pasta,Vegetables,92,2.09,3,214,16.17,2.5,2.71,3.26,0,18,0.84,136,1 cup,137
Vegetable Combinations Including Carrots Broccoli And/or Dark-Green Leafy; Cooked With Butter Sauce And Pasta,Vegetables,103,4.18,10,537,14.47,2.1,1.91,2.76,0,19,0.66,141,1 cup,197
Vegetable Combinations Excluding Carrots Broccoli And Dark-Green Leafy; Cooked With Butter Sauce And Pasta,Vegetables,93,2.09,3,104,16.21,2.5,2.72,3.27,0,18,0.84,137,1 cup,197
Chow Mein Or Chop Suey Meatless With Noodles,Prepared Meals,117,4.05,0,487,17.3,1.6,3.16,2.51,0,24,1.16,133,1 cup,220
Beans String Green Pickled,Fruits,28,0.19,0,257,6.09,2.3,2.84,1.58,0,33,0.91,187,1 cup,135
Celery Pickled,Fruits,16,0.15,0,256,2.69,1.4,1.21,0.61,0,34,0.19,212,1 cup,150
Corn Relish,Fruits,84,0.55,0,378,19.02,1.6,9.92,1.72,0,14,0.41,186,1 cup,245
Cauliflower Pickled,Fruits,43,0.3,0,186,9.56,1.7,6.64,1.48,0,20,0.4,206,1 cup,125
Cabbage Red Pickled,Fruits,44,0.11,0,16,8.6,1.2,6.06,0.81,0,30,0.48,148,1 cup,150
Mushrooms Pickled,Fruits,21,0.29,0,225,2.89,0.9,1.74,2.65,0.2,3,0.43,253,1 cup,156
Honey Mustard Dip,Soups and Sauces,267,17.82,51,510,25.5,0.9,23.98,1.64,0.3,24,0.61,65,1 tablespoon,15
Okra Pickled,Fruits,30,0.16,0,226,6.49,2.7,1.31,1.66,0,68,0.53,238,1 pod,11
Olives Nfs,Fruits,124,12.07,0,981,5.53,3.2,0.16,0.9,0,77,2.46,18,1 slice,1
Olives Black,Fruits,105,9.54,0,735,6.06,3,0,0.88,0,90,3.31,8,1 slice,1
Olives Green Stuffed,Fruits,128,13.22,0,1340,4.02,3.1,0.84,1.04,0,46,0.66,58,1 cup,147
Peppers Pickled,Fruits,40,0.19,0,147,9.04,1.6,6.84,0.82,0,10,0.32,164,1 cup,135
Recaito,Soups and Sauces,23,0.52,0,44,3.67,2.8,0.87,2.13,0,64,1.68,443,1 cup,240
Seaweed Pickled,Fruits,156,0.2,0,142,37.58,0.3,34.08,1.36,0,76,1.05,113,1 cup,150
Vegetables Pickled Hawaiian Style,Fruits,35,0.37,0,1057,6.83,2.6,2.73,1.03,0,39,0.55,201,1 cup,150
Vegetable Relish,Fruits,36,0.15,0,435,8.65,0.7,6.79,0.69,0,19,0.3,166,1 cup,140
Vegetables Pickled,Fruits,27,0.2,0,209,5.61,1.9,2.84,1.03,0,21,0.3,213,1 cup,163
Turnip Pickled,Fruits,43,0.14,0,191,9.95,1.6,7.35,0.84,0,23,0.26,147,1 cup,155
Tsukemono Japanese Pickles,Fruits,29,0.2,0,533,5.44,2.6,1.65,1.35,0,38,0.36,593,1 cup,135
Zucchini Pickled,Fruits,38,0.32,0,167,8.26,1.1,6.84,1.05,0,18,0.38,206,1 cup,170
Soup Cream Of Nfs,Soups and Sauces,58,1.24,4,211,10.04,0.6,6.66,2.36,0.6,66,0.31,351,1 cup,244
Asparagus Soup Cream Of Ns As To Made With Milk Or Water,Soups and Sauces,60,2.65,6,358,6.69,0.2,2.9,2.54,0.6,71,0.33,139,1 cup,248
Asparagus Soup Cream Of Prepared With Milk,Soups and Sauces,60,2.65,6,358,6.69,0.2,2.9,2.54,0.6,71,0.33,139,1 cup,248
Asparagus Soup Cream Of Prepared With Water,Soups and Sauces,35,1.66,2,342,4.34,0.2,0.37,0.93,0,13,0.33,70,1 cup,244
Borscht,Soups and Sauces,41,1.77,5,155,5.44,1.1,3.45,1.39,0,25,0.33,164,1 cup,245
Cabbage Soup Home Recipe Canned Or Ready-To-Serve,Soups and Sauces,38,0.85,0,236,6.26,1.2,1.54,1.81,0,14,0.48,182,1 cup,245
Cabbage With Meat Soup Home Recipe Canned Or Ready-To-Serve,Soups and Sauces,46,1.32,9,262,3.96,0.8,1.09,4.81,0,13,0.51,187,1 cup,245
Celery Soup Cream Of Prepared With Milk Home Recipe Canned Or Ready-To-Serve,Soups and Sauces,61,3.25,9,280,5.94,0.3,3.22,2.29,0.6,75,0.26,119,1 cup,248
Celery Soup Cream Of Prepared With Water Home Recipe Canned Or Ready-To-Serve,Soups and Sauces,37,2.26,6,264,3.57,0.3,0.68,0.67,0,18,0.25,50,1 cup,244
Corn Soup Cream Of Prepared With Milk,Soups and Sauces,42,1.14,3,255,6.82,0.8,2.87,2.06,0.4,38,0.17,100,1 cup,248
Corn Soup Cream Of Prepared With Water,Soups and Sauces,65,1.78,4,186,12.98,0.8,3.1,1.28,0,4,0.28,86,1 cup,244
Gazpacho,Soups and Sauces,37,2.35,0,250,3.84,1.1,2.37,0.86,0,13,0.37,210,1 cup,244
Leek Soup Cream Of Prepared With Milk,Soups and Sauces,69,3.12,10,341,7.62,0.2,4.36,2.73,0.6,73,0.26,119,1 cup,248
Mushroom Soup Cream Of Prepared With Milk,Soups and Sauces,65,3.67,4,367,5.82,0.3,2.75,2.31,0.7,65,0.1,102,1 cup,248
Mushroom Soup Cream Of Prepared With Water,Soups and Sauces,40,2.68,0,351,3.44,0.4,0.2,0.68,0.1,8,0.09,32,1 cup,244
Mushroom Soup With Meat Broth Prepared With Water,Soups and Sauces,34,1.63,3,394,3.76,0.1,1.16,1.27,0,6,0.34,64,1 cup,244
Mushroom Soup Cream Of Ns As To Made With Milk Or Water,Soups and Sauces,65,3.67,4,367,5.82,0.3,2.75,2.31,0.7,65,0.1,102,1 cup,246
Mushroom With Chicken Soup Cream Of Prepared With Milk,Soups and Sauces,75,3.44,8,357,8.4,1.6,2.94,2.44,0.6,71,0.36,98,1 cup,248
Mushroom Soup Cream Of Canned Reduced Sodium Ns As To Made With Milk Or Water,Soups and Sauces,26,0.86,2,196,4.11,0.3,1.08,0.61,0,8,0.24,190,1 cup,246
Mushroom Soup Cream Of Canned Reduced Sodium Prepared With Milk,Soups and Sauces,51,1.87,5,214,6.48,0.3,3.61,2.24,0.6,66,0.25,257,1 cup,248
Mushroom Soup Cream Of Canned Reduced Sodium Prepared With Water,Soups and Sauces,26,0.86,2,196,4.11,0.3,1.08,0.61,0,8,0.24,190,1 cup,244
Onion Soup Cream Of Prepared With Milk,Soups and Sauces,69,3.12,10,341,7.62,0.2,4.36,2.73,0.6,73,0.26,119,1 cup,248
Onion Soup French,Soups and Sauces,157,6.6,15,427,17.39,1.2,2.23,7.43,0.1,133,1.1,158,1 cup,241
Pea Soup Prepared With Milk,Soups and Sauces,89,2.14,4,369,12.69,2,5.82,4.94,0.6,69,0.77,143,1 cup,254
Vegetable Soup Cream Of Prepared With Milk,Soups and Sauces,86,3.99,7,478,9.02,0.3,6.18,3.68,1.1,120,0.25,164,1 cup,248
Zucchini Soup Cream Of Prepared With Milk,Soups and Sauces,23,0.8,3,189,2.72,0.4,2.54,1.68,0.4,42,0.21,144,1 cup,248
Shav Soup,Soups and Sauces,52,2.53,65,319,3.96,0.4,1.73,3.1,0.3,27,0.43,116,1 cup,240
Seaweed Soup,Soups and Sauces,35,1.35,6,527,2.4,0.2,0.26,3.71,0,42,0.85,101,1 cup,230
Vegetable Soup Made From Dry Mix,Soups and Sauces,40,2.18,0,453,4.72,0.3,1.59,0.72,0,15,0.24,37,1 cup,253
Vegetable Soup Home Recipe,Soups and Sauces,38,0.87,0,242,6.24,1.2,1.49,1.82,0,14,0.48,181,1 cup,234
Vegetable Noodle Soup Home Recipe,Soups and Sauces,47,1.15,4,285,7.32,1,1.18,2.19,0,14,0.56,153,1 cup,241
Minestrone Soup Home Recipe,Soups and Sauces,61,1.11,3,262,9.69,1.8,1.08,3.5,0,27,1.08,204,1 cup,235
Minestrone Soup Canned Prepared With Water Or Ready-To-Serve,Soups and Sauces,34,1.03,1,261,4.6,0.4,0.75,1.74,0,16,0.38,128,1 cup,241
Vegetable Beef Soup Canned Prepared With Water Or Ready-To-Serve,Soups and Sauces,32,0.77,2,360,4.11,0.8,0.45,2.26,0,8,0.45,70,1 cup,244
Vegetable Beef Noodle Soup Prepared With Water,Soups and Sauces,32,0.77,2,360,4.12,0.8,0.45,2.26,0,8,0.45,70,1 cup,244
Vegetable Noodle Soup Canned Prepared With Water Or Ready-To-Serve,Soups and Sauces,30,0.79,0,261,4.9,0.3,1.57,0.86,0,10,0.44,86,1 cup,241
Vegetable Beef Soup With Rice Canned Prepared With Water Or Ready-To-Serve,Soups and Sauces,32,0.77,2,360,4.12,0.8,0.45,2.26,0,8,0.45,70,1 cup,244
Vegetable Soup With Chicken Broth Home Recipe Mexican Style,Soups and Sauces,61,2.98,2,213,6.51,0.6,2.44,2.45,0,7,0.33,176,1 cup,232
Vegetable Beef Soup Home Recipe,Soups and Sauces,55,1.82,13,270,3.9,0.8,1.02,5.86,0,14,0.73,167,1 cup,241
Vegetable Beef Soup Canned Prepared With Milk,Soups and Sauces,57,1.78,6,375,6.48,0.8,2.99,3.86,0.6,66,0.46,139,1 cup,248
Vegetable Beef Soup With Noodles Or Pasta Home Recipe,Soups and Sauces,67,2.05,17,278,5.68,0.8,1.06,6.45,0,14,0.86,150,1 cup,241
Vegetable Beef Soup With Rice Home Recipe,Soups and Sauces,67,1.89,14,276,6.29,0.7,0.99,6.17,0,14,0.87,145,1 cup,244
Vegetarian Vegetable Soup Prepared With Water,Soups and Sauces,30,0.79,0,261,4.9,0.3,1.57,0.86,0,10,0.44,86,1 cup,241
Vegetable Soup Spanish Style Stew Type,Soups and Sauces,87,3.21,15,366,8.01,1.6,1.74,6.69,0.1,19,0.78,230,1 cup,227
Broccoli Carrots And Cheese Baby Food Junior,Baby Foods,63,2.18,6,115,8.99,2,1.46,2.55,0,62,0.34,171,1 tablespoon,15
Carrots Baby Food Ns As To Strained Or Junior,Baby Foods,29,0.15,0,59,6.6,1.7,3.4,0.8,0,22,0.38,199,1 tablespoon,14
Carrots Baby Food Toddler,Baby Foods,26,0.3,0,48,5.23,2.3,2.5,0.6,0,19,0.2,129,1 tablespoon,10
Carrots And Peas Baby Food Strained,Baby Foods,38,0.26,0,37,7.18,1.8,2.82,2.04,0,20,0.66,151,1 tablespoon,14
Squash Baby Food Ns As To Strained Or Junior,Baby Foods,26,0.2,0,5,5.73,0.9,3.3,0.81,0,24,0.32,185,1 tablespoon,14
Sweet Potatoes Baby Food Ns As To Strained Or Junior,Baby Foods,58,0.1,0,20,13.6,1.5,4.14,1.1,0,16,0.38,253,1 tablespoon,14
Beans Green String Baby Food Ns As To Strained Or Junior,Baby Foods,26,0.14,0,6,6.04,2,1.48,1.2,0,52,0.88,137,1 tablespoon,15
Corn Creamed Baby Food Ns As To Strained Or Junior,Baby Foods,61,0.4,1,48,15.18,2.1,1.36,1.4,0,12,0.28,86,1 tablespoon,15
Mixed Vegetables Garden Vegetables Baby Food Ns As To Strained Or Junior,Baby Foods,34,0.3,0,34,7.5,1.5,2.17,1.85,0,20,0.62,169,1 tablespoon,15
Vegetable And Chicken Baby Food Ns As To Strained Or Junior,Baby Foods,56,1.42,9,29,8.54,1.6,1.52,2.26,0,27,0.43,120,1 tablespoon,16
Vegetable And Turkey Baby Food Ns As To Strained Or Junior,Baby Foods,50,1.32,4,32,7.58,1.2,1.45,2.02,0,22,0.36,100,1 tablespoon,16
Fried Stuffed Potatoes Puerto Rican Style,Prepared Meals,187,11.74,29,110,16.16,1.9,0.91,4.79,0.1,17,1.1,368,"1 fritter (4"" x 2-1/4"" x 3/4"")",95
Potato And Ham Fritters Puerto Rican Style,Prepared Meals,196,13.73,45,487,12.47,1.5,0.62,5.94,0.3,15,0.91,345,"1 fritter (2-3/4"" x 2-1/2"" x 1"")",70
Potato Chicken Pie Puerto Rican Style,Meats,352,22.18,50,734,23.77,1.5,0.88,15.07,0,58,1.93,285,"1/4 of 9"" dia pie",230
Green Plantain With Cracklings Puerto Rican Style,Vegetables,329,21.05,27,455,27.42,1.9,12.69,10.19,0.1,5,0.78,514,"1 ball (3"" dia)",64
Ripe Plantain Fritters Puerto Rican Style,Vegetables,415,29.16,92,364,29.4,2.4,13.83,11.95,0.5,24,1.56,600,"1 pionono (2""x 2-1/2"" x 3/4"")",58
Ripe Plantain Meat Pie Puerto Rican Style,Meats,323,21.59,117,480,21.9,2.4,10.25,12.45,0.6,36,2.02,535,"1 piece (4"" x 2"" x 2"")",190
Cassava Pasteles Puerto Rican Style,Meats,254,16.96,23,985,19.02,1.3,1.82,6.68,0.6,25,0.57,272,"1 pastel (6"" x 2"" x 1/2"")",145
Cassava Fritter Stuffed With Crab Meat Puerto Rican Style,Fish,266,12.24,35,583,30.34,1.7,5.46,8.92,0.9,119,0.59,415,"1 empanada (5"" x 2-1/2"" x 1/2"")",126
Stuffed Tannier Fritters Puerto Rican Style,Meats,383,29.18,38,1243,19.67,2.6,4.81,11.62,0.2,32,1.27,560,"1 small (4"" x 1"" x 1/2"")",24
Tannier Fritters Puerto Rican Style,Vegetables,234,11.13,70,227,27.27,4,0.46,6.54,0.4,142,0.88,615,"1 fritter (2-1/2"" x 1-1/2""x 1/2"")",20
Puerto Rican Pasteles,Meats,210,12.99,17,481,17.5,2.4,5.09,7.09,0.2,33,0.84,381,"1 pastel (5-1/2"" x 2-1/4"" x 1/4"")",149
Stuffed Cabbage With Meat Puerto Rican Style,Meats,209,15.76,29,668,8.21,2.4,4.59,9.51,0.2,41,1.35,395,1 cup,234
Stuffed Cabbage With Meat And Rice Syrian Dish Puerto Rican Style,Meats,83,3.25,7,117,10.82,1.8,2.31,3.23,0,30,0.91,161,1 cabbage roll,110
Eggplant And Meat Casserole,Meats,98,5.47,51,180,5.48,1.3,2.71,7.03,0.2,56,0.86,184,"1 moussaka (8"" square)",915
Spanish Stew,Meats,87,3.21,15,366,8.01,1.6,1.74,6.69,0.1,19,0.78,230,1 cup,242
Puerto Rican Stew,Meats,146,6.61,26,117,14.15,1.8,3.24,7.75,0.4,27,0.89,396,1 cup with bone (yield after bone removed),214
Fruit And Vegetable Smoothie,Beverages,60,0.62,1,22,13.22,1.4,7.9,1.69,0.3,56,0.57,300,1 fl oz,27
Fruit And Vegetable Smoothie Added Protein,Beverages,83,0.69,3,33,12.68,1.5,7.29,7.58,0.3,88,0.62,315,1 fl oz,27
Table Fat Nfs,Fats and Oils,643,72.59,129,657,0.38,0,0.04,0.58,1.6,23,0.01,26,1 cup,227
Butter Whipped Tub Salted,Fats and Oils,718,78.3,225,583,2.87,0,0.06,0.49,0,23,0.05,41,1 cup,151
Margarine-Like Spread Liquid Salted,Fats and Oils,527,59.17,1,713,0,0,0,0.6,1.6,21,0,30,1 cup,227
Margarine Like Spread Whipped Tub Salted,Fats and Oils,533,59.71,1,640,0.73,0,0,0.23,1.6,21,0,30,1 tablespoon,10
Vegetable Oil-Butter Spread Stick Salted,Fats and Oils,533,60.01,7,711,0.1,0,0,0.54,1.6,21,0,30,1 cup,227
Butter-Margarine Blend Stick Salted,Fats and Oils,717,80.91,108,697,0.38,0,0.03,0.5,0.8,14,0.04,21,1 cup,227
Oil Or Table Fat Nfs,Fats and Oils,764,86.3,65,329,0.19,0,0.02,0.29,0.8,12,0.09,13,1 cup,224
Animal Fat Or Drippings,Fats and Oils,841,92.18,93,605,0,0,0,2.23,2.2,4,0.23,21,1 cup,205
Garlic Sauce,Soups and Sauces,108,7.42,19,345,7.32,0.2,1.57,3.07,0,12,0.5,117,1 cup,228
Lemon-Butter Sauce,Soups and Sauces,623,70.16,186,13,0.96,0.2,0.3,0.93,0,29,0.38,60,1 cup,228
Hollandaise Sauce,Soups and Sauces,504,54.22,409,388,1.52,0,0.38,4.68,1.4,48,0.73,51,1 cup,257
Pesto Sauce,Soups and Sauces,569,58.52,16,1014,6.16,1,0.71,8.51,0.1,203,1.9,201,1 cup,232
Tartar Sauce Reduced Fat/calorie,Fats and Oils,86,3.01,8,803,15.31,2,10.14,0.39,0,14,0.23,61,1 cup,224
Honey Butter,Fats and Oils,470,32.53,86,260,49.38,0.1,49.21,0.52,0,13,0.26,41,1 cup,288
Vegetable Oil Nfs,Fats and Oils,886,100,0,0,0,0,0,0,0,0,0.16,0,1 cup,218
Salad Dressing NFS For Sandwiches,Fats and Oils,594,64.2,37,639,3.41,0,2.46,0.9,0.2,7,0.19,23,1 cup,237
Coleslaw Dressing,Fats and Oils,390,33.4,26,710,23.8,0.1,20.11,0.9,0.1,14,0.2,9,1 cup,250
French Or Catalina Dressing,Fats and Oils,457,44.81,0,836,15.58,0,15.95,0.77,0,24,0.8,67,1 cup,250
Yogurt Dressing,Fats and Oils,220,18.27,58,43,11.75,0.1,9.67,3.45,0.8,103,0.1,146,1 cup,246
Korean Dressing Or Marinade,Fats and Oils,338,30.74,0,1860,12.95,0.5,10.27,3.21,0,17,0.79,186,1 cup,246
Sugar Cinnamon,Sweets,377,0.09,0,2,98.63,3.7,92.99,0.28,0,71,0.63,32,1 cup,200
Sugar Substitute And Sugar Blend,Sweets,385,0,0,1,99.72,0,99.22,0,0,1,0.05,2,1 teaspoon,2
Sugar Substitute Stevia Liquid,Sweets,52,0,0,210,12.13,0.7,0.01,0.8,0,0,0,0,1 teaspoon,5
Sugar Substitute Powder Nfs,Sweets,349,0,0,150,90.14,0,82.09,0.66,0,0,0.02,4,1 individual packet,1
Sugar Substitute Liquid Nfs,Sweets,52,0,0,210,12.13,0.7,0.01,0.8,0,0,0,0,1 teaspoon,5
Sugar Substitute Saccharin Liquid,Sweets,8,0,0,13,2.05,0,1.96,0.02,0,3,0,1,1 teaspoon,5
Sugar White And Water Syrup,Sweets,304,0,0,3,78.48,0,78.34,0,0,2,0.04,2,1 cup,242
Sugar Brown And Water Syrup,Sweets,309,0,0,24,79.69,0,78.82,0.1,0,69,0.58,108,1 cup,242
Sugar Brown Liquid,Sweets,264,0,0,19,68.12,0,67.38,0.08,0,58,0.49,92,1 cup,335
Hard Sauce,Sweets,456,24.03,64,192,62.52,0,61.29,0.25,0,8,0.04,8,1 cup,168
Topping Chocolate Flavored Hazelnut Spread,Sweets,541,29.73,0,41,62.16,5.4,54.05,5.41,0,108,4.38,407,1 tablespoon,18
Topping Milk Chocolate With Cereal,Sweets,623,50.56,16,60,41.77,2.3,35.74,5.35,0,131,1.86,259,1 tub,35
Caramel Dip Regular,Sweets,291,12.17,32,386,48.47,0,48.46,1.16,0,45,0,60,1 tablespoon,20
Chocolate Dip,Sweets,388,13.06,19,299,65.39,2,45.46,3.33,0,37,0.93,204,1 tablespoon,20
Dessert Dip,Sweets,250,15.39,44,148,22.94,0,22.18,6.16,0.4,82,0.07,107,1 tablespoon,15
Syrup Dietetic,Sweets,52,0,0,210,12.13,0.7,0.01,0.8,0,0,0,0,1 cup,240
Topping Dietetic,Sweets,52,0,0,210,12.13,0.7,0.01,0.8,0,0,0,0,1 cup,227
Sweet And Sour Sauce,Soups and Sauces,150,0.02,0,371,38.22,0.1,18.75,0.27,0,10,0.21,99,1 cup,240
Fruit Sauce,Sweets,223,7.46,20,4,40.42,0.6,36.23,0.44,0,11,0.24,105,1 cup,340
Dessert Sauce,Sweets,145,7.79,21,103,19.6,0,17.1,0.09,0,5,0.02,3,1 cup,264
Duck Sauce,Soups and Sauces,245,0.13,0,455,60.61,0.6,30.54,0.36,0,11,0.39,87,1 cup,290
Plum Sauce Asian Style,Soups and Sauces,200,0.29,0,626,50.67,1.1,48.07,0.65,0,15,0.75,114,1 cup,311
Guava Paste,Sweets,282,0.04,0,2,72.83,1.1,71.62,0.1,0,3,0.09,69,1 tablespoon,20
Sweet Potato Paste,Sweets,294,0.04,0,9,75.3,0.8,71.58,0.41,0,9,0.25,70,1 tablespoon,20
Bean Paste Sweetened,Sweets,222,0.36,0,124,50.11,5.3,33.92,6.22,0,21,2.13,290,1 tablespoon,20
Chinese Preserved Sweet Vegetable,Fruits,371,0.1,0,4,95.51,0.3,95.15,0.39,0,6,0.17,86,1 slice,12
Gelatin Dessert,Sweets,62,0,0,75,14.19,0,13.49,1.22,0,3,0.02,1,1 cup,240
Gelatin Snacks,Sweets,139,0,0,172,33,0,31.37,2.84,0,3,0.05,3,"1 jiggler (2"" square)",36
Gelatin Dessert With Fruit,Sweets,65,0.09,0,48,16.11,0.6,13.36,1.09,0,5,0.12,97,1 cup,240
Gelatin Dessert With Whipped Cream,Sweets,81,1.83,0,71,14.83,0,14.18,1.22,0,3,0.03,2,1 cup,227
Gelatin Dessert With Fruit And Whipped Cream,Sweets,99,4.2,13,46,15.18,0.5,12.77,1.28,0.2,12,0.12,96,1 cup,227
Gelatin Dessert With Cream Cheese,Sweets,83,2.52,7,92,13.56,0,12.78,1.58,0,10,0.03,11,1 cup,239
Gelatin Dessert With Sour Cream,Sweets,92,4.28,13,65,12.08,0,11.26,1.49,0,25,0.03,28,1 cup,227
Gelatin Dessert With Fruit And Sour Cream,Sweets,107,2.34,7,45,21.79,1,19.19,1.32,0,19,0.28,112,1 cup,249
Gelatin Dessert With Fruit And Cream Cheese,Sweets,79,1.72,5,61,15.61,0.6,12.9,1.33,0,9,0.12,99,1 cup,239
Gelatin Dessert With Fruit Vegetable And Nuts,Sweets,76,2.21,0,50,13.87,0.6,12.2,1.42,0,9,0.19,71,1 cup,240
Gelatin Salad With Vegetables,Sweets,51,0.03,0,237,12.12,0.3,11.1,1.11,0,7,0.07,45,1 cup,243
Gelatin Dessert With Fruit And Whipped Topping,Sweets,103,4.07,0,46,16.58,0.8,13.78,1.54,0,8,0.21,101,1 cup,227
Gelatin Dessert With Fruit And Vegetables,Sweets,61,0.06,0,55,15.05,0.6,13.49,1.02,0,7,0.11,65,1 cup,240
Gelatin Dessert Dietetic Sweetened With Low Calorie Sweetener,Sweets,4,0,0,22,1.72,0,0,0.34,0,3,0,0,1 cup,240
Gelatin Dessert Dietetic With Fruit Sweetened With Low Calorie Sweetener,Sweets,43,0.1,0,30,10.58,0.7,5.42,0.86,0,5,0.13,108,1 cup,240
Gelatin Dessert Dietetic With Whipped Topping Sweetened With Low Calorie Sweetener,Sweets,26,0.47,0,53,4.72,0,0.84,0.84,0,3,0.01,3,1 cup,227
Gelatin Dessert Dietetic With Cream Cheese Sweetened With Low Calorie Sweetener,Sweets,51,4.66,14,62,2.24,0,0.51,1.12,0,16,0.02,18,1 cup,239
Gelatin Dessert Dietetic With Sour Cream Sweetened With Low Calorie Sweetener,Sweets,47,2.43,8,56,4.88,0,0.05,1.44,0,35,0.02,49,1 cup,227
Gelatin Dessert Dietetic With Fruit And Sour Cream Sweetened With Low Calorie Sweetener,Sweets,49,1.45,4,20,9.33,1.2,4.75,0.97,0,28,0.37,148,1 cup,249
Gelatin Dessert Dietetic With Fruit And Cream Cheese Sweetened With Low Calorie Sweetener,Sweets,60,1.7,5,42,10.92,0.8,5.55,1.12,0,9,0.13,122,1 cup,239
Gelatin Dessert Dietetic With Fruits And Vegetables Sweetened With Low Calorie Sweetener,Sweets,47,2.4,0,17,6.88,0.7,4.51,0.95,0,10,0.19,77,1 cup,240
Gelatin Salad Dietetic With Vegetables Sweetened With Low Calorie Sweetener,Sweets,8,0.04,0,214,2.18,0.4,0.54,0.38,0,8,0.06,50,1 cup,243
Gelatin Dessert Dietetic With Fruit And Whipped Topping Sweetened With Low Calorie Sweetener,Sweets,46,0.6,0,38,10.04,0.6,5.42,0.86,0,4,0.11,92,1 cup,249
Danish Dessert Pudding,Sweets,146,0.02,0,46,37.41,0.3,26.57,0.07,0,6,0.21,17,1 cup,274
Yokan,Sweets,131,0.16,0,119,30.56,2,24.59,2.86,0,15,0.59,120,1 oz,28
Coconut Cream Cake Puerto Rican Style,Baked Foods,318,14.65,82,13,47.44,1.2,45.97,2.41,0.4,19,1.1,149,1 tablespoon,15
Pineapple Custard Puerto Rican Style,Sweets,155,4.23,163,63,23.73,0.1,21.98,5.7,0.9,31,0.94,124,1 cup,260
Haupia,Sweets,272,20.41,0,83,23.57,2,14.72,1.98,0,14,1.45,226,1 cup,213
Gelatin Frozen Whipped On A Stick,Sweets,62,0,0,75,14.19,0,13.49,1.22,0,3,0.02,1,1 bar (pop),53
Ice Pop Filled With Ice Cream All Flavor Varieties,Sweets,121,3.79,15,31,20.67,0.2,16.16,1.16,0.1,42,0.39,76,1 cream pop,59
Almonds Chocolate Covered,Sweets,574,45.66,7,37,30.89,8,18.69,17.27,0,222,3,573,1 almond,3
Almonds Sugar-Coated,Sweets,474,17.93,0,13,68.26,2.5,62.5,10,0,100,1.9,255,1 piece,4
Almonds Yogurt-Covered,Sweets,553,38.48,1,57,43.57,4.5,36.38,12.86,0,219,1.55,456,1 almond,4
Caramel With Nuts,Sweets,412,14.39,6,218,70.03,0.7,58.57,5.77,0,134,0.44,239,1 piece,6
Caramel Candy Chocolate Covered,Sweets,417,13.06,11,207,72.95,0.8,62.28,5.3,0,150,0.65,250,1 piece,9
Caramel With Nuts And Cereal Chocolate Covered,Sweets,491,25.1,10,165,61.51,2.4,42.95,6.66,0,73,0.58,253,1 oz,28
Caramel All Flavors Sugar Free,Sweets,432,14.08,1,176,72.93,0.5,18.63,1.95,0,112,0.4,308,1 piece,7
Twix Chocolate Fudge Cookie Bars,Sweets,550,33.3,6,266,56,3,53,7.3,0,130,1.31,309,1 package twix chocolate fudge cookie bars (1.57 oz),45
Twix Peanut Butter Cookie Bars,Sweets,536,32.67,6,226,54.15,3.1,36.13,9.18,0,75,1.32,264,1 package (1.89 oz 2 bars),54
Nuts Carob-Coated,Sweets,559,41.12,0,63,36.84,6.5,19.39,15.88,0,234,2.61,658,1 oz,28
Chocolate Milk With Nuts Not Almond Or Peanuts,Sweets,552,35.06,19,66,52.5,4.1,43.03,8.64,0,169,2.72,404,1 piece,11
Milk Chocolate Candy With Fruit And Nuts,Sweets,456,24.38,8,47,59.98,4.3,51.48,7.58,0,125,1.59,494,1 piece,11
Chocolate Candy With Fondant And Caramel,Sweets,478,20.12,16,87,69.3,2.2,61.69,5.54,0,141,1.53,269,1 bar (1.06 oz),30
Chocolate Sweet Or Dark,Sweets,528,33.2,4,20,60.18,6.4,48.81,4.5,0,40,5.44,429,1 miniature/bite size,8
Chocolate Sweet Or Dark With Almonds,Sweets,553,33.81,6,21,56.48,7.7,42.34,6.55,0,76,7.73,583,1 bar,41
Chocolate White With Almonds,Sweets,547,35.15,18,79,53.15,1.7,50.84,8.2,0,205,0.7,342,1 bar (1.313 oz),37
Coconut Candy Chocolate Covered,Sweets,486,26.6,2,145,58.59,3.7,46.19,4.6,0,21,2.09,321,1 piece (.5 oz),14
Coconut Candy Puerto Rican Style,Sweets,408,13.64,0,9,74.66,1.3,73.27,1.31,0,10,0.97,152,1 cubic inch,17
Date Candy,Sweets,379,18.09,0,18,58.05,6.9,45.03,4.17,0,76,1.73,541,1 oz,28
Fruit Leather And Fruit Snacks Candy,Sweets,365,2.84,0,360,84.31,0,53.37,0.55,0,25,0.88,229,1 piece,2
Fun Fruits Creme Supremes,Sweets,475,21.04,13,176,69.33,0.1,55.26,3.68,0,136,0.53,289,1 pouch (.9 oz),26
Tamarind Candy,Sweets,368,0,0,1643,91.96,2.5,78.57,0,0,0,0,309,1 tablespoon,22
Gumdrops Chocolate Covered,Sweets,435,8.3,6,54,87.84,1,56.88,2.14,0,55,0.95,108,1 piece,14
Fudge Chocolate Chocolate-Coated,Sweets,448,16.18,17,55,71.33,2.2,66.63,3.97,0,91,1.94,205,1 piece 1 cubic inch,22
Fudge Chocolate Chocolate-Coated With Nuts,Sweets,483,22.15,15,51,65.37,2.8,59.81,5.36,0,97,2.08,240,1 piece 1 cubic inch,22
Fudge Chocolate,Sweets,411,10.41,14,45,76.44,1.7,73.12,2.39,0,49,1.77,134,1 piece 1 cubic inch,22
Fudge Chocolate With Nuts,Sweets,461,18.93,12,39,67.93,2.5,63.37,4.38,0,57,1.97,183,1 piece 1 cubic inch,22
Fudge Peanut Butter,Sweets,436,16.84,11,141,67.3,1.2,62.58,6.3,0,41,0.45,175,1 piece 1 cubic inch,22
Fudge Peanut Butter With Nuts,Sweets,475,23.04,10,137,61.63,1.9,55.99,7.77,0,47,0.74,216,1 piece 1 cubic inch,22
Fudge Divinity,Sweets,399,7.76,0,64,83.17,0.9,81.95,4.24,0,13,0.44,86,1 piece 1 cubic inch,12
Fudge Brown Sugar Penuche,Sweets,396,10.21,1,320,77.77,1.1,75.85,2.1,0,106,0.84,193,1 piece 1 cubic inch,22
Baby Ruth,Sweets,459,21.6,0,230,64.8,2,54,5.4,0,47,0.63,249,NULL,NULL
Halvah Plain,Sweets,522,31.87,0,19,57.56,4.5,53.08,7.98,0,24,2.51,145,1 bar (8 oz),227
Halvah Chocolate Covered,Sweets,526,31.25,6,36,58.08,4.2,52.64,7.88,0,70,2.46,209,1 bar (8 oz),227
Honey-Combed Hard Candy With Peanut Butter,Sweets,486,20.18,0,174,67.41,1.9,62.68,8.72,0,21,0.71,220,1 piece,6
Chocolate-Flavored Sprinkles,Sweets,511,30.04,0,4,66.8,3.3,60.47,1.99,0,13,1.78,278,1 cup chocolate-flavored,176
Ladoo Round Ball Asian-Indian Dessert,Sweets,401,21.9,53,169,46.84,4,29.68,6.92,0,26,1.29,196,"1 ball (1-3/4"" dia)",63
Marshmallow Chocolate Covered,Sweets,375,10.4,0,61,75.03,1.7,55.74,2.43,0,9,0.99,90,1 piece,11
Marshmallow Candy-Coated,Sweets,343,0.13,0,52,87.99,0.1,72.68,1.16,0,2,0.17,4,1 piece,14
Marshmallow Coconut-Coated,Sweets,332,5.49,0,112,72.23,0.8,52.56,2.42,0,5,0.48,63,1 piece,10
Nougat Chocolate Covered,Sweets,436,9.51,6,46,83.15,3.3,46.8,4.54,0,76,1.08,180,1 bar (1.875 oz),53
Nuts Chocolate Covered Not Almonds Or Peanuts,Sweets,568,41.6,12,44,42.05,4.9,28.09,11.39,0,134,3.85,497,1 oz,28
Sugared Pecans Sugar And Egg White Coating,Sweets,560,48.77,0,17,31.86,6.5,25.12,7.29,0,48,1.73,294,1 cup,79
Peanuts Yogurt Covered,Sweets,542,37.01,1,56,42.43,3.8,36.42,14.84,0,154,2.14,477,1 piece,2
Planters Peanut Bar,Sweets,510,30.45,0,186,50.84,5.5,44.34,16.26,0,36,0.9,422,1 piece,16
Peanut Bar Chocolate Covered Candy,Sweets,526,32.45,7,132,51.12,3.9,45.1,13.07,0,112,1.4,396,1 bar (2 oz),57
Peanut Butter Chocolate Covered,Sweets,513,28.36,8,177,58.59,2.9,51.64,10.45,0,84,1.45,326,1 piece,34
Pralines,Sweets,396,10.21,1,320,77.77,1.1,75.85,2.1,0,106,0.84,193,1 cubic inch,21
Pineapple Candy Puerto Rican Style,Sweets,329,0.14,0,2,85.13,1.2,83.75,0.65,0,23,0.64,173,1 cup,232
Raisins Yogurt Covered,Sweets,393,11.61,0,43,72.78,2.1,60.52,4.25,0,115,1.15,556,1 piece,1
Taffy,Sweets,400,8.03,0,75,82.15,0,55.59,0.81,0,9,0.06,12,1 piece,5
Toffee Plain,Sweets,388,8.22,7,249,78.17,0,66.5,4.67,0,140,0.14,217,1 piece,7
Toffee Chocolate-Coated With Nuts,Sweets,446,18.22,11,179,66.83,1.8,56.2,7.62,0,149,1.19,309,1 piece,11
Truffles,Sweets,511,31.93,41,86,49.61,2.8,43.09,6.77,0.2,167,1.96,323,1 piece,13
Wax Candy Liquid Filled,Sweets,126,0,0,2,32.53,0,32.47,0,0,2,0.02,1,1 pop bottle yields,4
Coffee Brewed Blend Of Regular And Decaffeinated,Beverages,0,0.01,0,2,0,0,0,0.11,0,2,0.03,52,1 fl oz,30
Coffee Turkish,Beverages,26,0.02,0,2,6.49,0,6.48,0.11,0,2,0.01,46,1 fl oz,31
Coffee Cuban,Beverages,33,0.17,0,13,7.86,0,6.28,0.11,0,2,0.12,108,1 fl oz,31
Coffee Macchiato,Beverages,23,0.8,2,24,2.72,0,1.68,1.16,0.4,40,0.1,123,1 fl oz,30
Coffee Macchiato Sweetened,Beverages,38,0.76,2,23,6.91,0,5.91,1.11,0.4,39,0.09,118,1 fl oz,31
Coffee Cafe Con Leche,Beverages,39,1.08,4,28,5.64,0,4.93,1.64,0.6,58,0.08,125,1 fl oz,31
Coffee Cafe Con Leche Decaffeinated,Beverages,39,1.09,4,29,5.72,0,5.01,1.65,0.6,59,0.08,125,1 fl oz,31
Coffee Latte,Beverages,43,1.68,7,41,4.27,0,4.2,2.76,1,100,0.04,136,1 fl oz,30
Coffee Latte Nonfat,Beverages,30,0.1,2,37,4.4,0,4.23,2.82,1,102,0.05,149,1 fl oz,30
Coffee Latte With Non-Dairy Milk,Beverages,35,1.07,0,48,5.07,0.2,4.12,1.28,0.9,130,0.32,91,1 fl oz,30
Coffee Latte Flavored,Beverages,54,1.62,6,40,7.42,0,7.35,2.67,1,97,0.04,131,1 fl oz,31
Coffee Latte Nonfat Flavored,Beverages,42,0.09,2,36,7.55,0,7.38,2.73,1,98,0.05,144,1 fl oz,31
Coffee Latte With Non-Dairy Milk Flavored,Beverages,47,1.04,0,47,8.18,0.2,7.26,1.23,0.8,125,0.31,88,1 fl oz,31
Coffee Latte Decaffeinated,Beverages,43,1.68,7,42,4.29,0,4.23,2.77,1,101,0.04,136,1 fl oz,30
Coffee Latte Decaffeinated Nonfat,Beverages,30,0.1,2,37,4.42,0,4.25,2.83,1,102,0.05,149,1 fl oz,30
Coffee Latte Decaffeinated With Non-Dairy Milk,Beverages,35,1.08,0,48,5.09,0.3,4.14,1.28,0.9,130,0.32,91,1 fl oz,30
Coffee Latte Decaffeinated Flavored,Beverages,55,1.63,6,40,7.46,0,7.39,2.68,1,97,0.04,131,1 fl oz,31
Coffee Latte Decaffeinated Nonfat Flavored,Beverages,42,0.09,2,36,7.59,0,7.42,2.74,1,99,0.05,144,1 fl oz,31
Coffee Latte Decaffeinated With Non-Dairy Milk Flavored,Beverages,47,1.04,0,47,8.22,0.2,7.3,1.24,0.8,126,0.31,88,1 fl oz,31
Frozen Coffee Drink,Beverages,67,0.93,4,25,13.4,0,13.24,1.53,0.5,56,0.04,82,1 fl oz,31
Frozen Coffee Drink Nonfat,Beverages,59,0.06,1,22,13.47,0,13.25,1.56,0.5,57,0.04,90,1 fl oz,31
Frozen Coffee Drink With Non-Dairy Milk,Beverages,62,0.6,0,28,13.82,0.1,13.17,0.71,0.5,73,0.19,58,1 fl oz,31
Frozen Coffee Drink With Whipped Cream,Beverages,81,2.8,9,25,12.83,0,12.69,1.6,0.6,57,0.04,83,1 fl oz,31
Frozen Coffee Drink Nonfat With Whipped Cream,Beverages,74,1.98,7,23,12.9,0,12.7,1.63,0.6,58,0.04,90,1 fl oz,31
Frozen Coffee Drink With Non-Dairy Milk And Whipped Cream,Beverages,77,2.48,6,28,13.23,0.1,12.62,0.82,0.5,72,0.19,60,1 fl oz,31
Frozen Coffee Drink Decaffeinated,Beverages,67,0.94,4,25,13.46,0,13.3,1.53,0.6,56,0.03,82,1 fl oz,31
Frozen Coffee Drink Decaffeinated Nonfat,Beverages,60,0.06,1,22,13.53,0,13.32,1.57,0.6,57,0.04,90,1 fl oz,31
Frozen Coffee Drink Decaffeinated With Non-Dairy Milk,Beverages,64,0.7,0,25,13.52,0.1,12.66,1.21,0.5,58,0.22,74,1 fl oz,31
Frozen Coffee Drink Decaffeinated With Whipped Cream,Beverages,81,2.81,10,25,12.89,0,12.75,1.6,0.6,57,0.04,83,1 fl oz,31
Frozen Coffee Drink Decaffeinated Nonfat With Whipped Cream,Beverages,75,1.98,7,23,12.96,0,12.76,1.63,0.6,58,0.04,90,1 fl oz,31
Frozen Coffee Drink Decaffeinated With Non-Dairy Milk And Whipped Cream,Beverages,77,2.49,6,28,13.29,0.1,12.68,0.82,0.5,73,0.19,59,1 fl oz,31
Coffee Cafe Mocha,Beverages,64,1.53,6,52,10.15,0,9.42,2.52,0.9,91,0.04,135,1 fl oz,31
Coffee Cafe Mocha Nonfat,Beverages,52,0.09,2,48,10.23,0,9.4,2.56,0.9,92,0.04,147,1 fl oz,31
Coffee Cafe Mocha With Non-Dairy Milk,Beverages,57,0.98,0,58,10.81,0.2,9.28,1.16,0.8,118,0.29,94,1 fl oz,31
Coffee Cafe Mocha Decaffeinated,Beverages,64,1.53,6,52,10.15,0,9.42,2.52,0.9,91,0.04,135,1 fl oz,31
Coffee Cafe Mocha Decaffeinated Nonfat,Beverages,52,0.09,2,48,10.27,0,9.45,2.57,0.9,93,0.04,147,1 fl oz,31
Coffee Cafe Mocha Decaffeinated With Non-Dairy Milk,Beverages,57,0.98,0,58,10.86,0.2,9.33,1.16,0.8,118,0.29,94,1 fl oz,31
Frozen Mocha Coffee Drink,Beverages,66,0.91,4,37,13.04,0,12.24,1.48,0.5,54,0.03,91,1 fl oz,31
Frozen Mocha Coffee Drink Nonfat,Beverages,59,0.06,1,35,13.11,0,12.26,1.51,0.5,55,0.04,98,1 fl oz,31
Frozen Mocha Coffee Drink With Non-Dairy Milk,Beverages,61,0.59,0,41,13.45,0.1,12.18,0.69,0.5,70,0.18,67,1 fl oz,31
Frozen Mocha Coffee Drink With Whipped Cream,Beverages,80,2.72,9,37,12.51,0,11.76,1.55,0.6,55,0.03,91,1 fl oz,31
Frozen Mocha Coffee Drink Nonfat With Whipped Cream,Beverages,73,1.92,7,35,12.58,0,11.78,1.58,0.6,56,0.04,98,1 fl oz,31
Frozen Mocha Coffee Drink With Non-Dairy Milk And Whipped Cream,Beverages,76,2.41,6,40,12.9,0.1,11.7,0.8,0.5,70,0.18,68,1 fl oz,31
Frozen Mocha Coffee Drink Decaffeinated,Beverages,66,0.91,4,38,13.1,0,12.3,1.49,0.5,55,0.03,91,1 fl oz,31
Frozen Mocha Coffee Drink Decaffeinated Nonfat,Beverages,59,0.06,1,35,13.17,0,12.32,1.52,0.5,56,0.04,98,1 fl oz,31
Frozen Mocha Coffee Drink Decaffeinated With Non-Dairy Milk,Beverages,62,0.59,0,41,13.51,0.1,12.24,0.69,0.5,71,0.18,67,1 fl oz,31
Frozen Mocha Coffee Drink Decaffeinated With Whipped Cream,Beverages,80,2.73,9,37,12.56,0,11.82,1.56,0.6,55,0.03,91,1 fl oz,31
Frozen Mocha Coffee Drink Decaffeinated Nonfat With Whipped Cream,Beverages,73,1.93,7,35,12.63,0,11.83,1.59,0.6,56,0.04,98,1 fl oz,31
Frozen Mocha Coffee Drink Decaffeinated With Non-Dairy Milk And Whipped Cream,Beverages,76,2.42,6,40,12.95,0.1,11.76,0.8,0.5,70,0.18,68,1 fl oz,31
Iced Coffee Brewed,Beverages,1,0.02,0,2,0,0,0,0.09,0,2,0.01,38,1 fl oz,30
Iced Coffee Brewed Decaffeinated,Beverages,0,0,0,2,0,0,0,0.08,0,2,0.04,42,1 fl oz,30
Iced Coffee Pre-Lightened And Pre-Sweetened,Beverages,30,1.1,3,6,4.91,0,4.95,0.25,0.1,7,0.01,42,1 fl oz,31
Coffee Iced Latte,Beverages,27,1.05,4,28,2.76,0,2.6,1.72,0.6,63,0.03,92,1 fl oz,30
Coffee Iced Latte Nonfat,Beverages,19,0.07,1,25,2.84,0,2.62,1.75,0.6,64,0.04,101,1 fl oz,30
Coffee Iced Latte With Non-Dairy Milk,Beverages,22,0.68,0,32,3.26,0.2,2.55,0.8,0.5,81,0.21,65,1 fl oz,30
Coffee Iced Latte Flavored,Beverages,39,1.01,4,27,6.06,0,5.9,1.66,0.6,61,0.03,89,1 fl oz,31
Coffee Iced Latte Nonfat Flavored,Beverages,32,0.07,1,24,6.14,0,5.91,1.69,0.6,62,0.04,97,1 fl oz,31
Coffee Iced Latte With Non-Dairy Milk Flavored,Beverages,35,0.66,0,31,6.53,0.1,5.84,0.77,0.5,79,0.2,62,1 fl oz,31
Coffee Iced Latte Decaffeinated,Beverages,27,1.05,4,28,2.77,0,2.62,1.72,0.6,63,0.03,92,1 fl oz,30
Coffee Iced Latte Decaffeinated Nonfat,Beverages,19,0.07,1,25,2.85,0,2.63,1.76,0.6,64,0.04,100,1 fl oz,30
Coffee Iced Latte Decaffeinated With Non-Dairy Milk,Beverages,23,0.68,0,32,3.27,0.2,2.57,0.8,0.5,82,0.21,64,1 fl oz,30
Coffee Iced Latte Decaffeinated Flavored,Beverages,40,1.02,4,27,6.08,0,5.93,1.66,0.6,61,0.03,89,1 fl oz,31
Coffee Iced Latte Decaffeinated Nonfat Flavored,Beverages,32,0.07,1,24,6.16,0,5.94,1.7,0.6,62,0.04,97,1 fl oz,31
Coffee Iced Latte Decaffeinated With Non-Dairy Milk Flavored,Beverages,35,0.66,0,31,6.56,0.2,5.87,0.77,0.5,79,0.2,62,1 fl oz,31
Coffee Iced Cafe Mocha,Beverages,50,0.95,4,39,8.9,0,8.07,1.55,0.6,57,0.03,95,1 fl oz,31
Coffee Iced Cafe Mocha Nonfat,Beverages,43,0.07,1,37,8.98,0,8.09,1.59,0.6,58,0.03,103,1 fl oz,31
Coffee Iced Cafe Mocha With Non-Dairy Milk,Beverages,46,0.61,0,43,9.34,0.1,8.01,0.72,0.5,74,0.19,70,1 fl oz,31
Coffee Iced Cafe Mocha Decaffeinated,Beverages,51,0.95,4,39,8.94,0,8.11,1.56,0.6,57,0.03,95,1 fl oz,31
Coffee Iced Cafe Mocha Decaffeinated Nonfat,Beverages,43,0.06,1,37,9.02,0,8.13,1.59,0.6,58,0.03,103,1 fl oz,31
Coffee Iced Cafe Mocha Decaffeinated With Non-Dairy Milk,Beverages,46,0.62,0,43,9.38,0.1,8.05,0.72,0.5,74,0.19,70,1 fl oz,31
Coffee Instant Reconstituted,Beverages,3,0,0,4,0.63,0,0,0.1,0,4,0.04,30,1 fl oz,30
Coffee Instant 50% Less Caffeine Reconstituted,Beverages,3,0,0,4,0.61,0,0,0.12,0,4,0.04,30,1 fl oz,30
Coffee Instant Decaffeinated Reconstituted,Beverages,3,0,0,4,0.64,0,0,0.1,0,4,0.03,29,1 fl oz,30
Coffee Instant Pre-Lightened And Pre-Sweetened With Sugar Reconstituted,Beverages,27,0.68,0,7,5.12,0,3.45,0.15,0,4,0.04,42,1 fl oz,31
Coffee Instant Decaffeinated Pre-Lightened And Pre-Sweetened With Sugar Reconsitituted,Beverages,26,0.68,0,7,5.13,0,3.45,0.14,0,4,0.04,42,1 fl oz,31
Coffee Instant Pre-Sweetened With Sugar Reconstituted,Beverages,16,0,0,4,3.98,0,3.36,0.1,0,4,0.04,29,1 fl oz,31
Coffee Mocha Instant Pre-Lightened And Pre-Sweetened With Sugar Reconstituted,Beverages,44,1.8,0,29,6.49,0.1,4.32,0.43,0,22,0,87,1 fl oz,31
Coffee Mocha Instant Pre-Lightened And Pre-Sweetened With Low Calorie Sweetener Reconstituted,Beverages,15,0.43,0,20,2.46,0.2,1.14,0.32,0,5,0.11,67,1 fl oz,30
Coffee Instant Pre-Lightened And Pre-Sweetened With Low Calorie Sweetener Reconstituted,Beverages,16,0.7,0,7,2.37,0,0.6,0.15,0,4,0.04,43,1 fl oz,30
Coffee Instant Decaffeinated Pre-Lightened And Pre-Sweetened With Low Calorie Sweetener Reconstituted,Beverages,16,0.7,0,7,2.38,0,0.6,0.15,0,4,0.04,43,1 fl oz,30
Coffee Mocha Instant Decaffeinated Pre-Lightened And Pre-Sweetened With Low Calorie Sweetener Reconstituted,Beverages,14,0.43,0,20,2.33,0.2,1.14,0.29,0,5,0.1,61,1 fl oz,30
Coffee Pre-Lightened And Pre-Sweetened With Sugar,Beverages,27,0.68,0,7,5.12,0,3.45,0.15,0,4,0.04,42,1 fl oz,31
Coffee Decaffeinated Pre-Lightened And Pre-Sweetened With Sugar,Beverages,26,0.68,0,7,5.13,0,3.45,0.14,0,4,0.04,42,1 fl oz,31
Coffee Pre-Lightened And Pre-Sweetened With Low Calorie Sweetener,Beverages,16,0.7,0,7,2.37,0,0.6,0.15,0,4,0.04,43,1 fl oz,30
Coffee Decaffeinated Pre-Lightened And Pre-Sweetened With Low Calorie Sweetener,Beverages,16,0.7,0,7,2.38,0,0.6,0.15,0,4,0.04,43,1 fl oz,30
Coffee Pre-Lightened,Beverages,14,0.71,0,7,1.88,0,0.17,0.15,0,4,0.04,43,1 fl oz,30
Coffee Decaffeinated Pre-Lightened,Beverages,14,0.71,0,7,1.89,0,0.17,0.15,0,4,0.04,43,1 fl oz,30
Coffee Pre-Sweetened With Sugar,Beverages,16,0,0,4,3.98,0,3.36,0.1,0,4,0.04,29,1 fl oz,31
Coffee Decaffeinated Pre-Sweetened With Sugar,Beverages,16,0,0,4,3.99,0,3.36,0.09,0,4,0.03,28,1 fl oz,31
Coffee Pre-Sweetened With Low Calorie Sweetener,Beverages,5,0,0,4,1.13,0,0.45,0.1,0,4,0.04,29,1 fl oz,30
Coffee Decaffeinated Pre-Sweetened With Low Calorie Sweetener,Beverages,5,0,0,4,1.14,0,0.45,0.1,0,4,0.03,29,1 fl oz,30
Coffee Cappuccino,Beverages,27,1.03,4,27,2.7,0,2.55,1.68,0.6,62,0.03,90,1 fl oz,30
Coffee Cappuccino Nonfat,Beverages,19,0.07,1,25,2.78,0,2.56,1.72,0.6,63,0.04,98,1 fl oz,30
Coffee Cappuccino With Non-Dairy Milk,Beverages,22,0.67,0,32,3.2,0.2,2.51,0.79,0.5,80,0.2,63,1 fl oz,30
Coffee Cappuccino Decaffeinated,Beverages,27,1.03,4,27,2.71,0,2.56,1.69,0.6,62,0.03,90,1 fl oz,30
Coffee Cappuccino Decaffeinated Nonfat,Beverages,19,0.07,1,25,2.79,0,2.58,1.72,0.6,63,0.04,98,1 fl oz,30
Coffee Cappuccino Decaffeinated With Non-Dairy Milk,Beverages,22,0.67,0,32,3.22,0.2,2.53,0.79,0.5,81,0.2,63,1 fl oz,30
Coffee Bottled/canned Light,Beverages,35,0.72,3,18,5.89,0,5.97,1.25,0.4,44,0.02,79,1 fl oz,30
Coffee Instant Pre-Sweetened With Sugar Not Reconstituted,NULL,380,0.1,0,8,95.22,0,80.48,2.36,0,28,0.89,686,1 teaspoon dry,3
Coffee Mocha Instant Pre-Lightened And Pre-Sweetened With Low Calorie Sweetener Not Reconstituted,NULL,435,12.43,0,472,71.64,4.5,32.84,9.2,0,65,3.14,1958,1 teaspoon dry,2
Coffee Instant Pre-Lightened And Pre-Sweetened With Sugar Not Reconstituted,NULL,430,11.12,0,47,83.16,0,56.07,2.4,0,19,0.68,680,1 teaspoon dry,3
Coffee Instant Decaffeinated Pre-Lightened And Pre-Sweetened With Low Calorie Sweetener Not Reconstituted,NULL,457,20.14,0,81,68.16,0,17.26,4.22,0,34,1.05,1227,1 teaspoon dry,2
Chicory Beverage,Beverages,7,0,0,4,1.42,0,0,0.22,0,6,0.07,65,1 fl oz,30
Cereal Beverage,Beverages,5,0.03,0,5,1,0.3,0.06,0.08,0,4,0.06,31,1 fl oz,30
Cereal Beverage With Beet Roots From Powdered Instant,Beverages,5,0.03,0,5,1,0.3,0.06,0.08,0,4,0.06,31,1 fl oz,30
Tea Iced Instant Black Unsweetened,Beverages,1,0,0,4,0.23,0,0.01,0.02,0,3,0,10,NULL,NULL
Tea Iced Instant Black Pre-Sweetened With Sugar,Beverages,30,0.05,0,4,7.31,0.1,7.07,0.01,0,3,0.02,13,NULL,NULL
Tea Iced Instant Black Decaffeinated Pre-Sweetened With Sugar,Beverages,31,0,0,4,7.92,0,7.76,0.06,0,3,0.01,17,NULL,NULL
Tea Iced Instant Black Decaffeinated Pre-Sweetened With Low Calorie Sweetener,Beverages,3,0,0,7,0.72,0,0.02,0.03,0,3,0.07,21,NULL,NULL
Corn Beverage,Beverages,44,0.21,0,135,9.4,0.5,0.19,0.84,0,3,0.49,16,1 fl oz,30
Tea Hot Chai With Milk,Beverages,50,0.98,4,22,8.98,0.1,8.82,1.55,0.6,57,0.04,84,1 fl oz,30
Iced Tea / Lemonade Juice Drink,Beverages,33,0.03,0,12,9.17,0.3,7.2,0.2,0,4,0.04,67,1 fl oz (no ice),30
Iced Tea / Lemonade Juice Drink Light,Beverages,21,0.04,0,13,6.13,0.3,3.86,0.22,0,5,0.04,72,1 fl oz (no ice),30
Iced Tea / Lemonade Juice Drink Diet,Beverages,2,0,0,4,0.57,0,0,0,0,6,0,21,1 fl oz (no ice),30
Tea Iced Brewed Black Pre-Sweetened With Sugar,Beverages,31,0,0,3,7.97,0,7.68,0,0,0,0.02,34,1 fl oz (no ice),31
Tea Iced Brewed Black Pre-Sweetened With Low Calorie Sweetener,Beverages,2,0,0,3,0.68,0,0.33,0,0,0,0.02,37,1 fl oz (no ice),30
Tea Iced Brewed Black Decaffeinated Pre-Sweetened With Sugar,Beverages,31,0,0,3,7.97,0,7.68,0,0,0,0.02,34,1 fl oz (no ice),31
Tea Iced Brewed Black Decaffeinated Pre-Sweetened With Low Calorie Sweetener,Beverages,2,0,0,3,0.68,0,0.33,0,0,0,0.02,37,1 fl oz (no ice),30
Tea Iced Brewed Green Pre-Sweetened With Sugar,Beverages,31,0,0,1,7.69,0,7.68,0.2,0,0,0.02,8,1 fl oz (no ice),31
Tea Iced Brewed Green Pre-Sweetened With Low Calorie Sweetener,Beverages,2,0,0,1,0.38,0,0.33,0.22,0,0,0.02,8,1 fl oz (no ice),30
Tea Iced Brewed Green Decaffeinated Pre-Sweetened With Sugar,Beverages,30,0,0,0,7.69,0,7.68,0,0,0,0,14,1 fl oz (no ice),31
Tea Iced Brewed Green Decaffeinated Pre-Sweetened With Low Calorie Sweetener,Beverages,1,0,0,0,0.38,0,0.33,0,0,0,0,15,1 fl oz (no ice),30
Soft Drink Fruit Flavored Caffeine Containing,Beverages,49,0,0,18,12.83,0,12.9,0,0,2,0.11,2,1 fl oz (no ice),31
Fruit Juice Drink Citrus Carbonated,Beverages,30,0.09,0,8,7.01,0.4,5.9,0.47,0,10,0.08,116,1 fl oz (no ice),31
Fruit Juice Drink Noncitrus Carbonated,Beverages,33,0.08,0,11,8.35,0.1,8.1,0.23,0,8,0.15,58,1 fl oz (no ice),31
Tamarind Drink,Beverages,107,0.14,0,9,27.72,1.2,22.28,0.64,0,19,0.65,144,NULL,NULL
Fruit Punch Made With Fruit Juice And Soda,Beverages,44,0.06,0,4,10.82,0.1,9.44,0.18,0,8,0.24,66,NULL,NULL
Fruit Punch Made With Soda Fruit Juice And Sherbet Or Ice Cream,Beverages,65,0.44,0,22,15.15,0.4,13,0.32,0,17,0.18,63,NULL,NULL
Lemonade Fruit Flavored Drink,Beverages,25,0.07,0,12,6.55,0,6.5,0,0,4,0.01,3,1 fl oz (no ice),31
Fruit Juice Beverage 40-50% Juice Citrus,Beverages,46,0.03,0,4,11.4,0.1,8.12,0.34,0,9,1.12,111,NULL,NULL
Frozen Daiquiri Mix From Frozen Concentrate Reconstituted,Beverages,66,0,0,3,16.37,0,5.61,0.02,0,3,0.01,5,1 fl oz,29
Pina Colada Nonalcoholic,Beverages,92,2.85,0,8,17.08,0.7,16.12,0.46,0,10,0.16,81,1 fl oz,30
Fruit Flavored Smoothie Drink Frozen No Dairy,Beverages,28,0,0,4,7.6,0,7.56,0,0,3,0,0,1 fl oz,30
Fruit Flavored Smoothie Drink Frozen Light No Dairy,Beverages,12,0.01,0,5,3.19,0,3.18,0,0,3,0,1,1 fl oz,30
Fruit Flavored Drink Powdered Reconstituted,Beverages,25,0.07,0,12,6.55,0,6.5,0,0,4,0.01,3,NULL,NULL
Fruit Flavored Drink With High Vitamin C Powdered Reconstituted,Beverages,41,0,0,5,10.45,0,9.75,0,0,43,0,20,1 fl oz (no ice),31
Fruit Juice Drink Diet,Beverages,1,0,0,5,0.47,0,0,0,0,9,0,4,1 fl oz (no ice),30
Grape Juice Drink Light,Beverages,21,0.05,0,4,5.17,0.1,4.97,0.13,0,6,0.09,36,1 fl oz (no ice),30
Fruit Flavored Drink With High Vitamin C Diet,Beverages,2,0,0,8,0.87,0,0,0,0,13,0,5,NULL,NULL
Fruit Flavored Drink Diet,Beverages,4,0,0,11,1.45,0,0,0.01,0,20,0,8,NULL,NULL
Fruit Flavored Drink With High Vitamin C Powdered Reconstituted Diet,Beverages,2,0,0,8,0.87,0,0,0,0,13,0,5,NULL,NULL
Fruit Flavored Drink Powdered Reconstituted Diet,Beverages,2,0,0,7,0.73,0,0,0,0,12,0,4,NULL,NULL
Fruit Juice Drink Reduced Sugar (Sunny D),Beverages,2,0,0,4,0.95,0,0,0,0,11,0,26,1 fl oz (no ice),31
Horchata Beverage Made With Water,Beverages,87,0.11,0,4,20.48,0.5,8.07,1.09,0,13,0.7,20,1 cup,248
Horchata Beverage Made With Milk,Beverages,90,0.61,2,10,19.71,0.4,9.6,1.4,0.2,29,0.58,38,1 cup,248
Oatmeal Beverage With Water,Beverages,43,0.12,0,4,10.64,0.2,9.36,0.25,0,4,0.08,7,1 fl oz,31
Oatmeal Beverage With Milk,Beverages,82,1.57,4,21,15.59,0.2,14.08,1.69,0.6,52,0.12,66,1 cup,248
Sugar Cane Beverage,Beverages,74,0,0,43,20.17,0,20.17,0,0,7,0.1,11,NULL,NULL
Cornmeal Beverage,Beverages,84,1.52,4,20,16.4,0.2,13.97,1.64,0.6,55,0.19,66,1 cup,248
Cornmeal Beverage With Chocolate Milk,Beverages,109,2.38,4,21,20.98,0.4,18.05,1.89,0.6,58,0.3,89,NULL,NULL
Shirley Temple,Beverages,56,0,0,9,14.17,0.1,12.55,0,0,4,0.17,4,NULL,NULL
Alcoholic Malt Beverage Higher Alcohol Sweetened,Beverages,88,0,0,5,8.86,0,8.6,0,0,4,0.03,24,1 fl oz,30
Cocktail Nfs,Beverages,89,0.19,0,3,7.8,0,7.48,0,0,1,0.02,4,NULL,NULL
Alexander,Beverages,235,3.47,11,23,19.08,0,15.7,1.05,0,35,0.05,55,NULL,NULL
Bacardi Cocktail,Beverages,123,0.08,0,77,16.11,0,16.11,0.08,0,2,0.09,22,NULL,NULL
Bloody Mary,Beverages,69,0.23,0,207,3.16,0.4,2.22,0.64,0,10,0.4,183,NULL,NULL
Canadian Club And Soda,Beverages,59,0,0,16,0,0,0,0,0,4,0.02,2,NULL,NULL
Cape Cod,Beverages,98,0.08,0,2,10.18,0,8.94,0,0,2,0.08,11,NULL,NULL
Gelatin Shot Alcoholic,Beverages,165,0,0,94,17.87,0,16.99,1.54,0,2,0.04,2,1 shot,42
Gimlet,Beverages,188,0.02,0,1,5.09,0.1,3.52,0.1,0,3,0.05,29,NULL,NULL
Gin And Tonic,Beverages,84,0,0,9,6.57,0,6.57,0,0,1,0.02,1,NULL,NULL
Grasshopper,Beverages,283,3.38,11,23,32.2,0,29.01,0.99,0,33,0.06,51,NULL,NULL
Greyhound,Beverages,83,0.08,0,3,5.97,0.6,5.42,0.44,0,11,0.09,98,1 fl oz,30
High Ball,Beverages,59,0,0,16,0,0,0,0,0,4,0.02,2,NULL,NULL
Jagerbomb,Beverages,125,0.08,0,30,18.07,0,18.07,0.34,0,4,0.06,2,1 fl oz,30
Kamikaze,Beverages,201,0.1,0,5,8.27,0.1,6.96,0.06,0,3,0.09,20,NULL,NULL
Manhattan,Beverages,222,0,0,2,1.82,0,1.03,0.03,0,1,0.07,14,NULL,NULL
Margarita,Beverages,122,0.08,0,205,16.06,0,16.06,0.08,0,2,0.09,22,NULL,NULL
Martini,Beverages,201,0,0,2,0.15,0,0.15,0.07,0,1,0.09,13,NULL,NULL
Martini Flavored,Beverages,189,0.03,0,1,6.67,0.1,5.15,0.09,0,3,0.05,27,1 fl oz,30
Mimosa,Beverages,65,0.06,0,3,7.14,0.2,4.74,0.38,0.2,33,0.2,126,NULL,NULL
Mint Julep,Beverages,186,0,0,4,5.76,0,5.75,0,0,0,0.03,1,NULL,NULL
Mojito,Beverages,61,0.02,0,15,2.46,0.2,1.82,0.09,0,7,0.11,20,NULL,NULL
Old Fashioned,Beverages,162,0.03,0,4,6.24,0.6,5.65,0.18,0,10,0.06,35,NULL,NULL
Orange Blossom,Beverages,99,0.09,0,2,10.27,0.2,7.94,0.5,0.3,42,0.11,132,1 fl oz,30
Rob Roy,Beverages,212,0,0,3,3.6,0,2.05,0.05,0,2,0.09,26,NULL,NULL
Rusty Nail,Beverages,268,0.08,0,2,10.95,0,10.95,0,0,0,0.05,1,NULL,NULL
Salty Dog,Beverages,82,0.08,0,257,5.93,0.6,5.38,0.43,0,11,0.09,97,NULL,NULL
Screwdriver,Beverages,93,0.09,0,2,8.62,0.2,6.26,0.51,0.3,42,0.11,134,NULL,NULL
Seabreeze,Beverages,90,0.08,0,2,8.07,0.3,7.18,0.22,0,6,0.09,54,NULL,NULL
Seven And Seven,Beverages,87,0.02,0,7,7.63,0,6.76,0.04,0,2,0.09,1,NULL,NULL
Tom Collins,Beverages,123,0.08,0,77,16.11,0,16.11,0.08,0,2,0.09,22,NULL,NULL
Whiskey Sour,Beverages,123,0.08,0,77,16.11,0,16.11,0.08,0,2,0.09,22,NULL,NULL
Whiskey And Soda,Beverages,59,0,0,16,0,0,0,0,0,4,0.02,2,NULL,NULL
Whiskey And Water,Beverages,59,0,0,3,0,0,0,0,0,2,0.01,1,1 fl oz,30
Whiskey And Cola,Beverages,89,0.19,0,3,7.8,0,7.48,0,0,1,0.02,4,1 fl oz,30
Whiskey And Diet Cola,Beverages,60,0.02,0,6,0.22,0,0,0.08,0,2,0.09,6,1 fl oz,30
Whiskey And Ginger Ale,Beverages,83,0,0,6,6.59,0,6.7,0,0,2,0.14,1,1 fl oz,30
Rum And Cola,Beverages,89,0.19,0,3,7.8,0,7.48,0,0,1,0.02,4,NULL,NULL
Rum And Diet Cola,Beverages,60,0.02,0,6,0.22,0,0,0.08,0,2,0.09,6,1 fl oz,30
Pina Colada,Beverages,151,2.13,0,6,19.5,0.1,17.58,0.36,0,8,0.21,90,NULL,NULL
Brandy And Cola,Beverages,89,0.19,0,3,7.8,0,7.48,0,0,1,0.02,4,1 fl oz,30
Vodka And Soda,Beverages,59,0,0,16,0,0,0,0,0,4,0.02,2,1 fl oz,30
Vodka And Lemonade,Beverages,93,0,0,5,9.02,0,8.71,0,0,1,0.01,8,1 fl oz,30
Vodka And Cola,Beverages,89,0.19,0,3,7.8,0,7.48,0,0,1,0.02,4,1 fl oz,30
Vodka And Diet Cola,Beverages,60,0.02,0,6,0.22,0,0,0.08,0,2,0.09,6,1 fl oz,30
Vodka And Energy Drink,Beverages,90,0,0,30,7.7,0,7.69,0.35,0,5,0.06,3,1 fl oz,30
Vodka And Water,Beverages,59,0,0,3,0,0,0,0,0,2,0.01,1,1 fl oz,30
Vodka And Tonic,Beverages,84,0,0,9,6.57,0,6.57,0,0,1,0.02,1,1 fl oz,30
Sloe Gin Fizz,Beverages,66,0,0,16,2.23,0,1.95,0.03,0,4,0.02,9,NULL,NULL
Black Russian,Beverages,279,0.14,0,4,21.21,0,17.36,0.04,0,0,0.05,15,NULL,NULL
White Russian,Beverages,176,7.14,24,43,11.46,0,9.56,2.15,0,73,0.05,96,NULL,NULL
Fruit Punch Alcoholic,Beverages,90,0.04,0,4,8.14,0.1,7.11,0.14,0,6,0.19,50,NULL,NULL
Champagne Punch,Beverages,128,0.07,0,4,12.23,0.1,10.23,0.16,0,8,0.25,83,1 fl oz,30
Singapore Sling,Beverages,98,0.04,0,15,7.8,0.2,6.7,0.12,0,5,0.04,31,NULL,NULL
Stinger,Beverages,271,0.09,0,2,11.89,0,11.89,0,0,0,0.05,1,NULL,NULL
Mai Tai,Beverages,156,0.08,0,5,17.17,0.1,13.5,0.18,0,7,0.18,69,NULL,NULL
Gin Rickey,Beverages,60,0.02,0,16,0.47,0,0.1,0.02,0,4,0.03,7,NULL,NULL
Golden Cadillac,Beverages,304,12.7,44,65,21.56,0,21.2,2.14,0.3,31,0.1,50,NULL,NULL
Long Island Iced Tea,Beverages,107,0.15,0,16,8.66,0,8.43,0.01,0,1,0.04,7,NULL,NULL
Fuzzy Navel,Beverages,132,0.17,0,3,19.3,0.2,16.98,0.5,0.3,42,0.11,132,NULL,NULL
Irish Coffee,Beverages,88,2.41,7,3,2.03,0,2.04,0.27,0.1,6,0.02,39,1 fl oz,30
Frozen Daiquiri,Beverages,127,0.07,0,76,17.66,0,17.65,0.07,0,1,0.11,21,1 fl oz,30
Frozen Margarita,Beverages,122,0.08,0,205,16.06,0,16.06,0.08,0,2,0.09,22,1 fl oz,30
Eggnog Alcoholic,Beverages,113,3.45,49,45,6.62,0,6.62,3.74,1,107,0.17,136,1 fl oz,30
Gin Fizz,Beverages,66,0,0,16,2.23,0,1.95,0.03,0,4,0.02,9,NULL,NULL
Rum Hot Buttered,Beverages,159,4.42,11,4,4.95,0.1,4.62,0.08,0,8,0.07,11,1 fl oz,30
Zombie,Beverages,96,0.04,0,5,9.26,0.1,7.17,0.15,0,9,0.09,61,NULL,NULL
Sangria Red,Beverages,96,0.04,0,10,8.27,0,7.16,0.04,0,6,0.25,68,1 fl oz,30
Sangria White,Beverages,94,0.04,0,11,8.26,0,7.33,0.04,0,6,0.15,39,1 fl oz,30
Wine Spritzer,Beverages,49,0,0,11,1.62,0,0.47,0.04,0,7,0.22,60,NULL,NULL
Glug,Beverages,97,0.14,0,4,6.43,0.1,4.35,0.1,0,9,0.47,124,NULL,NULL
Nutritional Drink Or Shake Ready-To-Drink (Carnation Instant Breakfast),Beverages,91,1.96,8,89,12.93,0.1,13.08,5.46,1.1,141,1.71,247,1 cup,248
Nutritional Drink Or Shake Ready-To-Drink (Kellogg's Special K Protein),Beverages,64,1.6,4,73,9.2,1.7,5.95,3.2,1.1,113,0.5,168,1 fl oz,32
Nutritional Drink Or Shake Ready-To-Drink (Muscle Milk),Beverages,49,2.01,2,95,2.06,0.2,0.78,5.87,0.7,69,1.3,198,1 cup,256
Nutritional Drink Or Shake Ready-To-Drink Light (Muscle Milk),Beverages,38,1.15,1,27,2.1,0.2,0.38,4.78,0.7,117,1.15,80,1 cup,256
Nutritional Drink Or Shake High Protein Ready-To-Drink (Slim Fast),Beverages,58,2.88,4,72,0.85,0.4,0.6,6.59,1.1,130,0.96,179,1 cup,248
Nutritional Drink Or Shake High Protein Ready-To-Drink Nfs,Beverages,58,2.88,4,72,0.85,0.4,0.6,6.59,1.1,130,0.96,179,1 cup,256
Nutritional Powder Mix (Kellogg's Special K20 Protein Water),Baby Foods,380,0.6,4,280,58.4,37.5,2,35.2,0,115,2,490,1 packet,14
Fluid Replacement 5% Glucose In Water,Beverages,18,0,0,4,5,0,4.64,0,0,3,0,0,1 cup,240
Cheese As Ingredient In Sandwiches,NULL,359,28.73,90,1064,4.57,0,2.4,20.65,1.8,959,0.47,151,NULL,NULL
Breading Or Batter As Ingredient In Food,NULL,201,1.39,19,246,39.64,1.6,0.68,6.32,0.1,47,2.57,71,NULL,NULL
Wheat Bread As Ingredient In Sandwiches,NULL,263,3.96,0,464,45.29,5.4,5.18,11.45,0,161,3.12,190,NULL,NULL
Sauce As Ingredient In Hamburgers,NULL,271,22.85,13,845,17.19,0.6,13.02,1.29,0.1,18,0.43,190,NULL,NULL
Industrial Oil As Ingredient In Food,NULL,892,100,0,0,0,0,0,0,0,0,0.04,0,NULL,NULL
